well_id,family,coefficient_0,coefficient_1,coefficient_2,rmse,sse,candidate_index,winner
000d7d20,last_known_tvt,0,0,0,7.45444210284,213161.5603,0,False
000d7d20,e004_geometry_prefix,0,0,0,8.54253515618,279931.742847,0,False
000d7d20,align_visible_path,0,0,0,8.54253515618,279931.742847,0,False
000d7d20,pf_gr_path,0,0,0,10.5064032181,423434.974919,0,False
000d7d20,trellis_gr_path,0,0,0,8.85166131049,300557.918918,0,False
000d7d20,e006_nested_fusion,0,0,0,9.10417342968,317950.595642,0,False
000d7d20,wide64_anchor,0,0,0,8.31031925336,264919.553772,0,False
000d7d20,e006_affine,-5,-10,0,3.30364998231,41866.4998967,274,False
000d7d20,e006_quadratic,-5,-10,0,3.30364998231,41866.4998967,5907,False
000d7d20,wide64_quadratic,-5,-10,0,2.66075656957,27157.4435043,5907,False
000d7d20,pf_quadratic,-10,-10,0,2.46059952396,23225.2538663,5351,True
000d7d20,trellis_quadratic,-5,-10,0,3.3551400695,43181.7173027,5907,False
000d7d20,e006_hinge_025,-5,-10,0,3.30364998231,41866.4998967,6437,False
000d7d20,e006_hinge_050,-5,-10,0,3.30364998231,41866.4998967,6601,False
000d7d20,e006_hinge_075,-5,-10,20,3.09461946681,36736.1047557,6731,False
000d7d20,e006_jump_025,-5,-10,0,3.30364998231,41866.4998967,5097,False
000d7d20,e006_jump_050,-5,-10,0,3.30364998231,41866.4998967,5405,False
000d7d20,e006_jump_075,-5,-10,0,3.30364998231,41866.4998967,5091,False
000d7d20,dtw_derivative,0,0,0,51.1982900138,10055172.1577,0,False
00bbac68,last_known_tvt,0,0,0,15.2630522886,1401026.0417,0,False
00bbac68,e004_geometry_prefix,0,0,0,16.7626818602,1689858.84391,0,False
00bbac68,align_visible_path,0,0,0,16.7626818602,1689858.84391,0,False
00bbac68,pf_gr_path,0,0,0,24.8267922606,3706846.85829,0,False
00bbac68,trellis_gr_path,0,0,0,17.3000959484,1799950.02541,0,False
00bbac68,e006_nested_fusion,0,0,0,18.9928380048,2169417.56339,0,False
00bbac68,wide64_anchor,0,0,0,18.4140355114,2039207.29675,0,False
00bbac68,e006_affine,-10,-20,0,10.4089398968,651593.023073,248,False
00bbac68,e006_quadratic,-10,-20,-20,9.1965978697,508648.558035,5324,False
00bbac68,wide64_quadratic,-10,-20,-20,9.28881493197,518900.446202,5324,False
00bbac68,pf_quadratic,-20,-20,-20,9.52663211069,545810.910306,4222,False
00bbac68,trellis_quadratic,-5,-20,-20,9.67487632217,562929.836341,5880,False
00bbac68,e006_hinge_025,-10,30,-120,8.77605217505,463192.81796,5911,False
00bbac68,e006_hinge_050,-10,0,-90,8.42229028838,426602.931843,5995,False
00bbac68,e006_hinge_075,-10,-20,-20,10.353672066,644691.930854,6077,False
00bbac68,e006_jump_025,-10,-30,10,8.46880387584,431327.923472,4585,False
00bbac68,e006_jump_050,-10,-10,-10,10.2428701341,630967.160944,4869,False
00bbac68,e006_jump_075,-10,-10,-10,8.10377183136,394946.103019,4613,True
00bbac68,dtw_derivative,0,0,0,16.7505268635,1687409.02333,0,False
00e12e8b,last_known_tvt,0,0,0,7.92458894232,270098.9717,0,False
00e12e8b,e004_geometry_prefix,0,0,0,9.77454462873,410924.949328,0,False
00e12e8b,align_visible_path,0,0,0,17.7769960151,1359208.84706,0,False
00e12e8b,pf_gr_path,0,0,0,8.62726313498,320122.00723,0,False
00e12e8b,trellis_gr_path,0,0,0,9.92752313877,423888.1331,0,False
00e12e8b,e006_nested_fusion,0,0,0,9.29048363512,371232.583636,0,False
00e12e8b,wide64_anchor,0,0,0,7.62660412432,250168.054108,0,False
00e12e8b,e006_affine,-5,-10,0,6.2784612909,169541.446656,274,False
00e12e8b,e006_quadratic,-5,-10,10,5.5736934486,133615.118292,5908,False
00e12e8b,wide64_quadratic,0,-10,10,5.60564572763,135151.458566,6466,False
00e12e8b,pf_quadratic,-5,-10,10,5.65927361754,137749.752254,5908,False
00e12e8b,trellis_quadratic,-10,0,10,6.01216543707,155464.519077,5377,False
00e12e8b,e006_hinge_025,-5,-20,30,6.04253272013,157038.979399,6415,False
00e12e8b,e006_hinge_050,-5,-20,50,4.86200510577,101671.741782,6581,True
00e12e8b,e006_hinge_075,-5,-10,40,5.5857109685,134191.918369,6733,False
00e12e8b,e006_jump_025,-5,0,-10,5.5564157979,132788.026789,5118,False
00e12e8b,e006_jump_050,-5,-10,0,6.2784612909,169541.446656,5405,False
00e12e8b,e006_jump_075,-5,-20,10,6.22220103756,166516.594518,5070,False
00e12e8b,dtw_derivative,0,0,0,20.7088942583,1844519.55432,0,False
015fe0d2,last_known_tvt,0,0,0,23.1548896733,2303295.7422,0,False
015fe0d2,e004_geometry_prefix,0,0,0,19.9749622006,1714100.19768,0,False
015fe0d2,align_visible_path,0,0,0,13.4131865643,772908.71308,0,False
015fe0d2,pf_gr_path,0,0,0,13.5484160929,788571.949775,0,False
015fe0d2,trellis_gr_path,0,0,0,17.2863771207,1283725.71069,0,False
015fe0d2,e006_nested_fusion,0,0,0,16.7352140771,1203169.50833,0,False
015fe0d2,wide64_anchor,0,0,0,16.4664952745,1164840.92462,0,False
015fe0d2,e006_affine,10,20,0,8.45004292074,306748.256157,352,False
015fe0d2,e006_quadratic,10,20,-20,6.66973265023,191108.993255,7652,False
015fe0d2,wide64_quadratic,10,20,-20,6.57919545355,185955.851858,7652,False
015fe0d2,pf_quadratic,5,20,-20,6.68106822796,191759.145776,7096,False
015fe0d2,trellis_quadratic,15,10,-10,6.09247297726,159459.9031,8181,False
015fe0d2,e006_hinge_025,10,20,-10,7.97331075348,273112.54806,8355,False
015fe0d2,e006_hinge_050,10,40,-90,5.76521886312,142789.367727,8585,False
015fe0d2,e006_hinge_075,10,20,-90,5.77344755672,143197.264981,8670,False
015fe0d2,e006_jump_025,10,0,10,7.20983560719,223313.509858,6529,False
015fe0d2,e006_jump_050,10,0,10,7.17245809608,221004.090482,7054,False
015fe0d2,e006_jump_075,10,30,-10,5.49722222614,129822.766667,6606,True
015fe0d2,dtw_derivative,0,0,0,55.9471557753,13446841.8922,0,False
01869cd4,last_known_tvt,0,0,0,10.6185930234,626576.8554,0,False
01869cd4,e004_geometry_prefix,0,0,0,10.0475213697,560994.074289,0,False
01869cd4,align_visible_path,0,0,0,12.1825152149,824734.802868,0,False
01869cd4,pf_gr_path,0,0,0,9.50160177482,501688.384448,0,False
01869cd4,trellis_gr_path,0,0,0,8.64472206304,415281.387024,0,False
01869cd4,e006_nested_fusion,0,0,0,10.2396329853,582651.91497,0,False
01869cd4,wide64_anchor,0,0,0,11.0536197982,678968.211638,0,False
01869cd4,e006_affine,-5,10,0,6.93405417054,267186.712933,276,False
01869cd4,e006_quadratic,-5,10,-10,6.08768723882,205942.063895,5956,False
01869cd4,wide64_quadratic,-5,10,-10,6.19307254483,213133.997911,5956,False
01869cd4,pf_quadratic,0,10,-10,6.21463685753,214620.849533,6514,False
01869cd4,trellis_quadratic,-5,10,-10,6.20515555542,213966.48053,5956,False
01869cd4,e006_hinge_025,-5,20,-20,6.82884424551,259140.212994,6510,False
01869cd4,e006_hinge_050,-5,20,-40,5.81763820864,188076.188913,6672,True
01869cd4,e006_hinge_075,-5,20,-90,6.40560742526,228013.748646,6795,False
01869cd4,e006_jump_025,-5,0,10,5.96522396232,197739.715188,5120,False
01869cd4,e006_jump_050,-5,10,0,6.93405417054,267186.712933,5455,False
01869cd4,e006_jump_075,-5,20,-10,6.89709948614,264346.386205,5156,False
01869cd4,dtw_derivative,0,0,0,45.8238928427,11668750.6158,0,False
01982c1d,last_known_tvt,0,0,0,6.33452473981,158137.3687,0,False
01982c1d,e004_geometry_prefix,0,0,0,6.97459578827,191709.891441,0,False
01982c1d,align_visible_path,0,0,0,6.97459578827,191709.891441,0,False
01982c1d,pf_gr_path,0,0,0,7.53874973387,223977.858094,0,False
01982c1d,trellis_gr_path,0,0,0,6.91240417498,188306.227356,0,False
01982c1d,e006_nested_fusion,0,0,0,7.47623412786,220278.556411,0,False
01982c1d,wide64_anchor,0,0,0,10.3605485881,423030.751129,0,False
01982c1d,e006_affine,-5,0,0,5.66170762644,126328.491928,275,False
01982c1d,e006_quadratic,-5,0,10,5.17227348777,105431.25976,5933,False
01982c1d,wide64_quadratic,-10,0,10,5.33740261548,112270.682585,5377,False
01982c1d,pf_quadratic,-5,0,10,5.16332643476,105066.823035,5933,False
01982c1d,trellis_quadratic,-5,0,10,5.2339029564,107958.729959,5933,False
01982c1d,e006_hinge_025,-5,-30,60,4.48808794678,79383.3006005,6393,True
01982c1d,e006_hinge_050,-5,-10,30,4.5865307654,82903.9182446,6604,False
01982c1d,e006_hinge_075,-5,0,-20,5.5594581324,121806.751995,6752,False
01982c1d,e006_jump_025,-5,10,-10,4.85973982311,93074.8773956,5140,False
01982c1d,e006_jump_050,-5,0,0,5.66170762644,126328.491928,5430,False
01982c1d,e006_jump_075,-5,-10,10,5.0429707558,100225.754487,5092,False
01982c1d,dtw_derivative,0,0,0,26.3289897609,2731963.08091,0,False
028d7b28,last_known_tvt,0,0,0,7.39360510542,340784.0815,0,False
028d7b28,e004_geometry_prefix,0,0,0,12.1399734504,918760.407824,0,False
028d7b28,align_visible_path,0,0,0,12.1399734504,918760.407824,0,False
028d7b28,pf_gr_path,0,0,0,12.3699598338,953901.159818,0,False
028d7b28,trellis_gr_path,0,0,0,12.2743481905,939212.092906,0,False
028d7b28,e006_nested_fusion,0,0,0,12.1365223003,918238.111883,0,False
028d7b28,wide64_anchor,0,0,0,15.3226515217,1463641.27195,0,False
028d7b28,e006_affine,-10,0,0,7.05513311866,310296.747309,250,False
028d7b28,e006_quadratic,-10,0,20,5.62548585003,197281.731599,5378,False
028d7b28,wide64_quadratic,-15,0,20,5.79518110535,209363.429289,4825,False
028d7b28,pf_quadratic,-10,0,20,5.71381537286,203525.675242,5378,False
028d7b28,trellis_quadratic,-10,0,20,5.61677432503,196671.190903,5378,False
028d7b28,e006_hinge_025,-10,-40,100,5.14852302706,165246.441872,5758,False
028d7b28,e006_hinge_050,-10,-20,80,4.76317142146,141435.757607,5962,True
028d7b28,e006_hinge_075,-10,0,30,6.86566646796,293854.402291,6132,False
028d7b28,e006_jump_025,-10,10,-10,4.79394068731,143268.960832,4671,False
028d7b28,e006_jump_050,-10,-10,10,6.43011113239,257753.016076,4871,False
028d7b28,e006_jump_075,-10,-10,10,6.30070290647,247482.675259,4615,False
028d7b28,dtw_derivative,0,0,0,27.4822215582,4708368.77607,0,False
02e7fe5a,last_known_tvt,0,0,0,8.41442971726,361659.8211,0,False
02e7fe5a,e004_geometry_prefix,0,0,0,6.78331652079,235036.360472,0,False
02e7fe5a,align_visible_path,0,0,0,25.0653856908,3209221.3436,0,False
02e7fe5a,pf_gr_path,0,0,0,9.44784876271,455949.510609,0,False
02e7fe5a,trellis_gr_path,0,0,0,6.80147959848,236296.717114,0,False
02e7fe5a,e006_nested_fusion,0,0,0,7.857680126,315383.943605,0,False
02e7fe5a,wide64_anchor,0,0,0,8.20302767062,343715.598425,0,False
02e7fe5a,e006_affine,5,0,0,5.1315280578,134506.819703,325,False
02e7fe5a,e006_quadratic,5,0,10,5.10621637886,133183.160675,7049,False
02e7fe5a,wide64_quadratic,5,0,10,5.21455557036,138894.64068,7049,False
02e7fe5a,pf_quadratic,10,0,10,5.38776382865,148275.019267,7605,False
02e7fe5a,trellis_quadratic,5,0,10,4.75685106972,115581.944764,7049,False
02e7fe5a,e006_hinge_025,5,0,0,5.1315280578,134506.819703,7692,False
02e7fe5a,e006_hinge_050,5,0,0,5.1315280578,134506.819703,7872,False
02e7fe5a,e006_hinge_075,5,-10,100,4.2267724313,91257.5112902,7989,True
02e7fe5a,e006_jump_025,5,0,0,5.1315280578,134506.819703,6059,False
02e7fe5a,e006_jump_050,5,0,0,5.1315280578,134506.819703,6518,False
02e7fe5a,e006_jump_075,5,0,0,5.1315280578,134506.819703,6065,False
02e7fe5a,dtw_derivative,0,0,0,13.4683741925,926576.404109,0,False
0390d174,last_known_tvt,0,0,0,8.5174172174,320002.153,0,False
0390d174,e004_geometry_prefix,0,0,0,12.218531821,658529.305107,0,False
0390d174,align_visible_path,0,0,0,8.31267738523,304802.770026,0,False
0390d174,pf_gr_path,0,0,0,14.1167406969,879034.524817,0,False
0390d174,trellis_gr_path,0,0,0,12.2325685717,660043.222059,0,False
0390d174,e006_nested_fusion,0,0,0,13.3560587433,786853.17004,0,False
0390d174,wide64_anchor,0,0,0,13.4624970735,799444.467905,0,False
0390d174,e006_affine,-10,0,0,8.25722871871,300750.034985,250,False
0390d174,e006_quadratic,-10,0,-10,8.14593062454,292697.135298,5375,False
0390d174,wide64_quadratic,-10,0,-10,8.1554924545,293384.684201,5375,False
0390d174,pf_quadratic,-10,0,-10,8.25787593066,300797.183163,5375,False
0390d174,trellis_quadratic,-10,0,0,8.91109119898,350266.686979,5376,False
0390d174,e006_hinge_025,-10,-20,50,8.20529799479,296979.022874,5803,False
0390d174,e006_hinge_050,-10,10,-30,8.19330441334,296111.476332,6026,False
0390d174,e006_hinge_075,-10,10,-110,6.69561579718,197750.735955,6143,False
0390d174,e006_jump_025,-10,0,0,8.25722871871,300750.034985,4650,False
0390d174,e006_jump_050,-10,-30,20,6.16947133954,167893.143224,4822,True
0390d174,e006_jump_075,-10,10,-10,7.02258185584,217535.769272,4657,False
0390d174,dtw_derivative,0,0,0,14.7660719738,961760.684457,0,False
03a935ae,last_known_tvt,0,0,0,35.0544862131,3423484.1722,0,False
03a935ae,e004_geometry_prefix,0,0,0,38.7384036307,4180849.66956,0,False
03a935ae,align_visible_path,0,0,0,38.7384036307,4180849.66956,0,False
03a935ae,pf_gr_path,0,0,0,45.7143002169,5822175.12267,0,False
03a935ae,trellis_gr_path,0,0,0,41.2086624735,4731056.66192,0,False
03a935ae,e006_nested_fusion,0,0,0,41.3133399112,4755122.66417,0,False
03a935ae,wide64_anchor,0,0,0,44.1749198391,5436665.99022,0,False
03a935ae,e006_affine,-40,-30,0,5.55463432738,85959.1395555,97,False
03a935ae,e006_quadratic,-40,-30,0,5.55463432738,85959.1395555,2079,False
03a935ae,wide64_quadratic,-40,-30,0,5.03416445359,70605.0735238,2079,False
03a935ae,pf_quadratic,-40,-30,0,5.3396616772,79434.3953,2079,False
03a935ae,trellis_quadratic,-35,-30,0,6.31323812921,111041.534234,2595,False
03a935ae,e006_hinge_025,-40,-40,30,5.47039074426,83371.5372573,2228,False
03a935ae,e006_hinge_050,-40,-30,10,5.52260975426,84970.8227351,2309,False
03a935ae,e006_hinge_075,-40,-30,40,4.88262471194,66418.3070802,2359,True
03a935ae,e006_jump_025,-40,-30,0,5.55463432738,85959.1395555,1823,False
03a935ae,e006_jump_050,-40,-30,0,5.55463432738,85959.1395555,1836,False
03a935ae,e006_jump_075,-40,-30,0,5.55463432738,85959.1395555,1792,False
03a935ae,dtw_derivative,0,0,0,8.08500254323,182113.203421,0,False
044af7d1,last_known_tvt,0,0,0,9.86813651386,440060.7544,0,False
044af7d1,e004_geometry_prefix,0,0,0,5.9033209365,157483.526121,0,False
044af7d1,align_visible_path,0,0,0,12.251941988,678347.462713,0,False
044af7d1,pf_gr_path,0,0,0,6.59326376647,196446.023339,0,False
044af7d1,trellis_gr_path,0,0,0,9.21759468422,383952.549915,0,False
044af7d1,e006_nested_fusion,0,0,0,6.15953792603,171450.441822,0,False
044af7d1,wide64_anchor,0,0,0,5.87534755353,155994.564405,0,False
044af7d1,e006_affine,0,0,0,6.15953792603,171450.441822,300,False
044af7d1,e006_quadratic,0,0,10,5.10554819205,117795.06636,6491,False
044af7d1,wide64_quadratic,0,0,10,4.75882587977,102339.188944,6491,False
044af7d1,pf_quadratic,-5,0,10,5.26970130712,125491.508683,5933,False
044af7d1,trellis_quadratic,0,0,20,6.7017005205,202960.897407,6492,False
044af7d1,e006_hinge_025,0,-10,30,5.4609781684,134766.894869,7055,False
044af7d1,e006_hinge_050,0,-10,50,4.29871335366,83506.3140295,7229,True
044af7d1,e006_hinge_075,0,0,50,5.3795556294,130778.137221,7384,False
044af7d1,e006_jump_025,0,10,-10,5.52435435644,137913.06108,5610,False
044af7d1,e006_jump_050,0,0,0,6.15953792603,171450.441822,5974,False
044af7d1,e006_jump_075,0,-10,10,4.79828022252,104043.165291,5568,False
044af7d1,dtw_derivative,0,0,0,51.5585390758,12012780.6584,0,False
0498acab,last_known_tvt,0,0,0,5.99613904537,172505.7732,0,False
0498acab,e004_geometry_prefix,0,0,0,6.31633560687,191421.466202,0,False
0498acab,align_visible_path,0,0,0,14.5221357574,1011861.86454,0,False
0498acab,pf_gr_path,0,0,0,6.08360961167,177575.447743,0,False
0498acab,trellis_gr_path,0,0,0,6.10726302061,178958.978371,0,False
0498acab,e006_nested_fusion,0,0,0,6.34557810697,193198.002533,0,False
0498acab,wide64_anchor,0,0,0,8.6179400501,356342.137613,0,False
0498acab,e006_affine,-5,0,0,5.40457794676,140147.002431,275,False
0498acab,e006_quadratic,-5,0,-10,5.22899033058,131188.546731,5931,False
0498acab,wide64_quadratic,-5,0,-10,5.37053519771,138387.026591,5931,False
0498acab,pf_quadratic,-5,0,-10,5.41444992428,140659.45378,5931,False
0498acab,trellis_quadratic,0,0,-10,5.99343962875,172350.486563,6489,False
0498acab,e006_hinge_025,-5,10,-30,4.61268370809,102086.331054,6484,True
0498acab,e006_hinge_050,-5,0,-10,4.94776089493,117456.661117,6625,False
0498acab,e006_hinge_075,-5,0,-40,4.75637630111,108545.708254,6750,False
0498acab,e006_jump_025,-5,0,0,5.40457794676,140147.002431,5119,False
0498acab,e006_jump_050,-5,10,-10,5.29981510693,134766.416724,5454,False
0498acab,e006_jump_075,-5,0,0,5.40457794676,140147.002431,5113,False
0498acab,dtw_derivative,0,0,0,6.29323094938,190023.618243,0,False
052d64df,last_known_tvt,0,0,0,7.39627170491,133753.3219,0,False
052d64df,e004_geometry_prefix,0,0,0,7.76056829766,147253.59764,0,False
052d64df,align_visible_path,0,0,0,24.3799194823,1453260.25884,0,False
052d64df,pf_gr_path,0,0,0,14.2630615311,497398.389765,0,False
052d64df,trellis_gr_path,0,0,0,7.91927293517,153337.890944,0,False
052d64df,e006_nested_fusion,0,0,0,9.96817464011,242946.216328,0,False
052d64df,wide64_anchor,0,0,0,8.89844524299,193600.79133,0,False
052d64df,e006_affine,5,10,0,6.61679059776,107046.789057,326,False
052d64df,e006_quadratic,5,10,20,4.21250862526,43387.0847043,7075,False
052d64df,wide64_quadratic,5,10,20,3.79733833847,35256.358327,7075,False
052d64df,pf_quadratic,10,10,20,4.21887514266,43518.3287625,7631,False
052d64df,trellis_quadratic,0,10,20,4.37297925211,46755.6067337,6517,False
052d64df,e006_hinge_025,5,-30,90,5.34977819181,69976.2097854,7626,False
052d64df,e006_hinge_050,5,-10,70,3.21107061311,25210.3326094,7854,True
052d64df,e006_hinge_075,5,0,90,4.6691964803,53304.4126617,8013,False
052d64df,e006_jump_025,5,20,-10,4.31304809846,45482.8286345,6102,False
052d64df,e006_jump_050,5,10,0,6.61679059776,107046.789057,6543,False
052d64df,e006_jump_075,5,0,10,3.76246204007,34611.7148742,6066,False
052d64df,dtw_derivative,0,0,0,31.5147178409,2428318.84225,0,False
05948241,last_known_tvt,0,0,0,4.99576998951,96810.9873,0,False
05948241,e004_geometry_prefix,0,0,0,3.90992352891,59300.2202655,0,True
05948241,align_visible_path,0,0,0,21.0960011011,1726315.05707,0,False
05948241,pf_gr_path,0,0,0,4.58290540758,81470.7222403,0,False
05948241,trellis_gr_path,0,0,0,4.24498457118,69899.1688631,0,False
05948241,e006_nested_fusion,0,0,0,4.1939119329,68227.3326302,0,False
05948241,wide64_anchor,0,0,0,4.86460827874,91794.2607638,0,False
05948241,e006_affine,0,0,0,4.1939119329,68227.3326302,300,False
05948241,e006_quadratic,0,0,0,4.1939119329,68227.3326302,6490,False
05948241,wide64_quadratic,-5,0,0,4.5179007229,79175.9251079,5932,False
05948241,pf_quadratic,0,0,0,4.58290540758,81470.7222403,6490,False
05948241,trellis_quadratic,0,0,0,4.24498457118,69899.1688631,6490,False
05948241,e006_hinge_025,0,-10,30,3.91472384639,59445.918576,7055,False
05948241,e006_hinge_050,0,0,10,4.02323956873,62787.2652576,7250,False
05948241,e006_hinge_075,0,0,0,4.1939119329,68227.3326302,7379,False
05948241,e006_jump_025,0,0,0,4.1939119329,68227.3326302,5589,False
05948241,e006_jump_050,0,0,0,4.1939119329,68227.3326302,5974,False
05948241,e006_jump_075,0,0,0,4.1939119329,68227.3326302,5589,False
05948241,dtw_derivative,0,0,0,35.830880832,4980061.99022,0,False
059c8f24,last_known_tvt,0,0,0,10.9121747291,745174.8377,0,False
059c8f24,e004_geometry_prefix,0,0,0,8.23365381757,424248.939364,0,False
059c8f24,align_visible_path,0,0,0,19.628819644,2411148.32833,0,False
059c8f24,pf_gr_path,0,0,0,7.98222466444,398734.168495,0,False
059c8f24,trellis_gr_path,0,0,0,7.18439440461,323009.94269,0,False
059c8f24,e006_nested_fusion,0,0,0,8.77016734365,481339.296905,0,False
059c8f24,wide64_anchor,0,0,0,10.1133954306,640073.040738,0,False
059c8f24,e006_affine,5,10,0,6.32999760479,250750.986437,326,False
059c8f24,e006_quadratic,5,10,-10,6.0176948437,226618.771409,7072,False
059c8f24,wide64_quadratic,-5,10,-10,5.51276121758,190183.975803,5956,True
059c8f24,pf_quadratic,0,10,-10,5.76483942946,207974.452286,6514,False
059c8f24,trellis_quadratic,0,0,0,7.18439440461,323009.94269,6490,False
059c8f24,e006_hinge_025,5,20,-20,6.24399530996,243983.633762,7740,False
059c8f24,e006_hinge_050,5,20,-40,5.56865531772,194060.092174,7918,False
059c8f24,e006_hinge_075,5,10,-10,6.3051105699,248783.155971,8028,False
059c8f24,e006_jump_025,5,0,10,5.94366812884,221077.560187,6060,False
059c8f24,e006_jump_050,5,10,0,6.32999760479,250750.986437,6543,False
059c8f24,e006_jump_075,5,20,-10,5.77590988396,208773.982753,6108,False
059c8f24,dtw_derivative,0,0,0,81.560884073,41629328.7398,0,False
05a0ee4d,last_known_tvt,0,0,0,18.3447069565,1463224.9324,0,False
05a0ee4d,e004_geometry_prefix,0,0,0,16.2839453003,1152945.57052,0,False
05a0ee4d,align_visible_path,0,0,0,12.5516846672,685004.738157,0,False
05a0ee4d,pf_gr_path,0,0,0,13.5103654111,793640.324956,0,False
05a0ee4d,trellis_gr_path,0,0,0,15.3933698532,1030283.97248,0,False
05a0ee4d,e006_nested_fusion,0,0,0,14.7853697936,950503.93139,0,False
05a0ee4d,wide64_anchor,0,0,0,17.0643128481,1266097.4809,0,False
05a0ee4d,e006_affine,-10,-20,0,8.08583355305,284275.302069,248,False
05a0ee4d,e006_quadratic,-10,-20,-10,7.74001236698,260479.077186,5325,False
05a0ee4d,wide64_quadratic,-10,-20,-10,7.52559575449,246247.203668,5325,False
05a0ee4d,pf_quadratic,-5,-20,-10,7.37652756974,236588.415276,5881,False
05a0ee4d,trellis_quadratic,-10,-20,0,8.0308617247,280423.129699,5326,False
05a0ee4d,e006_hinge_025,-10,0,-40,7.45293885982,241515.302174,5844,False
05a0ee4d,e006_hinge_050,-10,-10,-30,7.28857603089,230980.284746,5976,True
05a0ee4d,e006_hinge_075,-10,-20,30,7.90464048226,271677.567337,6082,False
05a0ee4d,e006_jump_025,-10,-30,10,7.33764461518,234100.791912,4585,False
05a0ee4d,e006_jump_050,-10,0,-10,7.76013399364,261835.166898,4894,False
05a0ee4d,e006_jump_075,-10,-10,-10,7.76574959445,262214.256689,4613,False
05a0ee4d,dtw_derivative,0,0,0,17.4865589279,1329530.32317,0,False
060ab2b8,last_known_tvt,0,0,0,9.04831219683,512354.6857,0,False
060ab2b8,e004_geometry_prefix,0,0,0,8.45440360791,447302.692807,0,False
060ab2b8,align_visible_path,0,0,0,18.5909595111,2162913.58735,0,False
060ab2b8,pf_gr_path,0,0,0,12.9230059708,1045111.55342,0,False
060ab2b8,trellis_gr_path,0,0,0,10.756538038,724070.065903,0,False
060ab2b8,e006_nested_fusion,0,0,0,9.77220952888,597614.46286,0,False
060ab2b8,wide64_anchor,0,0,0,6.26229125856,245415.554128,0,False
060ab2b8,e006_affine,10,0,0,6.50151943518,264524.126578,350,False
060ab2b8,e006_quadratic,10,0,10,6.19044873464,239816.920346,7605,False
060ab2b8,wide64_quadratic,0,0,10,5.93870292044,220708.347897,6491,False
060ab2b8,pf_quadratic,10,10,10,6.16970749886,238212.588709,7630,False
060ab2b8,trellis_quadratic,10,0,0,7.02793626987,309094.436439,7604,False
060ab2b8,e006_hinge_025,10,0,10,6.12335479057,234646.675611,8307,False
060ab2b8,e006_hinge_050,10,0,20,5.99533599553,224937.88805,8496,False
060ab2b8,e006_hinge_075,10,0,60,5.00696238162,156886.009197,8635,True
060ab2b8,e006_jump_025,10,0,0,6.50151943518,264524.126578,6528,False
060ab2b8,e006_jump_050,10,20,-10,5.80425533765,210828.140194,7102,False
060ab2b8,e006_jump_075,10,-10,10,5.67773019454,201736.768973,6521,False
060ab2b8,dtw_derivative,0,0,0,54.2306451662,18404545.6726,0,False
06df5958,last_known_tvt,0,0,0,3.08848600855,33471.4591,0,False
06df5958,e004_geometry_prefix,0,0,0,4.3604779615,66719.3120969,0,False
06df5958,align_visible_path,0,0,0,4.3604779615,66719.3120969,0,False
06df5958,pf_gr_path,0,0,0,4.95226424598,86057.9483575,0,False
06df5958,trellis_gr_path,0,0,0,5.82815467381,119191.560639,0,False
06df5958,e006_nested_fusion,0,0,0,3.17367991301,35343.5048637,0,False
06df5958,wide64_anchor,0,0,0,4.02757103239,56920.6414291,0,False
06df5958,e006_affine,0,0,0,3.17367991301,35343.5048637,300,False
06df5958,e006_quadratic,0,0,10,2.97975622542,31156.2255947,6491,False
06df5958,wide64_quadratic,-5,0,10,3.53300944255,43799.8844255,5933,False
06df5958,pf_quadratic,5,0,10,3.44145785377,41559.3052469,7049,False
06df5958,trellis_quadratic,-5,0,10,3.90821521115,53596.9787935,5933,False
06df5958,e006_hinge_025,0,-10,20,3.1714525066,35293.9115046,7054,False
06df5958,e006_hinge_050,0,-10,40,3.03635585251,32351.0741325,7228,False
06df5958,e006_hinge_075,0,0,20,2.833975362,28182.2399806,7381,True
06df5958,e006_jump_025,0,0,0,3.17367991301,35343.5048637,5589,False
06df5958,e006_jump_050,0,0,0,3.17367991301,35343.5048637,5974,False
06df5958,e006_jump_075,0,0,0,3.17367991301,35343.5048637,5589,False
06df5958,dtw_derivative,0,0,0,77.333897272,20985685.6205,0,False
071d7b45,last_known_tvt,0,0,0,17.1157924775,940663.5807,0,False
071d7b45,e004_geometry_prefix,0,0,0,11.4297520861,419482.576363,0,False
071d7b45,align_visible_path,0,0,0,7.81692209913,196205.814515,0,False
071d7b45,pf_gr_path,0,0,0,9.39021055468,283133.310233,0,False
071d7b45,trellis_gr_path,0,0,0,10.3320736053,342779.853147,0,False
071d7b45,e006_nested_fusion,0,0,0,10.4712450265,352076.428394,0,False
071d7b45,wide64_anchor,0,0,0,5.1552039488,85335.9462173,0,False
071d7b45,e006_affine,10,0,0,4.90660952343,77304.2374366,350,False
071d7b45,e006_quadratic,10,0,-10,3.56735884563,40863.3437677,7603,False
071d7b45,wide64_quadratic,0,0,-10,3.9022249899,48895.0525484,6489,False
071d7b45,pf_quadratic,10,0,-10,4.01493355268,51760.3291895,7603,False
071d7b45,trellis_quadratic,10,0,-10,4.74024668347,72150.9729091,7603,False
071d7b45,e006_hinge_025,10,30,-70,2.53611495845,20652.7637338,8374,True
071d7b45,e006_hinge_050,10,10,-40,3.8068675719,46534.5849198,8515,False
071d7b45,e006_hinge_075,10,0,-20,4.79358935584,73783.9600078,8627,False
071d7b45,e006_jump_025,10,0,0,4.90660952343,77304.2374366,6528,False
071d7b45,e006_jump_050,10,0,0,4.90660952343,77304.2374366,7053,False
071d7b45,e006_jump_075,10,0,0,4.90660952343,77304.2374366,6542,False
071d7b45,dtw_derivative,0,0,0,19.7377700929,1250939.99362,0,False
0849b4e2,last_known_tvt,0,0,0,14.5675221146,1175021.723,0,False
0849b4e2,e004_geometry_prefix,0,0,0,16.5818715093,1522445.00825,0,False
0849b4e2,align_visible_path,0,0,0,13.5573107603,1017704.33776,0,False
0849b4e2,pf_gr_path,0,0,0,14.7971159931,1212351.85116,0,False
0849b4e2,trellis_gr_path,0,0,0,16.9104355663,1583376.19548,0,False
0849b4e2,e006_nested_fusion,0,0,0,15.6203088374,1350995.04475,0,False
0849b4e2,wide64_anchor,0,0,0,18.0280823433,1799590.07623,0,False
0849b4e2,e006_affine,-10,-20,0,5.98990191586,198661.607513,248,False
0849b4e2,e006_quadratic,-10,-20,-20,2.56509517262,36431.8722352,5324,False
0849b4e2,wide64_quadratic,-15,-20,-20,2.8407101206,44681.5633986,4771,False
0849b4e2,pf_quadratic,-10,-20,-20,2.91626413437,47089.9508282,5324,False
0849b4e2,trellis_quadratic,-15,-20,-20,4.59434777625,116875.170355,4771,False
0849b4e2,e006_hinge_025,-10,20,-90,3.91207684818,84740.1597381,5889,False
0849b4e2,e006_hinge_050,-10,0,-70,1.50588879686,12556.2608163,5997,True
0849b4e2,e006_hinge_075,-10,-10,-90,3.89308133997,83919.2278037,6095,False
0849b4e2,e006_jump_025,-10,-30,10,3.25839913643,58787.24223,4585,False
0849b4e2,e006_jump_050,-10,-20,0,5.98990191586,198661.607513,4845,False
0849b4e2,e006_jump_075,-10,-10,-10,4.0731036158,91859.7882614,4613,False
0849b4e2,dtw_derivative,0,0,0,22.0914096064,2702224.20519,0,False
084d66f9,last_known_tvt,0,0,0,10.6930401919,444215.2067,0,False
084d66f9,e004_geometry_prefix,0,0,0,10.4183413104,421685.031541,0,False
084d66f9,align_visible_path,0,0,0,18.0807065617,1270052.92486,0,False
084d66f9,pf_gr_path,0,0,0,9.88332144675,379486.966355,0,False
084d66f9,trellis_gr_path,0,0,0,8.04054464788,251166.641741,0,False
084d66f9,e006_nested_fusion,0,0,0,9.4304152653,345503.664115,0,False
084d66f9,wide64_anchor,0,0,0,10.3038475775,412467.632988,0,False
084d66f9,e006_affine,0,0,0,9.4304152653,345503.664115,300,False
084d66f9,e006_quadratic,0,0,-20,7.00893438596,190851.251366,6488,False
084d66f9,wide64_quadratic,-5,0,-20,7.06008322588,193646.951483,5930,False
084d66f9,pf_quadratic,-5,0,-20,7.33578331321,209066.289839,5930,False
084d66f9,trellis_quadratic,5,0,-20,6.09065805914,144118.40908,7046,False
084d66f9,e006_hinge_025,0,30,-80,8.58197703698,286131.531518,7144,False
084d66f9,e006_hinge_050,0,20,-90,7.91726827365,243523.986922,7290,False
084d66f9,e006_hinge_075,0,10,-120,5.06171342397,99537.3627251,7392,True
084d66f9,e006_jump_025,0,-10,10,8.64455673251,290319.68288,5568,False
084d66f9,e006_jump_050,0,-20,10,8.50124559239,280773.521177,5925,False
084d66f9,e006_jump_075,0,10,-10,7.72318625221,231730.948868,5610,False
084d66f9,dtw_derivative,0,0,0,6.37117321907,157699.330208,0,False
08fecf00,last_known_tvt,0,0,0,4.75980683674,126283.2125,0,False
08fecf00,e004_geometry_prefix,0,0,0,6.22800419369,216204.513983,0,False
08fecf00,align_visible_path,0,0,0,7.02029612398,274712.124443,0,False
08fecf00,pf_gr_path,0,0,0,5.80349332587,187735.300883,0,False
08fecf00,trellis_gr_path,0,0,0,6.68857868758,249364.51101,0,False
08fecf00,e006_nested_fusion,0,0,0,4.64786029257,120412.921938,0,False
08fecf00,wide64_anchor,0,0,0,4.79198883018,127996.636831,0,False
08fecf00,e006_affine,0,0,0,4.64786029257,120412.921938,300,False
08fecf00,e006_quadratic,0,0,10,4.5146851764,113611.398617,6491,False
08fecf00,wide64_quadratic,0,0,10,4.66293189864,121195.11351,6491,False
08fecf00,pf_quadratic,5,0,10,5.16716370485,148823.463116,7049,False
08fecf00,trellis_quadratic,-5,0,0,4.50288581549,113018.31624,5932,False
08fecf00,e006_hinge_025,0,-30,80,3.48970857443,67880.5395185,7010,True
08fecf00,e006_hinge_050,0,0,20,3.95112322962,87017.8029995,7251,False
08fecf00,e006_hinge_075,0,0,20,4.49366948772,112556.146901,7381,False
08fecf00,e006_jump_025,0,0,0,4.64786029257,120412.921938,5589,False
08fecf00,e006_jump_050,0,-10,10,3.71613393418,76974.9969971,5950,False
08fecf00,e006_jump_075,0,0,0,4.64786029257,120412.921938,5589,False
08fecf00,dtw_derivative,0,0,0,10.6121169195,627727.300212,0,False
09053135,last_known_tvt,0,0,0,13.2615536265,1038857.0287,0,False
09053135,e004_geometry_prefix,0,0,0,12.9498207006,990591.236435,0,False
09053135,align_visible_path,0,0,0,12.9498207006,990591.236435,0,False
09053135,pf_gr_path,0,0,0,15.2188022814,1368131.74659,0,False
09053135,trellis_gr_path,0,0,0,10.5233507638,654146.563036,0,False
09053135,e006_nested_fusion,0,0,0,14.7635639948,1287506.38854,0,False
09053135,wide64_anchor,0,0,0,14.899151554,1311263.72349,0,False
09053135,e006_affine,15,0,0,5.17483326877,158182.958517,375,False
09053135,e006_quadratic,15,0,-10,4.97183977517,146016.25976,8156,False
09053135,wide64_quadratic,15,0,-10,4.94114218228,144218.731989,8156,False
09053135,pf_quadratic,15,0,-10,4.88825641972,141148.065223,8156,False
09053135,trellis_quadratic,10,0,-10,5.63238110477,187391.995784,7603,False
09053135,e006_hinge_025,15,30,-70,3.87601122695,88743.5961265,8983,True
09053135,e006_hinge_050,15,10,-40,5.16162138832,157376.27495,9134,False
09053135,e006_hinge_075,15,0,0,5.17483326877,158182.958517,9254,False
09053135,e006_jump_025,15,0,0,5.17483326877,158182.958517,6997,False
09053135,e006_jump_050,15,0,0,5.17483326877,158182.958517,7578,False
09053135,e006_jump_075,15,0,0,5.17483326877,158182.958517,7017,False
09053135,dtw_derivative,0,0,0,38.8075534177,8896096.7768,0,False
09441b8d,last_known_tvt,0,0,0,15.9390645279,1394247.1338,0,False
09441b8d,e004_geometry_prefix,0,0,0,16.6948221917,1529599.37902,0,False
09441b8d,align_visible_path,0,0,0,10.3347342207,586155.341991,0,False
09441b8d,pf_gr_path,0,0,0,10.7483840032,634016.339634,0,False
09441b8d,trellis_gr_path,0,0,0,18.5213009458,1882595.77492,0,False
09441b8d,e006_nested_fusion,0,0,0,14.1277904464,1095374.41238,0,False
09441b8d,wide64_anchor,0,0,0,12.7044699718,885782.722261,0,False
09441b8d,e006_affine,-10,0,0,9.73759152479,520375.939605,250,False
09441b8d,e006_quadratic,-10,0,30,5.80395807468,184868.380178,5379,False
09441b8d,wide64_quadratic,-10,0,30,6.08295485615,203068.840723,5379,False
09441b8d,pf_quadratic,-5,0,30,6.09682128684,203995.709163,5935,False
09441b8d,trellis_quadratic,-15,10,30,8.55143182849,401320.90091,4851,False
09441b8d,e006_hinge_025,-10,-50,120,7.30411453539,292785.289234,5735,False
09441b8d,e006_hinge_050,-10,-30,120,4.43707380678,108045.68033,5941,True
09441b8d,e006_hinge_075,-10,-10,120,8.34315633985,382010.118319,6116,False
09441b8d,e006_jump_025,-10,20,-20,5.06317358647,140688.868496,4692,False
09441b8d,e006_jump_050,-10,0,0,9.73759152479,520375.939605,4895,False
09441b8d,e006_jump_075,-10,-20,20,6.39305509107,224300.889845,4594,False
09441b8d,dtw_derivative,0,0,0,27.6134718877,4184621.01736,0,False
0955cd6c,last_known_tvt,0,0,0,8.02308812255,334401.854,0,False
0955cd6c,e004_geometry_prefix,0,0,0,11.6348144357,703241.471622,0,False
0955cd6c,align_visible_path,0,0,0,11.6348144357,703241.471622,0,False
0955cd6c,pf_gr_path,0,0,0,16.0752346763,1342456.41763,0,False
0955cd6c,trellis_gr_path,0,0,0,12.2779299776,783133.597763,0,False
0955cd6c,e006_nested_fusion,0,0,0,13.3650790372,927958.629205,0,False
0955cd6c,wide64_anchor,0,0,0,18.730704031,1822610.02581,0,False
0955cd6c,e006_affine,-10,-10,0,5.10623564394,135452.572535,249,False
0955cd6c,e006_quadratic,-10,-10,0,5.10623564394,135452.572535,5351,False
0955cd6c,wide64_quadratic,-20,-10,0,5.20517396779,140752.478201,4249,False
0955cd6c,pf_quadratic,-15,-10,0,4.60979295557,110394.742729,4798,True
0955cd6c,trellis_quadratic,-10,-10,0,4.96777737554,128206.428615,5351,False
0955cd6c,e006_hinge_025,-10,-10,10,4.83183589343,121285.784935,5824,False
0955cd6c,e006_hinge_050,-10,-10,10,4.71718071076,115598.069092,5980,False
0955cd6c,e006_hinge_075,-10,-10,20,5.02238447542,131040.47653,6106,False
0955cd6c,e006_jump_025,-10,-10,0,5.10623564394,135452.572535,4628,False
0955cd6c,e006_jump_050,-10,-10,0,5.10623564394,135452.572535,4870,False
0955cd6c,e006_jump_075,-10,-10,0,5.10623564394,135452.572535,4614,False
0955cd6c,dtw_derivative,0,0,0,41.6324093032,9004272.73531,0,False
09ec2ca9,last_known_tvt,0,0,0,6.13281698432,221343.3489,0,False
09ec2ca9,e004_geometry_prefix,0,0,0,7.77246838911,355520.2937,0,False
09ec2ca9,align_visible_path,0,0,0,7.77246838911,355520.2937,0,False
09ec2ca9,pf_gr_path,0,0,0,6.80398404344,272441.360311,0,False
09ec2ca9,trellis_gr_path,0,0,0,8.51217079176,426409.748596,0,False
09ec2ca9,e006_nested_fusion,0,0,0,5.08160610227,151966.710605,0,False
09ec2ca9,wide64_anchor,0,0,0,5.67708564367,189669.438772,0,False
09ec2ca9,e006_affine,0,-10,0,4.44085837911,116059.398198,299,False
09ec2ca9,e006_quadratic,0,-10,-10,3.98226980616,93327.1124815,6464,False
09ec2ca9,wide64_quadratic,5,-10,-10,4.59307201712,124151.787613,7022,False
09ec2ca9,pf_quadratic,5,0,-10,4.12975479829,100367.937574,7047,False
09ec2ca9,trellis_quadratic,-5,-10,-10,4.06778363524,97378.2928928,5906,False
09ec2ca9,e006_hinge_025,0,0,-10,3.81764909646,85770.6066104,7076,False
09ec2ca9,e006_hinge_050,0,0,-30,3.00029441018,52975.3961335,7246,True
09ec2ca9,e006_hinge_075,0,0,-60,3.30160454496,64149.9872822,7373,False
09ec2ca9,e006_jump_025,0,-20,10,4.26947980324,107274.474096,5546,False
09ec2ca9,e006_jump_050,0,-10,0,4.44085837911,116059.398198,5949,False
09ec2ca9,e006_jump_075,0,10,-10,4.03274354409,95707.875598,5610,False
09ec2ca9,dtw_derivative,0,0,0,78.6419090306,36396075.9024,0,False
0a57a29c,last_known_tvt,0,0,0,6.95272398507,281389.2985,0,False
0a57a29c,e004_geometry_prefix,0,0,0,7.12128603648,295198.712929,0,False
0a57a29c,align_visible_path,0,0,0,5.78184164682,194594.241957,0,False
0a57a29c,pf_gr_path,0,0,0,4.33764856558,109523.250552,0,False
0a57a29c,trellis_gr_path,0,0,0,12.2719661808,876649.317105,0,False
0a57a29c,e006_nested_fusion,0,0,0,7.71661435465,346618.06405,0,False
0a57a29c,wide64_anchor,0,0,0,4.82351675863,135433.213333,0,False
0a57a29c,e006_affine,5,10,0,3.91304636087,89130.7551376,326,False
0a57a29c,e006_quadratic,5,10,0,3.91304636087,89130.7551376,7073,False
0a57a29c,wide64_quadratic,0,10,0,4.15331632166,100412.462279,6515,False
0a57a29c,pf_quadratic,0,10,0,3.89437159367,88282.0433677,6515,False
0a57a29c,trellis_quadratic,10,10,0,4.18164990511,101787.146502,7629,False
0a57a29c,e006_hinge_025,5,10,-10,3.09782856662,55861.4699819,7716,False
0a57a29c,e006_hinge_050,5,10,-20,3.08996187826,55578.1187254,7895,True
0a57a29c,e006_hinge_075,5,10,-30,3.30761362908,63683.532398,8026,False
0a57a29c,e006_jump_025,5,10,0,3.91304636087,89130.7551376,6081,False
0a57a29c,e006_jump_050,5,10,0,3.91304636087,89130.7551376,6543,False
0a57a29c,e006_jump_075,5,10,0,3.91304636087,89130.7551376,6087,False
0a57a29c,dtw_derivative,0,0,0,33.9852994915,6723258.38506,0,False
0bbf5e67,last_known_tvt,0,0,0,18.377119492,1451514.2025,0,False
0bbf5e67,e004_geometry_prefix,0,0,0,17.1077388193,1257915.97884,0,False
0bbf5e67,align_visible_path,0,0,0,26.2670716482,2965444.00968,0,False
0bbf5e67,pf_gr_path,0,0,0,17.4925942375,1315148.68687,0,False
0bbf5e67,trellis_gr_path,0,0,0,17.5940022046,1330441.23055,0,False
0bbf5e67,e006_nested_fusion,0,0,0,15.7870335356,1071192.37892,0,False
0bbf5e67,wide64_anchor,0,0,0,12.8900429746,714126.487497,0,False
0bbf5e67,e006_affine,-15,-10,0,5.13407023147,113289.594355,224,False
0bbf5e67,e006_quadratic,-15,-10,0,5.13407023147,113289.594355,4798,False
0bbf5e67,wide64_quadratic,-10,-10,0,5.04224651502,109273.426148,5351,True
0bbf5e67,pf_quadratic,-15,-10,0,5.59418382164,134505.448525,4798,False
0bbf5e67,trellis_quadratic,-15,-10,0,6.75807343272,196296.349932,4798,False
0bbf5e67,e006_hinge_025,-15,-10,0,5.13407023147,113289.594355,5214,False
0bbf5e67,e006_hinge_050,-15,-10,0,5.13407023147,113289.594355,5360,False
0bbf5e67,e006_hinge_075,-15,-10,-10,5.06323907824,110185.204063,5478,False
0bbf5e67,e006_jump_025,-15,-10,0,5.13407023147,113289.594355,4159,False
0bbf5e67,e006_jump_050,-15,-10,0,5.13407023147,113289.594355,4345,False
0bbf5e67,e006_jump_075,-15,-10,0,5.13407023147,113289.594355,4139,False
0bbf5e67,dtw_derivative,0,0,0,64.6426587762,17959937.9881,0,False
0be01c24,last_known_tvt,0,0,0,8.2733693242,324309.6562,0,False
0be01c24,e004_geometry_prefix,0,0,0,4.51038739486,96387.9505123,0,False
0be01c24,align_visible_path,0,0,0,4.51038739486,96387.9505123,0,False
0be01c24,pf_gr_path,0,0,0,4.515523449,96607.5926636,0,False
0be01c24,trellis_gr_path,0,0,0,4.25746770626,85881.1361565,0,False
0be01c24,e006_nested_fusion,0,0,0,4.5077959775,96277.2240352,0,False
0be01c24,wide64_anchor,0,0,0,4.79608468395,108985.505264,0,False
0be01c24,e006_affine,0,0,0,4.5077959775,96277.2240352,300,False
0be01c24,e006_quadratic,0,0,-10,4.41020199308,92153.5391145,6489,False
0be01c24,wide64_quadratic,0,0,-10,4.70447503348,104861.820344,6489,False
0be01c24,pf_quadratic,0,0,-10,4.41810016449,92483.9077429,6489,False
0be01c24,trellis_quadratic,0,0,-10,4.04991673377,77711.849458,6489,False
0be01c24,e006_hinge_025,0,0,0,4.5077959775,96277.2240352,7077,False
0be01c24,e006_hinge_050,0,10,-40,4.02646244444,76814.3503306,7270,True
0be01c24,e006_hinge_075,0,0,-20,4.34961136589,89638.7859845,7377,False
0be01c24,e006_jump_025,0,0,0,4.5077959775,96277.2240352,5589,False
0be01c24,e006_jump_050,0,0,0,4.5077959775,96277.2240352,5974,False
0be01c24,e006_jump_075,0,10,-10,4.07701267566,78755.1893099,5610,False
0be01c24,dtw_derivative,0,0,0,6.24079438605,184533.324028,0,False
0c1b160c,last_known_tvt,0,0,0,8.4322768595,359356.043,0,False
0c1b160c,e004_geometry_prefix,0,0,0,7.82867452263,309750.283725,0,False
0c1b160c,align_visible_path,0,0,0,11.3695383625,653312.398617,0,False
0c1b160c,pf_gr_path,0,0,0,9.03795027613,412833.691409,0,False
0c1b160c,trellis_gr_path,0,0,0,9.42312785738,448771.641368,0,False
0c1b160c,e006_nested_fusion,0,0,0,9.78140617306,483546.032575,0,False
0c1b160c,wide64_anchor,0,0,0,10.8198536309,591667.901528,0,False
0c1b160c,e006_affine,5,0,0,7.61181480253,292827.368068,325,False
0c1b160c,e006_quadratic,5,0,-20,5.49768519367,152754.837738,7046,False
0c1b160c,wide64_quadratic,10,0,-20,5.78510245821,169144.292424,7602,False
0c1b160c,pf_quadratic,5,0,-20,5.33892627152,144059.891885,7046,False
0c1b160c,trellis_quadratic,5,0,-20,6.36453384408,204723.848979,7046,False
0c1b160c,e006_hinge_025,5,30,-70,6.45082427389,210312.778289,7760,False
0c1b160c,e006_hinge_050,5,20,-80,4.50093345965,102385.963749,7914,True
0c1b160c,e006_hinge_075,5,0,-40,7.18039499328,260574.497199,8000,False
0c1b160c,e006_jump_025,5,-10,10,5.10547805706,131737.08989,6038,False
0c1b160c,e006_jump_050,5,0,0,7.61181480253,292827.368068,6518,False
0c1b160c,e006_jump_075,5,10,-10,6.10839346913,188577.227291,6086,False
0c1b160c,dtw_derivative,0,0,0,14.4716923912,1058458.61689,0,False
0d99f8e4,last_known_tvt,0,0,0,9.34332001224,508334.0928,0,False
0d99f8e4,e004_geometry_prefix,0,0,0,9.26577378235,499931.124924,0,False
0d99f8e4,align_visible_path,0,0,0,8.03885179825,376300.533938,0,False
0d99f8e4,pf_gr_path,0,0,0,7.0317504671,287921.2317,0,False
0d99f8e4,trellis_gr_path,0,0,0,10.60836263,655305.033828,0,False
0d99f8e4,e006_nested_fusion,0,0,0,8.26001052611,397290.32737,0,False
0d99f8e4,wide64_anchor,0,0,0,8.4518901073,415962.781305,0,False
0d99f8e4,e006_affine,-5,0,0,7.04353190311,288886.842545,275,False
0d99f8e4,e006_quadratic,-5,0,20,5.44136656287,172410.121227,5934,False
0d99f8e4,wide64_quadratic,-5,0,20,5.41130605597,170510.444106,5934,False
0d99f8e4,pf_quadratic,0,0,20,5.4261075398,171444.510384,6492,False
0d99f8e4,trellis_quadratic,-5,0,20,6.92407028297,279170.629078,5934,False
0d99f8e4,e006_hinge_025,-5,-40,90,5.18455724551,156520.107804,6371,False
0d99f8e4,e006_hinge_050,-5,-20,80,4.67020163203,127004.191062,6584,False
0d99f8e4,e006_hinge_075,-5,0,20,6.94802834168,281105.894704,6756,False
0d99f8e4,e006_jump_025,-5,10,-10,3.92958435798,89916.6302778,5140,True
0d99f8e4,e006_jump_050,-5,0,0,7.04353190311,288886.842545,5430,False
0d99f8e4,e006_jump_075,-5,-10,10,5.33679234287,165846.915671,5092,False
0d99f8e4,dtw_derivative,0,0,0,50.3537618908,14764224.2828,0,False
0dc5e64d,last_known_tvt,0,0,0,18.0088223591,1582345.9742,0,False
0dc5e64d,e004_geometry_prefix,0,0,0,15.2991135215,1141992.7649,0,False
0dc5e64d,align_visible_path,0,0,0,18.558415801,1680399.79478,0,False
0dc5e64d,pf_gr_path,0,0,0,15.2712074666,1137830.50437,0,False
0dc5e64d,trellis_gr_path,0,0,0,15.9325272547,1238511.82721,0,False
0dc5e64d,e006_nested_fusion,0,0,0,15.1750556712,1123547.41305,0,False
0dc5e64d,wide64_anchor,0,0,0,15.847454078,1225320.84588,0,False
0dc5e64d,e006_affine,0,10,0,13.9074678859,943684.777765,301,False
0dc5e64d,e006_quadratic,0,10,30,9.75294276107,464089.955511,6518,False
0dc5e64d,wide64_quadratic,-5,10,30,9.55887255397,445804.20513,5960,False
0dc5e64d,pf_quadratic,-5,10,30,9.60976230011,450563.606016,5960,False
0dc5e64d,trellis_quadratic,0,10,30,9.29923772434,421915.536776,6518,False
0dc5e64d,e006_hinge_025,0,-20,70,13.3932993788,875197.304592,7034,False
0dc5e64d,e006_hinge_050,0,-20,120,9.58621383237,448358.123228,7211,False
0dc5e64d,e006_hinge_075,0,0,120,9.60564156256,450177.278812,7391,False
0dc5e64d,e006_jump_025,0,20,-10,12.2989779653,738021.24702,5632,False
0dc5e64d,e006_jump_050,0,40,-20,12.2035918257,726618.021174,6072,False
0dc5e64d,e006_jump_075,0,-10,20,7.94382280549,307885.981012,5569,False
0dc5e64d,dtw_derivative,0,0,0,6.81811112406,226808.313145,0,True
0dc835f3,last_known_tvt,0,0,0,7.22977897292,231450.2493,0,False
0dc835f3,e004_geometry_prefix,0,0,0,8.06551532807,288052.636083,0,False
0dc835f3,align_visible_path,0,0,0,16.4063286332,1191874.21791,0,False
0dc835f3,pf_gr_path,0,0,0,16.3309836565,1180952.14839,0,False
0dc835f3,trellis_gr_path,0,0,0,9.62761672712,410435.765023,0,False
0dc835f3,e006_nested_fusion,0,0,0,11.0303321731,538746.912914,0,False
0dc835f3,wide64_anchor,0,0,0,14.0348054106,872208.678183,0,False
0dc835f3,e006_affine,-10,0,0,6.46285496471,184950.892738,250,False
0dc835f3,e006_quadratic,-10,0,10,5.92725207891,155565.900592,5377,False
0dc835f3,wide64_quadratic,-10,0,10,6.35340309405,178739.456316,5377,False
0dc835f3,pf_quadratic,-15,0,10,5.88847711666,153537.192672,4824,False
0dc835f3,trellis_quadratic,-5,10,10,7.42554163845,244154.024669,5958,False
0dc835f3,e006_hinge_025,-10,-30,70,5.23224023245,121222.424,5780,True
0dc835f3,e006_hinge_050,-10,-10,40,5.57050101866,137402.97252,5983,False
0dc835f3,e006_hinge_075,-10,0,-10,6.44111263285,183708.562671,6128,False
0dc835f3,e006_jump_025,-10,10,-10,5.94274717674,156380.328461,4671,False
0dc835f3,e006_jump_050,-10,0,0,6.46285496471,184950.892738,4895,False
0dc835f3,e006_jump_075,-10,0,0,6.46285496471,184950.892738,4636,False
0dc835f3,dtw_derivative,0,0,0,33.1423106347,4863771.67562,0,False
0dd99dc5,last_known_tvt,0,0,0,8.23463219041,497854.9064,0,False
0dd99dc5,e004_geometry_prefix,0,0,0,7.52293431876,415517.118292,0,False
0dd99dc5,align_visible_path,0,0,0,20.3035994768,3026637.82589,0,False
0dd99dc5,pf_gr_path,0,0,0,11.7038597969,1005709.6133,0,False
0dd99dc5,trellis_gr_path,0,0,0,7.40263321286,402334.100031,0,False
0dd99dc5,e006_nested_fusion,0,0,0,8.05602007604,476491.831396,0,False
0dd99dc5,wide64_anchor,0,0,0,8.07794180856,479088.582239,0,False
0dd99dc5,e006_affine,-5,0,0,7.41294163367,403455.408303,275,False
0dd99dc5,e006_quadratic,-5,0,-10,6.26607664782,288274.206957,5931,False
0dd99dc5,wide64_quadratic,-5,0,-10,6.25419806957,287182.282229,5931,False
0dd99dc5,pf_quadratic,-10,0,-10,6.08453731271,271812.545422,5375,False
0dd99dc5,trellis_quadratic,0,0,-10,6.8051567919,340009.187101,6489,False
0dd99dc5,e006_hinge_025,-5,10,-20,7.18830906356,379374.261573,6485,False
0dd99dc5,e006_hinge_050,-5,20,-70,6.1009204347,273278.271765,6669,False
0dd99dc5,e006_hinge_075,-5,10,-110,5.55659796691,226689.983851,6768,False
0dd99dc5,e006_jump_025,-5,-10,10,6.92370199329,351958.221101,5098,False
0dd99dc5,e006_jump_050,-5,-10,10,6.54488601679,314498.483086,5406,False
0dd99dc5,e006_jump_075,-5,10,-10,4.32578913207,137386.819759,5134,True
0dd99dc5,dtw_derivative,0,0,0,6.82001318896,341495.361608,0,False
0e5e560d,last_known_tvt,0,0,0,10.293900986,344702.1851,0,False
0e5e560d,e004_geometry_prefix,0,0,0,8.38103501708,228496.406106,0,False
0e5e560d,align_visible_path,0,0,0,36.4841444921,4330044.87618,0,False
0e5e560d,pf_gr_path,0,0,0,11.0604546923,397951.389478,0,False
0e5e560d,trellis_gr_path,0,0,0,10.4965101327,358404.886314,0,False
0e5e560d,e006_nested_fusion,0,0,0,9.32368933121,282787.137469,0,False
0e5e560d,wide64_anchor,0,0,0,7.26931444521,171898.059433,0,False
0e5e560d,e006_affine,5,-10,0,6.19591062201,124880.420342,324,False
0e5e560d,e006_quadratic,5,-10,-10,5.53836201675,99780.7453044,7022,False
0e5e560d,wide64_quadratic,5,-10,-10,5.10866054346,84898.1360198,7022,False
0e5e560d,pf_quadratic,10,-10,-10,4.929756817,79056.0398998,7578,False
0e5e560d,trellis_quadratic,10,-10,-10,5.62215351045,102822.808639,7578,False
0e5e560d,e006_hinge_025,5,10,-40,5.31471698575,91884.9427255,7713,False
0e5e560d,e006_hinge_050,5,0,-20,5.16320522341,86720.7126466,7870,False
0e5e560d,e006_hinge_075,5,0,-70,4.01696738944,52490.4958564,7997,True
0e5e560d,e006_jump_025,5,-10,0,6.19591062201,124880.420342,6037,False
0e5e560d,e006_jump_050,5,-20,10,5.70994945923,106059.259756,6469,False
0e5e560d,e006_jump_075,5,-10,0,6.19591062201,124880.420342,6043,False
0e5e560d,dtw_derivative,0,0,0,39.3926864008,5047952.5123,0,False
109d9d70,last_known_tvt,0,0,0,9.37113706132,370153.7544,0,False
109d9d70,e004_geometry_prefix,0,0,0,10.3407349889,450713.322471,0,False
109d9d70,align_visible_path,0,0,0,15.4921535499,1011628.7531,0,False
109d9d70,pf_gr_path,0,0,0,7.97607953333,268149.215503,0,False
109d9d70,trellis_gr_path,0,0,0,11.5518067617,562467.469326,0,False
109d9d70,e006_nested_fusion,0,0,0,9.60535368979,388887.784218,0,False
109d9d70,wide64_anchor,0,0,0,10.1768952252,436544.162931,0,False
109d9d70,e006_affine,5,10,0,3.8374564808,62070.3945003,326,False
109d9d70,e006_quadratic,5,10,0,3.8374564808,62070.3945003,7073,False
109d9d70,wide64_quadratic,5,10,0,4.09396536905,70645.7285472,7073,False
109d9d70,pf_quadratic,5,10,0,4.42566765692,82557.241693,7073,False
109d9d70,trellis_quadratic,5,10,0,6.14885280495,159362.367293,7073,False
109d9d70,e006_hinge_025,5,20,-20,3.72993699649,58640.8924405,7740,False
109d9d70,e006_hinge_050,5,10,10,3.69269731364,57475.7966924,7898,False
109d9d70,e006_hinge_075,5,10,20,3.51079871707,51952.857668,8031,True
109d9d70,e006_jump_025,5,10,0,3.8374564808,62070.3945003,6081,False
109d9d70,e006_jump_050,5,10,0,3.8374564808,62070.3945003,6543,False
109d9d70,e006_jump_075,5,10,0,3.8374564808,62070.3945003,6087,False
109d9d70,dtw_derivative,0,0,0,35.0319092209,5172794.10733,0,False
10a1281a,last_known_tvt,0,0,0,3.59118525738,72337.0942,0,False
10a1281a,e004_geometry_prefix,0,0,0,9.84402674585,543539.374172,0,False
10a1281a,align_visible_path,0,0,0,2.60770046641,38141.7705617,0,False
10a1281a,pf_gr_path,0,0,0,16.5112863669,1529140.03713,0,False
10a1281a,trellis_gr_path,0,0,0,10.3789585534,604217.076683,0,False
10a1281a,e006_nested_fusion,0,0,0,13.2828287454,989615.722936,0,False
10a1281a,wide64_anchor,0,0,0,9.96834263014,557354.297528,0,False
10a1281a,e006_affine,15,0,0,3.21599029007,58011.6071985,375,False
10a1281a,e006_quadratic,15,0,0,3.21599029007,58011.6071985,8157,False
10a1281a,wide64_quadratic,10,0,0,2.57257603573,37121.1891008,7604,True
10a1281a,pf_quadratic,15,0,0,2.868812574,46162.5500448,8157,False
10a1281a,trellis_quadratic,10,0,10,3.54837023567,70622.5338264,7605,False
10a1281a,e006_hinge_025,15,-10,20,3.11987193249,54595.7673087,8892,False
10a1281a,e006_hinge_050,15,0,0,3.21599029007,58011.6071985,9113,False
10a1281a,e006_hinge_075,15,0,10,3.11167908095,54309.4044563,9255,False
10a1281a,e006_jump_025,15,0,0,3.21599029007,58011.6071985,6997,False
10a1281a,e006_jump_050,15,0,0,3.21599029007,58011.6071985,7578,False
10a1281a,e006_jump_075,15,0,0,3.21599029007,58011.6071985,7017,False
10a1281a,dtw_derivative,0,0,0,17.7235614089,1761925.04415,0,False
10b89021,last_known_tvt,0,0,0,14.7213347049,1173309.6034,0,False
10b89021,e004_geometry_prefix,0,0,0,10.2022600807,563522.203628,0,False
10b89021,align_visible_path,0,0,0,5.25393173741,149446.966169,0,False
10b89021,pf_gr_path,0,0,0,9.67862069466,507160.231956,0,False
10b89021,trellis_gr_path,0,0,0,11.9956131453,779046.09384,0,False
10b89021,e006_nested_fusion,0,0,0,9.55067878491,493840.528877,0,False
10b89021,wide64_anchor,0,0,0,7.23810487901,283640.338365,0,False
10b89021,e006_affine,-10,0,0,5.30834028257,152558.272072,250,False
10b89021,e006_quadratic,-10,0,10,3.51246082996,66794.581178,5377,False
10b89021,wide64_quadratic,-5,0,10,2.99789005245,48657.4845663,5933,True
10b89021,pf_quadratic,-10,0,10,3.16489365742,54229.611785,5377,False
10b89021,trellis_quadratic,-10,0,10,4.03763400564,88261.6719998,5377,False
10b89021,e006_hinge_025,-10,-40,90,3.0003883571,48738.6162086,5757,False
10b89021,e006_hinge_050,-10,-20,70,3.50998964362,66700.6277932,5961,False
10b89021,e006_hinge_075,-10,-10,80,3.95937876183,84873.5464926,6112,False
10b89021,e006_jump_025,-10,10,-10,3.96936761423,85302.3302969,4671,False
10b89021,e006_jump_050,-10,0,0,5.30834028257,152558.272072,4895,False
10b89021,e006_jump_075,-10,0,0,5.30834028257,152558.272072,4636,False
10b89021,dtw_derivative,0,0,0,24.3175283931,3201526.60121,0,False
10be2420,last_known_tvt,0,0,0,13.2594518747,575084.5324,0,False
10be2420,e004_geometry_prefix,0,0,0,10.9112240208,389428.282304,0,False
10be2420,align_visible_path,0,0,0,5.38935131435,95006.5469253,0,False
10be2420,pf_gr_path,0,0,0,2.41563502359,19087.2419873,0,False
10be2420,trellis_gr_path,0,0,0,9.42454092851,290536.669474,0,False
10be2420,e006_nested_fusion,0,0,0,6.532683632,139593.05023,0,False
10be2420,wide64_anchor,0,0,0,7.7302059538,195462.151052,0,False
10be2420,e006_affine,-5,-10,0,3.20121972462,33520.5790695,274,False
10be2420,e006_quadratic,-5,-10,0,3.20121972462,33520.5790695,5907,False
10be2420,wide64_quadratic,-5,-10,0,3.58799710066,42109.9485686,5907,False
10be2420,pf_quadratic,0,0,0,2.41563502359,19087.2419873,6490,False
10be2420,trellis_quadratic,-5,-10,0,3.47014034251,39388.9698433,5907,False
10be2420,e006_hinge_025,-5,-10,10,1.87858758836,11543.6577311,6438,True
10be2420,e006_hinge_050,-5,-10,10,2.2654306669,16787.3480444,6602,False
10be2420,e006_hinge_075,-5,-10,30,2.68066965481,23505.37263,6732,False
10be2420,e006_jump_025,-5,-10,0,3.20121972462,33520.5790695,5097,False
10be2420,e006_jump_050,-5,-20,10,3.19684193359,33428.9603975,5381,False
10be2420,e006_jump_075,-5,-10,0,3.20121972462,33520.5790695,5091,False
10be2420,dtw_derivative,0,0,0,23.510372222,1808004.69619,0,False
113011eb,last_known_tvt,0,0,0,5.17791061859,87724.8014,0,False
113011eb,e004_geometry_prefix,0,0,0,5.54728166386,100687.076384,0,False
113011eb,align_visible_path,0,0,0,11.0387664552,398707.481795,0,False
113011eb,pf_gr_path,0,0,0,5.54275972545,100522.990544,0,False
113011eb,trellis_gr_path,0,0,0,6.1030411575,121872.548403,0,False
113011eb,e006_nested_fusion,0,0,0,5.49228152231,98700.3914802,0,False
113011eb,wide64_anchor,0,0,0,5.53215759323,100138.799706,0,False
113011eb,e006_affine,0,-10,0,4.66968711884,71349.1593218,299,False
113011eb,e006_quadratic,0,-10,0,4.66968711884,71349.1593218,6465,False
113011eb,wide64_quadratic,0,-10,0,4.71652298879,72787.5675477,6465,False
113011eb,pf_quadratic,0,-10,0,4.84361048053,76762.9604578,6465,False
113011eb,trellis_quadratic,0,0,0,6.1030411575,121872.548403,6490,False
113011eb,e006_hinge_025,0,10,-40,3.86424040697,48858.6620356,7098,False
113011eb,e006_hinge_050,0,-10,10,4.07719307921,54392.1031416,7225,False
113011eb,e006_hinge_075,0,-10,40,3.76373820277,46350.2530475,7358,False
113011eb,e006_jump_025,0,-10,0,4.66968711884,71349.1593218,5567,False
113011eb,e006_jump_050,0,10,-10,3.5993540616,42389.9040899,5998,True
113011eb,e006_jump_075,0,-10,0,4.66968711884,71349.1593218,5567,False
113011eb,dtw_derivative,0,0,0,28.1344284477,2589938.72167,0,False
1131525f,last_known_tvt,0,0,0,14.6701655749,895074.0195,0,False
1131525f,e004_geometry_prefix,0,0,0,10.4981825613,458371.030456,0,False
1131525f,align_visible_path,0,0,0,10.4981825613,458371.030456,0,False
1131525f,pf_gr_path,0,0,0,15.2250311527,964062.744604,0,False
1131525f,trellis_gr_path,0,0,0,8.55800852989,304603.12208,0,False
1131525f,e006_nested_fusion,0,0,0,13.0791096094,711451.466895,0,False
1131525f,wide64_anchor,0,0,0,13.801915123,792259.809158,0,False
1131525f,e006_affine,10,10,0,5.00758248136,104290.594518,351,False
1131525f,e006_quadratic,10,10,-10,4.93648889056,101350.348955,7628,False
1131525f,wide64_quadratic,10,10,-10,5.1168372577,108891.035827,7628,False
1131525f,pf_quadratic,15,10,-10,5.32837665558,118080.655183,8181,False
1131525f,trellis_quadratic,5,10,-10,5.71798767959,135980.098329,7072,False
1131525f,e006_hinge_025,10,30,-50,4.39145345066,80205.7469193,8376,False
1131525f,e006_hinge_050,10,20,-40,4.68358069068,91231.5249103,8540,False
1131525f,e006_hinge_075,10,10,10,4.98330364058,103281.757809,8655,False
1131525f,e006_jump_025,10,0,10,4.23824227663,74706.8592992,6529,True
1131525f,e006_jump_050,10,10,0,5.00758248136,104290.594518,7078,False
1131525f,e006_jump_075,10,10,0,5.00758248136,104290.594518,6564,False
1131525f,dtw_derivative,0,0,0,89.3993571047,33239747.166,0,False
11d0f5ac,last_known_tvt,0,0,0,22.1692051941,2399865.8766,0,False
11d0f5ac,e004_geometry_prefix,0,0,0,22.9274820499,2566843.84206,0,False
11d0f5ac,align_visible_path,0,0,0,14.8914250277,1082827.41568,0,False
11d0f5ac,pf_gr_path,0,0,0,19.8604119679,1926030.80995,0,False
11d0f5ac,trellis_gr_path,0,0,0,22.9144173005,2563919.35025,0,False
11d0f5ac,e006_nested_fusion,0,0,0,21.8551707821,2332357.57625,0,False
11d0f5ac,wide64_anchor,0,0,0,21.099061358,2173767.0153,0,False
11d0f5ac,e006_affine,20,10,0,7.32374677336,261910.773786,401,False
11d0f5ac,e006_quadratic,20,10,-20,5.13365230834,128688.46695,8729,False
11d0f5ac,wide64_quadratic,20,10,-20,5.37440244658,141041.556695,8729,False
11d0f5ac,pf_quadratic,15,10,-20,5.27850348783,136053.071264,8180,False
11d0f5ac,trellis_quadratic,20,10,-20,4.84358373319,114556.661407,8729,False
11d0f5ac,e006_hinge_025,20,50,-80,5.70295676769,158813.304711,9634,False
11d0f5ac,e006_hinge_050,20,30,-60,4.07451686609,81066.0410001,9798,False
11d0f5ac,e006_hinge_075,20,20,-80,5.57463024176,151746.560889,9920,False
11d0f5ac,e006_jump_025,20,0,10,3.6732252285,65884.2856175,7465,True
11d0f5ac,e006_jump_050,20,30,-10,7.30207531117,260363.043699,8167,False
11d0f5ac,e006_jump_075,20,30,-10,5.74585601413,161211.567899,7552,False
11d0f5ac,dtw_derivative,0,0,0,36.4531569356,6488689.83274,0,False
12203f2a,last_known_tvt,0,0,0,13.7623206455,617638.1922,0,False
12203f2a,e004_geometry_prefix,0,0,0,10.5443929151,362571.747773,0,False
12203f2a,align_visible_path,0,0,0,6.13013605522,122543.710429,0,False
12203f2a,pf_gr_path,0,0,0,5.77471995327,108745.840547,0,False
12203f2a,trellis_gr_path,0,0,0,9.18939276373,275374.947273,0,False
12203f2a,e006_nested_fusion,0,0,0,8.24538262774,221703.437384,0,False
12203f2a,wide64_anchor,0,0,0,9.70473366431,307127.03077,0,False
12203f2a,e006_affine,-5,0,0,6.11580797311,121971.532462,275,False
12203f2a,e006_quadratic,-5,0,20,3.79166265759,46882.4373168,5934,False
12203f2a,wide64_quadratic,-10,0,20,4.47649181031,65347.1102836,5378,False
12203f2a,pf_quadratic,0,0,20,3.21262962131,33656.745402,6492,False
12203f2a,trellis_quadratic,-5,-10,20,5.0078961561,81782.6969715,5909,False
12203f2a,e006_hinge_025,-5,-30,60,4.18600022885,57141.1918039,6393,False
12203f2a,e006_hinge_050,-5,-20,60,2.58174278423,21735.8557165,6582,True
12203f2a,e006_hinge_075,-5,-10,80,2.89009955949,27238.0746873,6737,False
12203f2a,e006_jump_025,-5,10,-10,3.99278694971,51987.9956077,5140,False
12203f2a,e006_jump_050,-5,0,0,6.11580797311,121971.532462,5430,False
12203f2a,e006_jump_075,-5,-20,10,4.31272345442,60653.2421011,5070,False
12203f2a,dtw_derivative,0,0,0,35.5588072519,4123302.22933,0,False
122bd617,last_known_tvt,0,0,0,11.6701602848,622400.3697,0,False
122bd617,e004_geometry_prefix,0,0,0,10.6039818236,513871.04745,0,False
122bd617,align_visible_path,0,0,0,33.7405675083,5202606.34372,0,False
122bd617,pf_gr_path,0,0,0,13.0940000601,783539.467711,0,False
122bd617,trellis_gr_path,0,0,0,10.1978637828,475263.665598,0,False
122bd617,e006_nested_fusion,0,0,0,11.22560826,575885.263293,0,False
122bd617,wide64_anchor,0,0,0,11.0132105562,554298.986868,0,False
122bd617,e006_affine,5,0,0,10.3967412275,493981.482653,325,False
122bd617,e006_quadratic,5,0,10,9.59216622504,420484.113702,7049,False
122bd617,wide64_quadratic,5,0,10,9.65377261227,425902.638218,7049,False
122bd617,pf_quadratic,10,0,10,9.7100002787,430878.361735,7605,False
122bd617,trellis_quadratic,0,0,10,9.29878973866,395156.432059,6491,False
122bd617,e006_hinge_025,5,10,-30,10.3814104177,492525.727936,7714,False
122bd617,e006_hinge_050,5,-20,70,8.69303753546,345349.880279,7829,True
122bd617,e006_hinge_075,5,-10,110,8.8318579462,356467.836553,7990,False
122bd617,e006_jump_025,5,10,-10,9.53208627371,415233.256094,6080,False
122bd617,e006_jump_050,5,10,-10,9.92316591964,450004.34394,6542,False
122bd617,e006_jump_075,5,-10,10,9.45170861422,408260.016477,6044,False
122bd617,dtw_derivative,0,0,0,14.5930949994,973219.98699,0,False
125be846,last_known_tvt,0,0,0,18.4413799503,2213950.059,0,False
125be846,e004_geometry_prefix,0,0,0,17.7725547209,2056272.69551,0,False
125be846,align_visible_path,0,0,0,28.600982056,5325285.29645,0,False
125be846,pf_gr_path,0,0,0,24.6446019321,3953890.19259,0,False
125be846,trellis_gr_path,0,0,0,20.5192773393,2740975.23385,0,False
125be846,e006_nested_fusion,0,0,0,19.9490497531,2590749.45519,0,False
125be846,wide64_anchor,0,0,0,17.4604357861,1984682.98415,0,False
125be846,e006_affine,-20,-10,0,6.17657858607,248357.300925,199,False
125be846,e006_quadratic,-20,-10,10,4.7403294186,146284.406709,4250,False
125be846,wide64_quadratic,-15,-10,10,4.61618136742,138722.439014,4799,False
125be846,pf_quadratic,-25,-10,10,4.59992610661,137747.174412,3707,False
125be846,trellis_quadratic,-20,-10,10,5.43425947492,192247.956025,4250,False
125be846,e006_hinge_025,-20,-40,80,5.20219321659,176178.92085,4545,False
125be846,e006_hinge_050,-20,-20,50,4.52041075037,133026.077922,4724,False
125be846,e006_hinge_075,-20,-10,50,5.04878044751,165941.097886,4860,False
125be846,e006_jump_025,-20,0,-10,4.36429857723,123996.634483,3713,True
125be846,e006_jump_050,-20,-10,0,6.17657858607,248357.300925,3830,False
125be846,e006_jump_075,-20,-20,10,5.38688845571,188910.872695,3647,False
125be846,dtw_derivative,0,0,0,30.6037093991,6097181.55868,0,False
1285a37b,last_known_tvt,0,0,0,5.54911751213,172346.7708,0,False
1285a37b,e004_geometry_prefix,0,0,0,7.00134801254,274358.637737,0,False
1285a37b,align_visible_path,0,0,0,7.00134801254,274358.637737,0,False
1285a37b,pf_gr_path,0,0,0,11.0228636546,680055.219061,0,False
1285a37b,trellis_gr_path,0,0,0,7.27944523712,296586.837609,0,False
1285a37b,e006_nested_fusion,0,0,0,9.3054931696,484656.560916,0,False
1285a37b,wide64_anchor,0,0,0,10.8879209745,663506.569159,0,False
1285a37b,e006_affine,-10,0,0,2.86834998595,46048.9348998,250,False
1285a37b,e006_quadratic,-10,0,0,2.86834998595,46048.9348998,5376,False
1285a37b,wide64_quadratic,-10,0,0,2.71469193795,41247.3843237,5376,False
1285a37b,pf_quadratic,-10,0,0,2.96671993028,49261.587729,5376,False
1285a37b,trellis_quadratic,-5,0,0,3.31352074434,61451.8121906,5932,False
1285a37b,e006_hinge_025,-10,0,-10,2.62615336834,38600.7264341,5847,False
1285a37b,e006_hinge_050,-10,0,-10,2.4220355385,32833.4356703,6003,True
1285a37b,e006_hinge_075,-10,0,-20,2.70005377594,40803.7553295,6127,False
1285a37b,e006_jump_025,-10,0,0,2.86834998595,46048.9348998,4650,False
1285a37b,e006_jump_050,-10,0,0,2.86834998595,46048.9348998,4895,False
1285a37b,e006_jump_075,-10,0,0,2.86834998595,46048.9348998,4636,False
1285a37b,dtw_derivative,0,0,0,5.17754468988,150038.605581,0,False
1295a25b,last_known_tvt,0,0,0,9.7168009035,524104.4361,0,False
1295a25b,e004_geometry_prefix,0,0,0,8.20467138423,373674.627136,0,False
1295a25b,align_visible_path,0,0,0,13.5958814508,1026091.20595,0,False
1295a25b,pf_gr_path,0,0,0,9.7702686881,529888.19197,0,False
1295a25b,trellis_gr_path,0,0,0,7.5578173595,317076.468583,0,False
1295a25b,e006_nested_fusion,0,0,0,8.60146814066,410692.145924,0,False
1295a25b,wide64_anchor,0,0,0,8.38047116405,389859.480266,0,False
1295a25b,e006_affine,0,-10,0,8.15337119492,369016.390686,299,False
1295a25b,e006_quadratic,0,-10,-20,6.66177406675,246349.12636,6463,False
1295a25b,wide64_quadratic,0,-10,-20,6.37387452598,225516.460702,6463,False
1295a25b,pf_quadratic,-5,-10,-20,6.18807126766,212560.146602,5905,False
1295a25b,trellis_quadratic,0,0,-20,5.90324127968,193442.677972,6488,True
1295a25b,e006_hinge_025,0,40,-110,5.92396783379,194803.435066,7166,False
1295a25b,e006_hinge_050,0,10,-70,6.11025300449,207247.649565,7267,False
1295a25b,e006_hinge_075,0,0,-60,7.65562805528,325336.565751,7373,False
1295a25b,e006_jump_025,0,-20,10,6.0603331638,203875.11885,5546,False
1295a25b,e006_jump_050,0,10,-10,7.89691882039,346167.725377,5998,False
1295a25b,e006_jump_075,0,10,-10,8.02152155485,357178.029513,5610,False
1295a25b,dtw_derivative,0,0,0,33.1433599648,6097675.30146,0,False
12f0cd90,last_known_tvt,0,0,0,7.89503449957,370685.8453,0,False
12f0cd90,e004_geometry_prefix,0,0,0,10.39790017,642967.802293,0,False
12f0cd90,align_visible_path,0,0,0,19.9504915242,2367037.50041,0,False
12f0cd90,pf_gr_path,0,0,0,9.93160889941,586593.378652,0,False
12f0cd90,trellis_gr_path,0,0,0,8.52307083998,432006.354223,0,False
12f0cd90,e006_nested_fusion,0,0,0,9.06285151025,488458.495274,0,False
12f0cd90,wide64_anchor,0,0,0,9.79678851068,570775.606286,0,False
12f0cd90,e006_affine,-5,0,0,8.15226691127,395234.383599,275,False
12f0cd90,e006_quadratic,-5,0,-20,5.62893463028,188430.130463,5930,False
12f0cd90,wide64_quadratic,-5,0,-20,5.57477339911,184821.451491,5930,False
12f0cd90,pf_quadratic,-5,0,-20,5.58501634641,185501.247935,5930,False
12f0cd90,trellis_quadratic,-5,0,-20,5.53653939994,182294.98793,5930,False
12f0cd90,e006_hinge_025,-5,30,-80,7.2021885615,308479.929888,6529,False
12f0cd90,e006_hinge_050,-5,20,-90,5.78371717687,198935.38292,6667,False
12f0cd90,e006_hinge_075,-5,10,-120,5.09367306759,154297.920135,6767,True
12f0cd90,e006_jump_025,-5,-10,10,6.79476135991,274565.746186,5098,False
12f0cd90,e006_jump_050,-5,-20,10,7.51682194199,336021.034203,5381,False
12f0cd90,e006_jump_075,-5,10,-10,5.84811362561,203389.97492,5134,False
12f0cd90,dtw_derivative,0,0,0,20.6499950791,2535933.39888,0,False
137d1e44,last_known_tvt,0,0,0,25.0101725119,2848566.7522,0,False
137d1e44,e004_geometry_prefix,0,0,0,22.9583591311,2400350.80069,0,False
137d1e44,align_visible_path,0,0,0,41.0901190772,7688963.97183,0,False
137d1e44,pf_gr_path,0,0,0,33.1789577254,5013240.09558,0,False
137d1e44,trellis_gr_path,0,0,0,25.1685502753,2884758.27315,0,False
137d1e44,e006_nested_fusion,0,0,0,28.529069462,3706536.14108,0,False
137d1e44,wide64_anchor,0,0,0,29.5345094426,3972396.12747,0,False
137d1e44,e006_affine,20,30,0,10.658219118,517323.628732,403,False
137d1e44,e006_quadratic,20,30,-10,10.2622546037,479599.361937,8780,False
137d1e44,wide64_quadratic,20,30,-10,10.4679365656,499016.827314,8780,False
137d1e44,pf_quadratic,25,30,-10,10.2233620206,475971.014592,9323,False
137d1e44,trellis_quadratic,20,20,-10,9.50815328071,411704.273499,8755,False
137d1e44,e006_hinge_025,20,0,70,10.3001186978,483144.995392,9524,False
137d1e44,e006_hinge_050,20,40,-50,9.91443499978,447640.081296,9824,False
137d1e44,e006_hinge_075,20,40,-120,8.82540211738,354700.688418,9966,False
137d1e44,e006_jump_025,20,30,0,10.658219118,517323.628732,7529,False
137d1e44,e006_jump_050,20,0,20,6.737619429,206731.177906,8095,True
137d1e44,e006_jump_075,20,40,-10,8.93150231397,363280.474744,7572,False
137d1e44,dtw_derivative,0,0,0,35.4334121242,5717668.56796,0,False
13ce113d,last_known_tvt,0,0,0,3.38101451297,33905.1146,0,False
13ce113d,e004_geometry_prefix,0,0,0,4.35487898606,56250.1039363,0,False
13ce113d,align_visible_path,0,0,0,8.81786519114,230620.578205,0,False
13ce113d,pf_gr_path,0,0,0,4.33947151491,55852.7846433,0,False
13ce113d,trellis_gr_path,0,0,0,5.88059841315,102568.544208,0,False
13ce113d,e006_nested_fusion,0,0,0,4.43297700107,58285.7115828,0,False
13ce113d,wide64_anchor,0,0,0,4.37238035529,56703.127775,0,False
13ce113d,e006_affine,0,10,0,3.68834346669,40349.1007488,301,False
13ce113d,e006_quadratic,0,10,10,3.47434587477,35802.8210779,6516,False
13ce113d,wide64_quadratic,0,10,10,3.39669017382,34220.2372701,6516,False
13ce113d,pf_quadratic,0,10,10,2.89727097912,24897.1352891,6516,False
13ce113d,trellis_quadratic,0,10,10,4.45425306261,58846.5384456,6516,False
13ce113d,e006_hinge_025,0,-10,40,2.56716634224,19546.9574232,7056,False
13ce113d,e006_hinge_050,0,0,20,2.27275110347,15320.5692174,7251,True
13ce113d,e006_hinge_075,0,0,50,2.9838049161,26406.5702116,7384,False
13ce113d,e006_jump_025,0,10,0,3.68834346669,40349.1007488,5611,False
13ce113d,e006_jump_050,0,10,0,3.68834346669,40349.1007488,5999,False
13ce113d,e006_jump_075,0,10,0,3.68834346669,40349.1007488,5611,False
13ce113d,dtw_derivative,0,0,0,37.4678609778,4163791.23814,0,False
13f598d9,last_known_tvt,0,0,0,15.1685899259,1681009.1952,0,False
13f598d9,e004_geometry_prefix,0,0,0,9.18292539954,616086.624635,0,False
13f598d9,align_visible_path,0,0,0,9.18292539954,616086.624635,0,False
13f598d9,pf_gr_path,0,0,0,7.19450574491,378165.229746,0,False
13f598d9,trellis_gr_path,0,0,0,9.95046167955,723379.389871,0,False
13f598d9,e006_nested_fusion,0,0,0,8.56503846667,535967.312033,0,False
13f598d9,wide64_anchor,0,0,0,8.19589441822,490763.638908,0,False
13f598d9,e006_affine,5,0,0,5.86059023349,250935.659667,325,False
13f598d9,e006_quadratic,5,0,-10,5.63506074304,231994.063375,7047,False
13f598d9,wide64_quadratic,5,0,-10,5.53146485467,223542.437721,7047,False
13f598d9,pf_quadratic,5,0,-10,5.58614067814,227983.493841,7047,False
13f598d9,trellis_quadratic,10,0,-10,6.81178175457,339001.108128,7603,False
13f598d9,e006_hinge_025,5,20,-50,5.63088279445,231650.180674,7737,False
13f598d9,e006_hinge_050,5,10,-40,5.30166462277,205354.474625,7893,True
13f598d9,e006_hinge_075,5,0,-10,5.83601159744,248835.283156,8003,False
13f598d9,e006_jump_025,5,0,0,5.86059023349,250935.659667,6059,False
13f598d9,e006_jump_050,5,0,0,5.86059023349,250935.659667,6518,False
13f598d9,e006_jump_075,5,10,-10,5.38914901452,212187.625397,6086,False
13f598d9,dtw_derivative,0,0,0,24.9962965322,4564897.22343,0,False
14a53cb3,last_known_tvt,0,0,0,8.94761773897,553934.1935,0,False
14a53cb3,e004_geometry_prefix,0,0,0,8.29250329655,475789.261978,0,False
14a53cb3,align_visible_path,0,0,0,13.8742220193,1331866.23953,0,False
14a53cb3,pf_gr_path,0,0,0,4.9245434515,167793.556055,0,False
14a53cb3,trellis_gr_path,0,0,0,10.8272472196,811109.404615,0,False
14a53cb3,e006_nested_fusion,0,0,0,6.23372574524,268867.750398,0,False
14a53cb3,wide64_anchor,0,0,0,9.11109697341,574360.63728,0,False
14a53cb3,e006_affine,5,0,0,4.64279727838,149142.965085,325,False
14a53cb3,e006_quadratic,5,0,0,4.64279727838,149142.965085,7048,False
14a53cb3,wide64_quadratic,10,0,0,5.0467726925,176226.339185,7604,False
14a53cb3,pf_quadratic,0,0,0,4.9245434515,167793.556055,6490,False
14a53cb3,trellis_quadratic,10,0,0,7.49136317641,388297.893385,7604,False
14a53cb3,e006_hinge_025,5,20,-50,4.10113344983,116372.706072,7737,True
14a53cb3,e006_hinge_050,5,0,0,4.64279727838,149142.965085,7872,False
14a53cb3,e006_hinge_075,5,0,10,4.55285294406,143420.283447,8005,False
14a53cb3,e006_jump_025,5,0,0,4.64279727838,149142.965085,6059,False
14a53cb3,e006_jump_050,5,0,0,4.64279727838,149142.965085,6518,False
14a53cb3,e006_jump_075,5,0,0,4.64279727838,149142.965085,6065,False
14a53cb3,dtw_derivative,0,0,0,35.5819024823,8759950.67531,0,False
14ab73fb,last_known_tvt,0,0,0,14.819152868,801347.0075,0,False
14ab73fb,e004_geometry_prefix,0,0,0,11.1622258318,454648.196863,0,False
14ab73fb,align_visible_path,0,0,0,23.02934523,1935249.85655,0,False
14ab73fb,pf_gr_path,0,0,0,7.60429266399,211004.398989,0,False
14ab73fb,trellis_gr_path,0,0,0,10.4375688302,397532.434419,0,False
14ab73fb,e006_nested_fusion,0,0,0,7.26284840664,192480.980502,0,False
14ab73fb,wide64_anchor,0,0,0,7.4516850958,202620.251689,0,False
14ab73fb,e006_affine,0,0,0,7.26284840664,192480.980502,300,False
14ab73fb,e006_quadratic,0,0,10,6.81932362373,169690.084426,6491,False
14ab73fb,wide64_quadratic,0,0,10,7.02010103021,179829.355613,6491,False
14ab73fb,pf_quadratic,0,0,10,7.18188517224,188213.502915,6491,False
14ab73fb,trellis_quadratic,-5,0,10,7.26394519193,192539.119193,5933,False
14ab73fb,e006_hinge_025,0,-30,70,6.87352349036,172398.191555,7009,False
14ab73fb,e006_hinge_050,0,-10,40,6.50089395828,154212.659615,7228,False
14ab73fb,e006_hinge_075,0,0,0,7.26284840664,192480.980502,7379,False
14ab73fb,e006_jump_025,0,0,0,7.26284840664,192480.980502,5589,False
14ab73fb,e006_jump_050,0,0,0,7.26284840664,192480.980502,5974,False
14ab73fb,e006_jump_075,0,-10,10,6.21652155126,141016.11658,5568,True
14ab73fb,dtw_derivative,0,0,0,76.0968951179,21130400.9426,0,False
14ad5efb,last_known_tvt,0,0,0,6.29850434092,231758.8988,0,False
14ad5efb,e004_geometry_prefix,0,0,0,10.2829308856,617725.296103,0,False
14ad5efb,align_visible_path,0,0,0,5.21648291253,158970.716212,0,False
14ad5efb,pf_gr_path,0,0,0,7.44995052049,324241.298031,0,False
14ad5efb,trellis_gr_path,0,0,0,9.14833529665,488928.890085,0,False
14ad5efb,e006_nested_fusion,0,0,0,6.64422980944,257899.703782,0,False
14ad5efb,wide64_anchor,0,0,0,5.8208768449,197942.191517,0,False
14ad5efb,e006_affine,-5,10,0,5.42418119143,171881.814412,276,False
14ad5efb,e006_quadratic,-5,10,0,5.42418119143,171881.814412,5957,False
14ad5efb,wide64_quadratic,0,10,0,5.18014855094,156763.871695,6515,False
14ad5efb,pf_quadratic,5,10,0,5.06557575887,149906.057486,7073,False
14ad5efb,trellis_quadratic,-10,0,-10,5.07958330693,150736.257114,5375,False
14ad5efb,e006_hinge_025,-5,10,-10,4.99750895763,145904.509556,6486,False
14ad5efb,e006_hinge_050,-5,10,-20,4.64388894455,125986.84586,6649,False
14ad5efb,e006_hinge_075,-5,10,-50,4.29735603272,107885.78475,6774,True
14ad5efb,e006_jump_025,-5,10,0,5.42418119143,171881.814412,5141,False
14ad5efb,e006_jump_050,-5,-10,10,4.94309497687,142744.526006,5406,False
14ad5efb,e006_jump_075,-5,10,0,5.42418119143,171881.814412,5135,False
14ad5efb,dtw_derivative,0,0,0,12.3370232437,889164.916579,0,False
14fee784,last_known_tvt,0,0,0,21.4198158788,2252749.7953,0,False
14fee784,e004_geometry_prefix,0,0,0,20.3957380376,2042491.89878,0,False
14fee784,align_visible_path,0,0,0,16.9523989158,1411054.6004,0,False
14fee784,pf_gr_path,0,0,0,21.9710784231,2370195.88954,0,False
14fee784,trellis_gr_path,0,0,0,20.0357886106,1971035.17197,0,False
14fee784,e006_nested_fusion,0,0,0,21.3269779048,2233264.33396,0,False
14fee784,wide64_anchor,0,0,0,19.9067094032,1945720.45919,0,False
14fee784,e006_affine,-15,0,0,16.961068231,1412498.17248,225,False
14fee784,e006_quadratic,-15,0,50,7.71052630546,291910.380104,4828,False
14fee784,wide64_quadratic,-10,0,50,7.48951469799,275415.79732,5381,False
14fee784,pf_quadratic,-15,0,50,7.44645964607,272258.327789,4828,False
14fee784,trellis_quadratic,-10,0,50,8.23528062185,332995.44838,5381,False
14fee784,e006_hinge_025,-15,-50,120,13.8890440292,947166.221267,5126,False
14fee784,e006_hinge_050,-15,-30,120,9.70234417212,462205.218752,5322,False
14fee784,e006_hinge_075,-15,0,120,12.9982471909,829566.251474,5516,False
14fee784,e006_jump_025,-15,40,-30,9.02917461513,400292.631671,4263,False
14fee784,e006_jump_050,-15,0,0,16.961068231,1412498.17248,4370,False
14fee784,e006_jump_075,-15,-30,30,7.27973160462,260202.956875,4099,True
14fee784,dtw_derivative,0,0,0,9.91242711927,482437.997949,0,False
153552f5,last_known_tvt,0,0,0,5.16144184064,125077.0624,0,False
153552f5,e004_geometry_prefix,0,0,0,4.51606481134,95753.7802803,0,False
153552f5,align_visible_path,0,0,0,9.61173070985,433749.299186,0,False
153552f5,pf_gr_path,0,0,0,3.99590888677,74966.4163683,0,False
153552f5,trellis_gr_path,0,0,0,5.29799902721,131782.986385,0,False
153552f5,e006_nested_fusion,0,0,0,4.23330991334,84138.685701,0,False
153552f5,wide64_anchor,0,0,0,4.12570531637,79915.6812585,0,False
153552f5,e006_affine,0,-10,0,3.1200984201,45705.8914395,299,False
153552f5,e006_quadratic,0,-10,0,3.1200984201,45705.8914395,6465,False
153552f5,wide64_quadratic,0,-10,0,2.97246458116,41482.886997,6465,False
153552f5,pf_quadratic,0,-10,0,3.16178269381,46935.3037245,6465,False
153552f5,trellis_quadratic,0,-10,0,4.55673363222,97486.1414494,6465,False
153552f5,e006_hinge_025,0,-10,10,2.36072754718,26165.3972217,7053,True
153552f5,e006_hinge_050,0,0,-20,2.53805555298,30243.903523,7247,False
153552f5,e006_hinge_075,0,-10,20,2.94972372759,40850.5849744,7356,False
153552f5,e006_jump_025,0,-10,0,3.1200984201,45705.8914395,5567,False
153552f5,e006_jump_050,0,-10,0,3.1200984201,45705.8914395,5949,False
153552f5,e006_jump_075,0,-10,0,3.1200984201,45705.8914395,5567,False
153552f5,dtw_derivative,0,0,0,26.9104944257,3400000.26455,0,False
1550491d,last_known_tvt,0,0,0,21.167156242,2044445.3209,0,False
1550491d,e004_geometry_prefix,0,0,0,21.2111228488,2052947.23542,0,False
1550491d,align_visible_path,0,0,0,40.6413832856,7536807.6474,0,False
1550491d,pf_gr_path,0,0,0,12.9693492753,767514.946107,0,False
1550491d,trellis_gr_path,0,0,0,19.9286449355,1812199.50636,0,False
1550491d,e006_nested_fusion,0,0,0,17.4520586516,1389772.76443,0,False
1550491d,wide64_anchor,0,0,0,17.1488554356,1341901.83668,0,False
1550491d,e006_affine,-15,-10,0,6.69370181584,204448.153569,224,False
1550491d,e006_quadratic,-15,-10,20,5.0661311369,117112.519269,4800,False
1550491d,wide64_quadratic,-15,-10,20,5.0038444487,114250.489634,4800,False
1550491d,pf_quadratic,-10,0,20,4.85610767694,107603.670217,5378,False
1550491d,trellis_quadratic,-20,-10,10,4.86738738897,108104.131954,4250,False
1550491d,e006_hinge_025,-15,-50,110,3.81522785524,66418.8618494,5125,True
1550491d,e006_hinge_050,-15,-20,60,4.53679300049,93917.9051978,5341,False
1550491d,e006_hinge_075,-15,-10,70,4.86114200629,107826.891425,5486,False
1550491d,e006_jump_025,-15,10,-10,5.12962655893,120066.532178,4202,False
1550491d,e006_jump_050,-15,-20,10,5.81207949499,154139.36314,4321,False
1550491d,e006_jump_075,-15,-20,10,6.35038784317,184014.043737,4118,False
1550491d,dtw_derivative,0,0,0,13.8805489791,879151.567142,0,False
155887bb,last_known_tvt,0,0,0,11.7933137939,776774.3676,0,False
155887bb,e004_geometry_prefix,0,0,0,10.3726074297,600895.650609,0,False
155887bb,align_visible_path,0,0,0,10.3459858181,597815.174931,0,False
155887bb,pf_gr_path,0,0,0,18.6467631506,1941914.41893,0,False
155887bb,trellis_gr_path,0,0,0,9.74663546023,530557.702108,0,False
155887bb,e006_nested_fusion,0,0,0,15.8902052234,1410204.80411,0,False
155887bb,wide64_anchor,0,0,0,18.4442263864,1899958.28484,0,False
155887bb,e006_affine,15,10,0,5.91796216266,195599.412346,376,False
155887bb,e006_quadratic,15,10,-10,4.92241893172,135325.712458,8181,False
155887bb,wide64_quadratic,15,10,-10,5.42684362213,164481.778039,8181,False
155887bb,pf_quadratic,15,10,-10,5.32964084993,158642.324826,8181,False
155887bb,trellis_quadratic,10,0,-10,5.08947203594,144666.722502,7603,False
155887bb,e006_hinge_025,15,30,-60,4.47824734713,112005.495602,8984,False
155887bb,e006_hinge_050,15,20,-60,3.79266461196,80336.3426367,9157,True
155887bb,e006_hinge_075,15,10,-40,5.20347707667,151220.430044,9275,False
155887bb,e006_jump_025,15,-10,10,4.95627011924,137193.366369,6976,False
155887bb,e006_jump_050,15,10,0,5.91796216266,195599.412346,7603,False
155887bb,e006_jump_075,15,20,-10,4.17869563675,97522.4619992,7060,False
155887bb,dtw_derivative,0,0,0,76.7816953298,32925969.5002,0,False
1590af81,last_known_tvt,0,0,0,5.56088726987,117478.252,0,False
1590af81,e004_geometry_prefix,0,0,0,5.35912119467,109107.963741,0,False
1590af81,align_visible_path,0,0,0,9.55762704969,347031.944085,0,False
1590af81,pf_gr_path,0,0,0,5.34543223619,108551.280363,0,False
1590af81,trellis_gr_path,0,0,0,7.31547001916,203307.669983,0,False
1590af81,e006_nested_fusion,0,0,0,4.94000684596,92709.5333573,0,False
1590af81,wide64_anchor,0,0,0,5.0116843616,95419.407553,0,False
1590af81,e006_affine,0,0,0,4.94000684596,92709.5333573,300,False
1590af81,e006_quadratic,0,0,10,4.46584856411,75766.5091073,6491,False
1590af81,wide64_quadratic,0,0,10,4.54500999996,78476.383303,6491,False
1590af81,pf_quadratic,0,0,10,4.91057853521,91608.2561102,6491,False
1590af81,trellis_quadratic,0,0,10,7.05817476208,189257.939863,6491,False
1590af81,e006_hinge_025,0,-10,20,4.75907702946,86042.8450409,7054,False
1590af81,e006_hinge_050,0,-10,30,3.7954023668,54724.8955995,7227,True
1590af81,e006_hinge_075,0,-10,70,4.21663409937,67546.2318832,7361,False
1590af81,e006_jump_025,0,0,0,4.94000684596,92709.5333573,5589,False
1590af81,e006_jump_050,0,10,-10,4.5331352886,78066.8497544,5998,False
1590af81,e006_jump_075,0,-10,10,4.19656936274,66904.9275876,5568,False
1590af81,dtw_derivative,0,0,0,21.2745284514,1719448.52559,0,False
15e154a1,last_known_tvt,0,0,0,23.2264849024,3273501.5384,0,False
15e154a1,e004_geometry_prefix,0,0,0,17.2934627736,1814719.47034,0,False
15e154a1,align_visible_path,0,0,0,9.25623443749,519893.351336,0,False
15e154a1,pf_gr_path,0,0,0,10.5321406654,673098.889091,0,False
15e154a1,trellis_gr_path,0,0,0,18.4666834001,2069299.6257,0,False
15e154a1,e006_nested_fusion,0,0,0,13.7752876559,1151454.88143,0,False
15e154a1,wide64_anchor,0,0,0,8.03707774572,391960.146215,0,False
15e154a1,e006_affine,10,0,0,7.47035239974,338631.809076,350,False
15e154a1,e006_quadratic,10,0,0,7.47035239974,338631.809076,7604,False
15e154a1,wide64_quadratic,5,0,0,7.44531416391,336365.6418,7048,False
15e154a1,pf_quadratic,10,0,0,7.74390174377,363885.91027,7604,False
15e154a1,trellis_quadratic,15,0,0,7.83855142637,372835.447199,8157,False
15e154a1,e006_hinge_025,10,20,-50,7.04821159884,301441.77595,8351,False
15e154a1,e006_hinge_050,10,0,0,7.47035239974,338631.809076,8494,False
15e154a1,e006_hinge_075,10,0,20,7.38229177354,330695.270743,8631,False
15e154a1,e006_jump_025,10,0,0,7.47035239974,338631.809076,6528,False
15e154a1,e006_jump_050,10,30,-20,5.20182598871,164193.973267,7126,True
15e154a1,e006_jump_075,10,-10,10,7.33774732788,326716.507524,6521,False
15e154a1,dtw_derivative,0,0,0,7.09398514605,305369.826031,0,False
1619e2ca,last_known_tvt,0,0,0,7.81231567381,271166.4031,0,False
1619e2ca,e004_geometry_prefix,0,0,0,7.34554624155,239731.171314,0,False
1619e2ca,align_visible_path,0,0,0,22.7352154537,2296542.36653,0,False
1619e2ca,pf_gr_path,0,0,0,10.0034451458,444606.188393,0,False
1619e2ca,trellis_gr_path,0,0,0,8.70627151166,336775.684029,0,False
1619e2ca,e006_nested_fusion,0,0,0,8.48150468081,319611.299894,0,False
1619e2ca,wide64_anchor,0,0,0,7.51790021283,251113.1333,0,False
1619e2ca,e006_affine,5,0,0,7.25328609503,233746.937221,325,False
1619e2ca,e006_quadratic,5,0,-10,6.97066462935,215886.10476,7047,False
1619e2ca,wide64_quadratic,0,0,-10,7.24560762176,233252.300839,6489,False
1619e2ca,pf_quadratic,5,0,-10,7.27148847455,234921.601815,7047,False
1619e2ca,trellis_quadratic,5,0,-10,7.66521901356,261051.053162,7047,False
1619e2ca,e006_hinge_025,5,30,-70,6.63267181377,195457.946134,7760,True
1619e2ca,e006_hinge_050,5,10,-30,6.65988320306,197065.018729,7894,False
1619e2ca,e006_hinge_075,5,0,10,7.19709398325,230139.232894,8005,False
1619e2ca,e006_jump_025,5,-10,10,7.17989324662,229040.502227,6038,False
1619e2ca,e006_jump_050,5,0,0,7.25328609503,233746.937221,6518,False
1619e2ca,e006_jump_075,5,0,0,7.25328609503,233746.937221,6065,False
1619e2ca,dtw_derivative,0,0,0,16.7360661122,1244466.1233,0,False
16e4a047,last_known_tvt,0,0,0,10.7154070205,474321.2036,0,False
16e4a047,e004_geometry_prefix,0,0,0,6.56830323699,178222.111224,0,False
16e4a047,align_visible_path,0,0,0,6.56830323699,178222.111224,0,False
16e4a047,pf_gr_path,0,0,0,4.48768839661,83195.6430564,0,False
16e4a047,trellis_gr_path,0,0,0,6.03183936157,150298.528612,0,False
16e4a047,e006_nested_fusion,0,0,0,5.12204821385,108378.346126,0,False
16e4a047,wide64_anchor,0,0,0,13.4922226321,752007.53559,0,False
16e4a047,e006_affine,-5,-10,0,3.78727940454,59252.9377251,274,False
16e4a047,e006_quadratic,-5,-10,0,3.78727940454,59252.9377251,5907,False
16e4a047,wide64_quadratic,-15,-10,0,3.89389275083,62635.8775189,4798,False
16e4a047,pf_quadratic,0,-10,0,3.86055516828,61567.9539225,6465,False
16e4a047,trellis_quadratic,-5,0,0,3.87029907666,61879.1369288,5932,False
16e4a047,e006_hinge_025,-5,-10,10,2.82890125326,33059.0805843,6438,True
16e4a047,e006_hinge_050,-5,-10,10,3.14431137305,40841.9329581,6602,False
16e4a047,e006_hinge_075,-5,-10,30,3.4244201016,48442.8036762,6732,False
16e4a047,e006_jump_025,-5,-10,0,3.78727940454,59252.9377251,5097,False
16e4a047,e006_jump_050,-5,-10,0,3.78727940454,59252.9377251,5405,False
16e4a047,e006_jump_075,-5,-10,0,3.78727940454,59252.9377251,5091,False
16e4a047,dtw_derivative,0,0,0,15.6916144034,1017162.75623,0,False
173ed841,last_known_tvt,0,0,0,17.5805174769,1509211.2462,0,False
173ed841,e004_geometry_prefix,0,0,0,14.6088118815,1042117.08894,0,False
173ed841,align_visible_path,0,0,0,32.038126102,5012113.96232,0,False
173ed841,pf_gr_path,0,0,0,8.94470752846,390678.052094,0,False
173ed841,trellis_gr_path,0,0,0,16.4558820431,1322297.13078,0,False
173ed841,e006_nested_fusion,0,0,0,10.392854429,527419.779401,0,False
173ed841,wide64_anchor,0,0,0,9.55074279252,445411.086961,0,False
173ed841,e006_affine,5,10,0,9.0491118246,399851.412367,326,False
173ed841,e006_quadratic,5,10,-20,6.57349524611,210998.530502,7071,False
173ed841,wide64_quadratic,0,10,-20,6.69335661861,218763.394449,6513,False
173ed841,pf_quadratic,0,0,-20,6.42901296516,201825.170229,6488,False
173ed841,trellis_quadratic,10,10,-20,7.30188868655,260349.735282,7627,False
173ed841,e006_hinge_025,5,40,-80,7.98957938608,311698.388517,7784,False
173ed841,e006_hinge_050,5,30,-90,5.77175554009,162668.170117,7938,False
173ed841,e006_hinge_075,5,10,-90,7.12475883575,247871.766287,8020,False
173ed841,e006_jump_025,5,0,10,6.81627664966,226872.126422,6060,False
173ed841,e006_jump_050,5,-10,10,8.74290787282,373248.893108,6494,False
173ed841,e006_jump_075,5,30,-20,5.23565172156,133853.03502,6129,True
173ed841,dtw_derivative,0,0,0,16.7578965637,1371278.71583,0,False
1770d7c6,last_known_tvt,0,0,0,12.3328496083,1101198.0593,0,False
1770d7c6,e004_geometry_prefix,0,0,0,12.0672821693,1054283.72443,0,False
1770d7c6,align_visible_path,0,0,0,8.50216578593,523356.598893,0,False
1770d7c6,pf_gr_path,0,0,0,9.8874728854,707797.74923,0,False
1770d7c6,trellis_gr_path,0,0,0,11.3676059472,935570.646389,0,False
1770d7c6,e006_nested_fusion,0,0,0,9.33452919028,630846.070878,0,False
1770d7c6,wide64_anchor,0,0,0,9.42411743274,643013.283156,0,False
1770d7c6,e006_affine,5,-10,0,8.63173569667,539429.674633,324,False
1770d7c6,e006_quadratic,5,-10,-30,3.73262874777,100871.42575,7020,False
1770d7c6,wide64_quadratic,-5,-10,-30,3.57497588825,92530.4768355,5904,False
1770d7c6,pf_quadratic,0,-10,-30,3.25677000583,76791.4283052,6462,True
1770d7c6,trellis_quadratic,5,-10,-30,3.57325229101,92441.2752109,7020,False
1770d7c6,e006_hinge_025,5,40,-110,5.44123502247,214354.959245,7781,False
1770d7c6,e006_hinge_050,5,20,-110,3.31053844032,79347.9728973,7911,False
1770d7c6,e006_hinge_075,5,0,-110,5.52889722977,221317.42114,7993,False
1770d7c6,e006_jump_025,5,-20,10,5.54321007071,222464.76791,6016,False
1770d7c6,e006_jump_050,5,-10,0,8.63173569667,539429.674633,6493,False
1770d7c6,e006_jump_075,5,0,-10,5.76996717987,241037.853899,6064,False
1770d7c6,dtw_derivative,0,0,0,8.60263102631,535798.086562,0,False
177622d7,last_known_tvt,0,0,0,9.8003496065,302931.7725,0,False
177622d7,e004_geometry_prefix,0,0,0,8.43897871055,224616.40473,0,False
177622d7,align_visible_path,0,0,0,15.6745712647,774913.149388,0,False
177622d7,pf_gr_path,0,0,0,11.0796771458,387182.660797,0,False
177622d7,trellis_gr_path,0,0,0,9.52032360269,285867.714971,0,False
177622d7,e006_nested_fusion,0,0,0,6.05357926082,115580.922168,0,False
177622d7,wide64_anchor,0,0,0,6.61818332909,138146.305721,0,False
177622d7,e006_affine,0,-10,0,4.2770677656,57697.0955499,299,False
177622d7,e006_quadratic,0,-10,0,4.2770677656,57697.0955499,6465,False
177622d7,wide64_quadratic,-5,-10,0,4.72888733569,70530.9321176,5907,False
177622d7,pf_quadratic,10,0,0,4.64412524324,68025.154313,7604,False
177622d7,trellis_quadratic,-5,-10,0,6.14657519986,119159.339612,5907,False
177622d7,e006_hinge_025,0,10,-40,3.85469126165,46864.1654553,7098,True
177622d7,e006_hinge_050,0,0,-30,3.91076762882,48237.6022706,7246,False
177622d7,e006_hinge_075,0,-10,30,3.89966918926,47964.2020039,7357,False
177622d7,e006_jump_025,0,-10,0,4.2770677656,57697.0955499,5567,False
177622d7,e006_jump_050,0,-10,0,4.2770677656,57697.0955499,5949,False
177622d7,e006_jump_075,0,-10,0,4.2770677656,57697.0955499,5567,False
177622d7,dtw_derivative,0,0,0,78.8427640318,19605836.2623,0,False
18d24f7b,last_known_tvt,0,0,0,7.53007627197,258447.9378,0,False
18d24f7b,e004_geometry_prefix,0,0,0,6.53000989393,194357.811161,0,False
18d24f7b,align_visible_path,0,0,0,8.08404288398,297873.273538,0,False
18d24f7b,pf_gr_path,0,0,0,7.56160567056,260616.778485,0,False
18d24f7b,trellis_gr_path,0,0,0,5.50657923116,138209.566791,0,False
18d24f7b,e006_nested_fusion,0,0,0,4.41961965177,89031.5865947,0,False
18d24f7b,wide64_anchor,0,0,0,4.76422824634,103456.89503,0,False
18d24f7b,e006_affine,0,-10,0,4.24681085567,82205.364339,299,False
18d24f7b,e006_quadratic,0,-10,0,4.24681085567,82205.364339,6465,False
18d24f7b,wide64_quadratic,0,-10,0,4.60437133176,96630.6727741,6465,False
18d24f7b,pf_quadratic,5,0,0,3.89323177601,69086.7621901,7048,False
18d24f7b,trellis_quadratic,-5,0,0,3.52363977908,56592.2979803,5932,False
18d24f7b,e006_hinge_025,0,20,-60,2.39468438518,26137.9116424,7121,True
18d24f7b,e006_hinge_050,0,0,-20,2.96980396524,40200.354828,7247,False
18d24f7b,e006_hinge_075,0,0,-40,3.77142936054,64831.5308033,7375,False
18d24f7b,e006_jump_025,0,-10,0,4.24681085567,82205.364339,5567,False
18d24f7b,e006_jump_050,0,10,-10,3.84260587222,67301.6954549,5998,False
18d24f7b,e006_jump_075,0,-10,0,4.24681085567,82205.364339,5567,False
18d24f7b,dtw_derivative,0,0,0,28.8725779299,3799666.19731,0,False
19137a89,last_known_tvt,0,0,0,18.1199209425,2057653.7296,0,False
19137a89,e004_geometry_prefix,0,0,0,11.8975812086,887109.132805,0,False
19137a89,align_visible_path,0,0,0,7.63835060496,365644.354576,0,False
19137a89,pf_gr_path,0,0,0,6.95062346169,302766.080494,0,False
19137a89,trellis_gr_path,0,0,0,9.40971326396,554897.12415,0,False
19137a89,e006_nested_fusion,0,0,0,9.64979043216,583573.359896,0,False
19137a89,wide64_anchor,0,0,0,10.1337809757,643580.270183,0,False
19137a89,e006_affine,5,10,0,5.88396179028,216969.846792,326,False
19137a89,e006_quadratic,5,10,10,5.0927856059,162543.827582,7074,False
19137a89,wide64_quadratic,-5,10,10,5.25618894494,173141.681783,5958,False
19137a89,pf_quadratic,5,0,10,5.21955999014,170736.935277,7049,False
19137a89,trellis_quadratic,5,10,0,5.98863763962,224758.31414,7073,False
19137a89,e006_hinge_025,5,10,0,5.88396179028,216969.846792,7717,False
19137a89,e006_hinge_050,5,0,40,4.85567973028,147760.979905,7876,False
19137a89,e006_hinge_075,5,0,100,4.70704812121,138853.544731,8014,True
19137a89,e006_jump_025,5,10,0,5.88396179028,216969.846792,6081,False
19137a89,e006_jump_050,5,10,0,5.88396179028,216969.846792,6543,False
19137a89,e006_jump_075,5,0,10,5.55500231644,193387.403961,6066,False
19137a89,dtw_derivative,0,0,0,84.4192407111,44662453.6034,0,False
1944513c,last_known_tvt,0,0,0,5.73873699592,155510.1091,0,False
1944513c,e004_geometry_prefix,0,0,0,6.02210211745,171246.701097,0,False
1944513c,align_visible_path,0,0,0,15.0102757854,1063906.16636,0,False
1944513c,pf_gr_path,0,0,0,6.544832856,202266.100847,0,False
1944513c,trellis_gr_path,0,0,0,7.12128357524,239465.273822,0,False
1944513c,e006_nested_fusion,0,0,0,6.24466285036,184138.234249,0,False
1944513c,wide64_anchor,0,0,0,9.32616103927,410706.714887,0,False
1944513c,e006_affine,5,0,0,4.05066406065,77478.006207,325,False
1944513c,e006_quadratic,5,0,-10,3.54548897365,59357.8635182,7047,False
1944513c,wide64_quadratic,10,0,-10,3.88065177035,71110.7614444,7603,False
1944513c,pf_quadratic,5,0,-10,3.54462173749,59328.8288826,7047,False
1944513c,trellis_quadratic,5,0,-10,5.06175626336,120984.13969,7047,False
1944513c,e006_hinge_025,5,30,-70,2.72333610153,35020.9940624,7760,True
1944513c,e006_hinge_050,5,10,-40,3.62926450422,62196.1102939,7893,False
1944513c,e006_hinge_075,5,0,-10,3.9853001019,74997.717012,8003,False
1944513c,e006_jump_025,5,-10,10,3.82847578265,69211.4250364,6038,False
1944513c,e006_jump_050,5,0,0,4.05066406065,77478.006207,6518,False
1944513c,e006_jump_075,5,0,0,4.05066406065,77478.006207,6065,False
1944513c,dtw_derivative,0,0,0,7.97667443437,300448.276021,0,False
197f8a5a,last_known_tvt,0,0,0,24.615554351,3823390.006,0,False
197f8a5a,e004_geometry_prefix,0,0,0,24.0326549292,3644457.25358,0,False
197f8a5a,align_visible_path,0,0,0,13.3797269386,1129597.85653,0,False
197f8a5a,pf_gr_path,0,0,0,18.2829120509,2109211.34901,0,False
197f8a5a,trellis_gr_path,0,0,0,28.4633735216,5112132.51936,0,False
197f8a5a,e006_nested_fusion,0,0,0,21.396124834,2888681.13642,0,False
197f8a5a,wide64_anchor,0,0,0,21.1547624752,2823876.28466,0,False
197f8a5a,e006_affine,15,10,0,11.702916343,864206.563369,376,False
197f8a5a,e006_quadratic,15,10,-20,9.76684267418,601918.571838,8180,False
197f8a5a,wide64_quadratic,15,10,-20,9.7109012389,595043.11412,8180,False
197f8a5a,pf_quadratic,15,10,-20,9.75189370452,600077.408501,8180,False
197f8a5a,trellis_quadratic,25,10,-30,11.1003923688,777510.064776,9271,False
197f8a5a,e006_hinge_025,15,60,-120,9.24421695295,539224.502031,9053,False
197f8a5a,e006_hinge_050,15,30,-80,10.3407034655,674729.234894,9180,False
197f8a5a,e006_hinge_075,15,20,-110,10.7625669159,730905.262162,9293,False
197f8a5a,e006_jump_025,15,-10,20,7.88324916519,392138.845797,6977,True
197f8a5a,e006_jump_050,15,10,0,11.702916343,864206.563369,7603,False
197f8a5a,e006_jump_075,15,20,-10,10.879528521,746877.728695,7060,False
197f8a5a,dtw_derivative,0,0,0,16.3158759642,1679771.2715,0,False
19871e7f,last_known_tvt,0,0,0,5.35388010991,151718.7226,0,False
19871e7f,e004_geometry_prefix,0,0,0,5.82106799118,179352.418729,0,False
19871e7f,align_visible_path,0,0,0,15.9085520983,1339563.18406,0,False
19871e7f,pf_gr_path,0,0,0,10.5825660714,592766.799743,0,False
19871e7f,trellis_gr_path,0,0,0,6.66295279282,234982.416993,0,False
19871e7f,e006_nested_fusion,0,0,0,8.48544935596,381111.089139,0,False
19871e7f,wide64_anchor,0,0,0,17.1387209875,1554743.36226,0,False
19871e7f,e006_affine,-5,-10,0,3.6382322217,70062.0314688,274,False
19871e7f,e006_quadratic,-5,-10,0,3.6382322217,70062.0314688,5907,False
19871e7f,wide64_quadratic,-15,-10,0,3.68199568088,71757.6889831,4798,False
19871e7f,pf_quadratic,-5,-10,0,4.33219076818,99338.3721773,5907,False
19871e7f,trellis_quadratic,0,-10,-10,5.84300647475,180706.855647,6464,False
19871e7f,e006_hinge_025,-5,10,-50,3.32287200948,58442.5451258,6482,False
19871e7f,e006_hinge_050,-5,-10,0,3.6382322217,70062.0314688,6601,False
19871e7f,e006_hinge_075,-5,-10,0,3.6382322217,70062.0314688,6729,False
19871e7f,e006_jump_025,-5,-10,0,3.6382322217,70062.0314688,5097,False
19871e7f,e006_jump_050,-5,0,-10,3.11522104548,51366.4592444,5429,True
19871e7f,e006_jump_075,-5,-10,0,3.6382322217,70062.0314688,5091,False
19871e7f,dtw_derivative,0,0,0,29.0897521535,4479009.0101,0,False
198a5607,last_known_tvt,0,0,0,9.94485111512,618224.2982,0,False
198a5607,e004_geometry_prefix,0,0,0,9.11462438731,519310.437139,0,False
198a5607,align_visible_path,0,0,0,27.0869735373,4586384.55044,0,False
198a5607,pf_gr_path,0,0,0,10.4394783374,681250.90744,0,False
198a5607,trellis_gr_path,0,0,0,9.54661049306,569702.212185,0,False
198a5607,e006_nested_fusion,0,0,0,9.95223292091,619142.42264,0,False
198a5607,wide64_anchor,0,0,0,11.596577402,840638.277116,0,False
198a5607,e006_affine,-10,0,0,6.94040094567,301105.452207,250,False
198a5607,e006_quadratic,-10,0,10,5.79403042301,209850.999181,5377,False
198a5607,wide64_quadratic,-10,0,10,5.26219896935,173094.803194,5377,False
198a5607,pf_quadratic,-10,0,10,5.3228313243,177106.665702,5377,False
198a5607,trellis_quadratic,-5,0,10,6.06436106156,229889.745756,5933,False
198a5607,e006_hinge_025,-10,-20,40,6.51435676297,265272.712064,5802,False
198a5607,e006_hinge_050,-10,-20,60,5.32109417394,176991.084093,5960,False
198a5607,e006_hinge_075,-10,-10,90,4.34743705639,118145.206204,6113,True
198a5607,e006_jump_025,-10,10,-10,6.70903185374,281364.438699,4671,False
198a5607,e006_jump_050,-10,10,-10,6.20815882836,240921.266475,4919,False
198a5607,e006_jump_075,-10,-10,10,6.39056591987,255286.669184,4615,False
198a5607,dtw_derivative,0,0,0,21.4951146799,2888211.75933,0,False
19fb4f7b,last_known_tvt,0,0,0,11.0898804269,691178.2171,0,False
19fb4f7b,e004_geometry_prefix,0,0,0,10.2473301658,590143.698466,0,False
19fb4f7b,align_visible_path,0,0,0,13.0753253141,960818.422235,0,False
19fb4f7b,pf_gr_path,0,0,0,10.0158644199,563784.575239,0,False
19fb4f7b,trellis_gr_path,0,0,0,10.946964227,673478.464925,0,False
19fb4f7b,e006_nested_fusion,0,0,0,10.1359155921,577380.731088,0,False
19fb4f7b,wide64_anchor,0,0,0,10.0757850989,570550.522923,0,False
19fb4f7b,e006_affine,0,0,0,10.1359155921,577380.731088,300,False
19fb4f7b,e006_quadratic,0,0,-20,7.59170259886,323902.789724,6488,False
19fb4f7b,wide64_quadratic,0,0,-20,7.51123217711,317072.581559,6488,False
19fb4f7b,pf_quadratic,0,0,-20,7.43065969726,310306.633875,6488,False
19fb4f7b,trellis_quadratic,5,10,-20,7.84128088412,345549.554778,7071,False
19fb4f7b,e006_hinge_025,0,40,-80,9.07003887932,462332.701631,7169,False
19fb4f7b,e006_hinge_050,0,30,-100,6.08699100184,208229.202145,7314,False
19fb4f7b,e006_hinge_075,0,10,-100,8.08116832505,367015.682018,7394,False
19fb4f7b,e006_jump_025,0,-20,20,5.41683433908,164902.569724,5547,True
19fb4f7b,e006_jump_050,0,0,0,10.1359155921,577380.731088,5974,False
19fb4f7b,e006_jump_075,0,30,-20,7.38529299684,306529.145888,5653,False
19fb4f7b,dtw_derivative,0,0,0,12.6596701466,900701.934996,0,False
1a518997,last_known_tvt,0,0,0,10.760700738,533341.0858,0,False
1a518997,e004_geometry_prefix,0,0,0,6.20451057425,177312.352452,0,False
1a518997,align_visible_path,0,0,0,15.9195580247,1167309.30139,0,False
1a518997,pf_gr_path,0,0,0,16.0322510104,1183894.33175,0,False
1a518997,trellis_gr_path,0,0,0,9.51680310747,417163.307626,0,False
1a518997,e006_nested_fusion,0,0,0,11.0387178106,561256.257892,0,False
1a518997,wide64_anchor,0,0,0,13.2400512241,807426.993256,0,False
1a518997,e006_affine,10,0,0,2.8148533268,36495.1769519,350,False
1a518997,e006_quadratic,10,0,0,2.8148533268,36495.1769519,7604,False
1a518997,wide64_quadratic,15,0,0,3.40819607927,53502.3771709,8157,False
1a518997,pf_quadratic,15,0,0,3.2284355587,48007.3990977,8157,False
1a518997,trellis_quadratic,10,0,0,6.27417354967,181316.358686,7604,False
1a518997,e006_hinge_025,10,10,-20,2.27583029909,23856.3327525,8329,False
1a518997,e006_hinge_050,10,0,10,2.38667890121,26236.8638335,8495,False
1a518997,e006_hinge_075,10,0,20,2.56546050107,30314.7924052,8631,False
1a518997,e006_jump_025,10,0,0,2.8148533268,36495.1769519,6528,False
1a518997,e006_jump_050,10,0,0,2.8148533268,36495.1769519,7053,False
1a518997,e006_jump_075,10,0,0,2.8148533268,36495.1769519,6542,False
1a518997,dtw_derivative,0,0,0,1.7761144048,14530.0064374,0,True
1a68190b,last_known_tvt,0,0,0,16.4318261477,1208001.9698,0,False
1a68190b,e004_geometry_prefix,0,0,0,12.4646498803,695114.179964,0,False
1a68190b,align_visible_path,0,0,0,20.5920592559,1897123.21428,0,False
1a68190b,pf_gr_path,0,0,0,19.3381158784,1673109.23489,0,False
1a68190b,trellis_gr_path,0,0,0,13.775960408,849062.679017,0,False
1a68190b,e006_nested_fusion,0,0,0,15.2530855889,1040905.71779,0,False
1a68190b,wide64_anchor,0,0,0,18.8545439589,1590479.38602,0,False
1a68190b,e006_affine,10,0,0,9.437535945,398486.137007,350,False
1a68190b,e006_quadratic,10,0,-30,5.44563551333,132676.229049,7601,False
1a68190b,wide64_quadratic,15,0,-30,5.20175282617,121058.532046,8154,False
1a68190b,pf_quadratic,15,0,-30,5.53532300155,137082.468473,8154,False
1a68190b,trellis_quadratic,10,0,-30,6.2346783505,173909.812036,7601,False
1a68190b,e006_hinge_025,10,50,-120,6.28911091165,176959.746448,8419,False
1a68190b,e006_hinge_050,10,30,-120,4.66661151384,97431.4747564,8557,True
1a68190b,e006_hinge_075,10,10,-110,8.17606332579,299078.003484,8643,False
1a68190b,e006_jump_025,10,-20,20,5.02266075507,112866.139625,6486,False
1a68190b,e006_jump_050,10,0,0,9.437535945,398486.137007,7053,False
1a68190b,e006_jump_075,10,10,-10,6.77879037507,205589.243299,6563,False
1a68190b,dtw_derivative,0,0,0,29.7064299745,3948179.64669,0,False
1a730ac2,last_known_tvt,0,0,0,16.3504007256,1231080.4559,0,False
1a730ac2,e004_geometry_prefix,0,0,0,11.1500525715,572510.511155,0,False
1a730ac2,align_visible_path,0,0,0,11.1500525715,572510.511155,0,False
1a730ac2,pf_gr_path,0,0,0,7.63411503961,268378.075777,0,False
1a730ac2,trellis_gr_path,0,0,0,11.8226255103,643661.452567,0,False
1a730ac2,e006_nested_fusion,0,0,0,8.56479917537,337803.389531,0,False
1a730ac2,wide64_anchor,0,0,0,9.04626843918,376850.049162,0,False
1a730ac2,e006_affine,5,0,0,7.15535192544,235771.67672,325,False
1a730ac2,e006_quadratic,5,0,-10,6.26693184435,180858.771986,7047,False
1a730ac2,wide64_quadratic,5,0,-10,6.28391987509,181840.623629,7047,False
1a730ac2,pf_quadratic,0,0,-10,6.80845694727,213465.171043,6489,False
1a730ac2,trellis_quadratic,10,0,-20,7.90732248185,287931.073371,7602,False
1a730ac2,e006_hinge_025,5,40,-100,4.91483026019,111236.33762,7782,True
1a730ac2,e006_hinge_050,5,10,-50,6.04177217272,168096.365595,7892,False
1a730ac2,e006_hinge_075,5,0,-10,7.12269937303,233624.757481,8003,False
1a730ac2,e006_jump_025,5,-10,10,5.65275184627,147146.343821,6038,False
1a730ac2,e006_jump_050,5,10,-10,6.10737759579,171766.781354,6542,False
1a730ac2,e006_jump_075,5,0,0,7.15535192544,235771.67672,6065,False
1a730ac2,dtw_derivative,0,0,0,19.7111601827,1789179.89362,0,False
1aaf1da0,last_known_tvt,0,0,0,9.28819940399,414444.1938,0,False
1aaf1da0,e004_geometry_prefix,0,0,0,8.1907377617,322291.641129,0,False
1aaf1da0,align_visible_path,0,0,0,8.1907377617,322291.641129,0,False
1aaf1da0,pf_gr_path,0,0,0,5.42369278888,141316.594421,0,False
1aaf1da0,trellis_gr_path,0,0,0,8.48905217018,346195.488418,0,False
1aaf1da0,e006_nested_fusion,0,0,0,5.68244761389,155122.17309,0,False
1aaf1da0,wide64_anchor,0,0,0,5.65950822272,153872.280084,0,False
1aaf1da0,e006_affine,0,10,0,4.12497917276,81742.2370561,301,False
1aaf1da0,e006_quadratic,0,10,-10,3.90930212726,73417.817559,6514,False
1aaf1da0,wide64_quadratic,0,10,-10,3.87588255247,72167.924553,6514,False
1aaf1da0,pf_quadratic,0,10,-10,3.74051842275,67215.0606528,6514,False
1aaf1da0,trellis_quadratic,5,10,0,4.26331090598,87316.6387086,7073,False
1aaf1da0,e006_hinge_025,0,20,-30,3.71766834641,66396.3623146,7124,False
1aaf1da0,e006_hinge_050,0,20,-50,3.45271293324,57269.5725833,7294,True
1aaf1da0,e006_hinge_075,0,10,-30,3.48432617941,58323.1009534,7401,False
1aaf1da0,e006_jump_025,0,10,0,4.12497917276,81742.2370561,5611,False
1aaf1da0,e006_jump_050,0,10,0,4.12497917276,81742.2370561,5999,False
1aaf1da0,e006_jump_075,0,10,0,4.12497917276,81742.2370561,5611,False
1aaf1da0,dtw_derivative,0,0,0,8.06633376805,312575.817158,0,False
1b08ed48,last_known_tvt,0,0,0,11.8384908795,787361.9489,0,False
1b08ed48,e004_geometry_prefix,0,0,0,11.1305482322,696008.985989,0,False
1b08ed48,align_visible_path,0,0,0,20.2871018572,2312180.60692,0,False
1b08ed48,pf_gr_path,0,0,0,16.3233278,1496921.88915,0,False
1b08ed48,trellis_gr_path,0,0,0,14.9887152482,1262148.78336,0,False
1b08ed48,e006_nested_fusion,0,0,0,12.6881165065,904432.272111,0,False
1b08ed48,wide64_anchor,0,0,0,10.2922642588,595118.692673,0,False
1b08ed48,e006_affine,-10,-10,0,3.9405623794,87236.4830227,249,False
1b08ed48,e006_quadratic,-10,-10,10,3.03181294219,51640.0364269,5352,False
1b08ed48,wide64_quadratic,-10,-10,10,3.21127862312,57934.5598008,5352,False
1b08ed48,pf_quadratic,-15,-10,10,2.94638070237,48770.7526289,4799,False
1b08ed48,trellis_quadratic,-15,-10,10,4.08402657928,93704.1562774,4799,False
1b08ed48,e006_hinge_025,-10,-20,30,3.53387665989,70159.1809016,5801,False
1b08ed48,e006_hinge_050,-10,-20,50,2.78153245324,43466.0322255,5959,True
1b08ed48,e006_hinge_075,-10,-10,40,3.07873380355,53250.7850986,6108,False
1b08ed48,e006_jump_025,-10,-10,0,3.9405623794,87236.4830227,4628,False
1b08ed48,e006_jump_050,-10,-10,0,3.9405623794,87236.4830227,4870,False
1b08ed48,e006_jump_075,-10,-10,0,3.9405623794,87236.4830227,4614,False
1b08ed48,dtw_derivative,0,0,0,17.8234581806,1784701.8664,0,False
1b1c5372,last_known_tvt,0,0,0,17.8333749004,1355122.6783,0,False
1b1c5372,e004_geometry_prefix,0,0,0,20.4973238129,1790217.74795,0,False
1b1c5372,align_visible_path,0,0,0,21.683587416,2003428.30132,0,False
1b1c5372,pf_gr_path,0,0,0,13.5647875987,784038.754125,0,False
1b1c5372,trellis_gr_path,0,0,0,18.2916385529,1425662.59849,0,False
1b1c5372,e006_nested_fusion,0,0,0,14.8191067837,935740.850122,0,False
1b1c5372,wide64_anchor,0,0,0,15.0488768201,964983.103203,0,False
1b1c5372,e006_affine,-5,-20,0,6.78283878961,196035.409617,273,False
1b1c5372,e006_quadratic,-5,-20,0,6.78283878961,196035.409617,5882,False
1b1c5372,wide64_quadratic,-5,-20,0,6.86642447791,200896.712357,5882,False
1b1c5372,pf_quadratic,5,-20,0,6.79167265566,196546.369204,6998,False
1b1c5372,trellis_quadratic,-15,-20,0,7.76674323051,257033.322041,4773,False
1b1c5372,e006_hinge_025,-5,0,-50,6.72642096227,192787.832716,6457,False
1b1c5372,e006_hinge_050,-5,-10,-40,6.71164413711,191941.717686,6597,False
1b1c5372,e006_hinge_075,-5,-20,20,6.64982283643,188422.032544,6706,True
1b1c5372,e006_jump_025,-5,-20,0,6.78283878961,196035.409617,5075,False
1b1c5372,e006_jump_050,-5,-20,0,6.78283878961,196035.409617,5380,False
1b1c5372,e006_jump_075,-5,-20,0,6.78283878961,196035.409617,5069,False
1b1c5372,dtw_derivative,0,0,0,33.4465884749,4766671.10967,0,False
1b1eba53,last_known_tvt,0,0,0,70.6393746197,23228083.4032,0,False
1b1eba53,e004_geometry_prefix,0,0,0,68.8470020296,22064279.5998,0,False
1b1eba53,align_visible_path,0,0,0,66.899280006,20833516.1121,0,False
1b1eba53,pf_gr_path,0,0,0,59.7753757843,16632759.786,0,False
1b1eba53,trellis_gr_path,0,0,0,69.1454067878,22255961.2877,0,False
1b1eba53,e006_nested_fusion,0,0,0,64.8699823667,19588773.52,0,False
1b1eba53,wide64_anchor,0,0,0,56.2574740616,14732625.2701,0,False
1b1eba53,e006_affine,60,40,0,9.8487270847,451523.014254,594,False
1b1eba53,e006_quadratic,60,40,-30,6.41755293001,191716.108012,12849,False
1b1eba53,wide64_quadratic,50,40,-30,6.39682553836,190479.699787,11917,True
1b1eba53,pf_quadratic,55,40,-30,6.7518453508,212209.41981,12391,False
1b1eba53,trellis_quadratic,60,40,-30,8.19171927122,312370.351799,12849,False
1b1eba53,e006_hinge_025,60,90,-120,8.01952848291,299376.256646,14109,False
1b1eba53,e006_hinge_050,60,70,-110,7.05968211677,232001.064451,14416,False
1b1eba53,e006_hinge_075,60,50,-120,7.11520490072,235664.685328,14621,False
1b1eba53,e006_jump_025,60,30,10,8.03406848984,300462.824005,11036,False
1b1eba53,e006_jump_050,60,40,0,9.8487270847,451523.014254,11831,False
1b1eba53,e006_jump_075,60,50,-10,8.9357348012,371689.444216,11081,False
1b1eba53,dtw_derivative,0,0,0,40.8697396085,7775412.29092,0,False
1b6ba517,last_known_tvt,0,0,0,7.81827982707,403244.9199,0,False
1b6ba517,e004_geometry_prefix,0,0,0,5.83541858727,224641.770255,0,False
1b6ba517,align_visible_path,0,0,0,5.83541858727,224641.770255,0,False
1b6ba517,pf_gr_path,0,0,0,4.55719024806,137006.383567,0,False
1b6ba517,trellis_gr_path,0,0,0,6.09885843355,245382.501448,0,False
1b6ba517,e006_nested_fusion,0,0,0,4.61625855897,140581.03482,0,False
1b6ba517,wide64_anchor,0,0,0,6.29352930275,261297.347625,0,False
1b6ba517,e006_affine,-5,0,0,3.94465708386,102651.427803,275,False
1b6ba517,e006_quadratic,-5,0,10,3.61974728027,86437.6567509,5933,False
1b6ba517,wide64_quadratic,-5,0,10,3.07712474355,62464.9920468,5933,True
1b6ba517,pf_quadratic,-5,0,10,3.608828108,85916.9551453,5933,False
1b6ba517,trellis_quadratic,-5,0,10,4.04341326455,107855.611892,5933,False
1b6ba517,e006_hinge_025,-5,-10,20,3.72969782644,91768.5308477,6439,False
1b6ba517,e006_hinge_050,-5,-10,30,3.6483834544,87810.6999749,6604,False
1b6ba517,e006_hinge_075,-5,-10,80,3.25915540595,70073.953855,6737,False
1b6ba517,e006_jump_025,-5,0,0,3.94465708386,102651.427803,5119,False
1b6ba517,e006_jump_050,-5,0,0,3.94465708386,102651.427803,5430,False
1b6ba517,e006_jump_075,-5,0,0,3.94465708386,102651.427803,5113,False
1b6ba517,dtw_derivative,0,0,0,7.92772908731,414614.117315,0,False
1b82b665,last_known_tvt,0,0,0,6.10659445589,141927.6272,0,False
1b82b665,e004_geometry_prefix,0,0,0,5.46809147972,113799.492983,0,False
1b82b665,align_visible_path,0,0,0,28.9024536137,3179349.04555,0,False
1b82b665,pf_gr_path,0,0,0,9.83563476143,368191.340676,0,False
1b82b665,trellis_gr_path,0,0,0,5.71179422119,124169.201815,0,False
1b82b665,e006_nested_fusion,0,0,0,6.34964448033,153450.251011,0,False
1b82b665,wide64_anchor,0,0,0,5.54718262999,117115.320906,0,False
1b82b665,e006_affine,5,10,0,5.55000530251,117234.539013,326,False
1b82b665,e006_quadratic,5,10,-10,5.54033853115,116826.506057,7072,False
1b82b665,wide64_quadratic,0,10,-10,5.24409214883,104666.912383,6514,False
1b82b665,pf_quadratic,10,10,-10,5.32153891641,107781.263126,7628,False
1b82b665,trellis_quadratic,0,0,0,5.71179422119,124169.201815,6490,False
1b82b665,e006_hinge_025,5,0,10,4.88370552379,90775.3061216,7693,False
1b82b665,e006_hinge_050,5,10,-20,4.61513218571,81065.6880185,7895,False
1b82b665,e006_hinge_075,5,10,-60,3.73291429162,53035.2745073,8023,False
1b82b665,e006_jump_025,5,10,0,5.55000530251,117234.539013,6081,False
1b82b665,e006_jump_050,5,-10,10,3.50106197489,46651.7974274,6494,True
1b82b665,e006_jump_075,5,20,-10,5.53808249945,116731.381675,6108,False
1b82b665,dtw_derivative,0,0,0,29.8666429739,3395014.27579,0,False
1bcb2fcf,last_known_tvt,0,0,0,6.20620314632,174250.7157,0,False
1bcb2fcf,e004_geometry_prefix,0,0,0,4.33755512642,85116.2753639,0,False
1bcb2fcf,align_visible_path,0,0,0,10.5623674493,504713.754149,0,False
1bcb2fcf,pf_gr_path,0,0,0,5.25785182893,125066.006488,0,False
1bcb2fcf,trellis_gr_path,0,0,0,7.02095785992,223005.374101,0,False
1bcb2fcf,e006_nested_fusion,0,0,0,4.36747565828,86294.5925624,0,False
1bcb2fcf,wide64_anchor,0,0,0,5.1921082645,121957.938754,0,False
1bcb2fcf,e006_affine,0,0,0,4.36747565828,86294.5925624,300,False
1bcb2fcf,e006_quadratic,0,0,0,4.36747565828,86294.5925624,6490,False
1bcb2fcf,wide64_quadratic,5,0,0,4.88103395153,107782.00378,7048,False
1bcb2fcf,pf_quadratic,-5,0,0,4.84326030196,106120.238675,5932,False
1bcb2fcf,trellis_quadratic,0,0,10,6.63577681326,199207.707433,6491,False
1bcb2fcf,e006_hinge_025,0,0,10,3.37060466401,51397.0545239,7078,False
1bcb2fcf,e006_hinge_050,0,0,20,3.57240179053,57735.5347978,7251,False
1bcb2fcf,e006_hinge_075,0,0,50,2.97308759,39988.7661757,7384,True
1bcb2fcf,e006_jump_025,0,0,0,4.36747565828,86294.5925624,5589,False
1bcb2fcf,e006_jump_050,0,0,0,4.36747565828,86294.5925624,5974,False
1bcb2fcf,e006_jump_075,0,0,0,4.36747565828,86294.5925624,5589,False
1bcb2fcf,dtw_derivative,0,0,0,15.5512134395,1094085.24323,0,False
1beca81d,last_known_tvt,0,0,0,8.15476996689,334895.3759,0,False
1beca81d,e004_geometry_prefix,0,0,0,9.48955910186,453500.522089,0,False
1beca81d,align_visible_path,0,0,0,23.0696723168,2680208.45614,0,False
1beca81d,pf_gr_path,0,0,0,8.99463863817,407430.148028,0,False
1beca81d,trellis_gr_path,0,0,0,8.54588714524,367790.094231,0,False
1beca81d,e006_nested_fusion,0,0,0,8.99569604079,407525.947993,0,False
1beca81d,wide64_anchor,0,0,0,7.48608254746,282224.651085,0,False
1beca81d,e006_affine,-5,-10,0,6.19433757518,193230.403424,274,False
1beca81d,e006_quadratic,-5,-10,0,6.19433757518,193230.403424,5907,False
1beca81d,wide64_quadratic,0,-10,0,6.3873563561,205460.345663,6465,False
1beca81d,pf_quadratic,-5,-10,0,6.18700684033,192773.314142,5907,False
1beca81d,trellis_quadratic,-5,0,10,6.31504724436,200834.782073,5933,False
1beca81d,e006_hinge_025,-5,10,-40,5.80682085525,169809.732289,6483,False
1beca81d,e006_hinge_050,-5,-10,10,5.99431516643,180952.616888,6602,False
1beca81d,e006_hinge_075,-5,-10,50,5.3586242047,144608.001557,6734,False
1beca81d,e006_jump_025,-5,-10,0,6.19433757518,193230.403424,5097,False
1beca81d,e006_jump_050,-5,10,-10,3.7144257154,69481.4824783,5454,True
1beca81d,e006_jump_075,-5,-10,0,6.19433757518,193230.403424,5091,False
1beca81d,dtw_derivative,0,0,0,18.7922703707,1778460.50775,0,False
1d3fbf02,last_known_tvt,0,0,0,5.9063722839,93980.8192,0,False
1d3fbf02,e004_geometry_prefix,0,0,0,5.07756696315,69455.8627986,0,False
1d3fbf02,align_visible_path,0,0,0,12.9139933604,449281.678837,0,False
1d3fbf02,pf_gr_path,0,0,0,5.97589786624,96206.3911989,0,False
1d3fbf02,trellis_gr_path,0,0,0,5.87330025423,92931.2969308,0,False
1d3fbf02,e006_nested_fusion,0,0,0,5.89215218,93528.8299991,0,False
1d3fbf02,wide64_anchor,0,0,0,4.50233553184,54610.142,0,False
1d3fbf02,e006_affine,-5,0,0,4.65787788765,58448.5563654,275,False
1d3fbf02,e006_quadratic,-5,0,10,3.29777242501,29298.0661935,5933,False
1d3fbf02,wide64_quadratic,0,0,10,3.0741668452,25459.651828,6491,False
1d3fbf02,pf_quadratic,-5,0,10,3.14254526596,26604.8414768,5933,False
1d3fbf02,trellis_quadratic,-5,0,10,4.1590871893,46600.8288327,5933,False
1d3fbf02,e006_hinge_025,-5,-30,80,2.19828540785,13018.6438304,6395,True
1d3fbf02,e006_hinge_050,-5,-10,50,2.69284517909,19535.3124371,6606,False
1d3fbf02,e006_hinge_075,-5,0,50,3.47923603295,32611.0946068,6759,False
1d3fbf02,e006_jump_025,-5,20,-10,4.41363695426,52479.6349959,5162,False
1d3fbf02,e006_jump_050,-5,0,0,4.65787788765,58448.5563654,5430,False
1d3fbf02,e006_jump_075,-5,-10,10,3.60348761406,34981.9213208,5092,False
1d3fbf02,dtw_derivative,0,0,0,22.1512345802,1321884.35909,0,False
1d78281a,last_known_tvt,0,0,0,11.881246004,698620.6687,0,False
1d78281a,e004_geometry_prefix,0,0,0,8.3186113883,342467.313081,0,False
1d78281a,align_visible_path,0,0,0,42.8516992266,9087690.95858,0,False
1d78281a,pf_gr_path,0,0,0,24.8972104944,3067742.02641,0,False
1d78281a,trellis_gr_path,0,0,0,8.6429255079,369691.098447,0,False
1d78281a,e006_nested_fusion,0,0,0,10.8770865288,585521.195197,0,False
1d78281a,wide64_anchor,0,0,0,10.3728805087,532495.821088,0,False
1d78281a,e006_affine,5,0,0,8.41625427838,350554.180252,325,False
1d78281a,e006_quadratic,5,0,-20,6.06690557556,182159.541808,7046,False
1d78281a,wide64_quadratic,5,0,-20,5.82284645196,167798.521435,7046,False
1d78281a,pf_quadratic,25,10,-20,6.14098640361,186635.272632,9272,False
1d78281a,trellis_quadratic,0,0,-20,6.84977909633,232204.475186,6488,False
1d78281a,e006_hinge_025,5,40,-90,6.77082028289,226881.992143,7783,False
1d78281a,e006_hinge_050,5,30,-110,5.08270650308,127851.997807,7936,False
1d78281a,e006_hinge_075,5,10,-90,7.87373899057,306817.044408,8020,False
1d78281a,e006_jump_025,5,-10,10,5.00699008058,124071.180902,6038,True
1d78281a,e006_jump_050,5,20,-10,8.41349882328,350324.677162,6567,False
1d78281a,e006_jump_075,5,10,-10,6.46680151157,206964.813339,6086,False
1d78281a,dtw_derivative,0,0,0,18.2955010304,1656555.79651,0,False
1e30dedf,last_known_tvt,0,0,0,12.1370592321,599691.7099,0,False
1e30dedf,e004_geometry_prefix,0,0,0,9.22159973833,346189.297959,0,False
1e30dedf,align_visible_path,0,0,0,27.2796349283,3029550.59949,0,False
1e30dedf,pf_gr_path,0,0,0,18.6496552693,1415933.05121,0,False
1e30dedf,trellis_gr_path,0,0,0,8.84043579385,318162.104758,0,False
1e30dedf,e006_nested_fusion,0,0,0,13.2430513256,713965.500651,0,False
1e30dedf,wide64_anchor,0,0,0,17.9583931081,1312913.3078,0,False
1e30dedf,e006_affine,-10,-10,0,6.49324617073,171642.502789,249,False
1e30dedf,e006_quadratic,-10,-10,10,6.28422932285,160770.051939,5352,False
1e30dedf,wide64_quadratic,-15,-10,10,6.34133893065,163705.410873,4799,False
1e30dedf,pf_quadratic,-15,-10,10,6.60033960489,177351.009885,4799,False
1e30dedf,trellis_quadratic,-5,-10,0,6.25931075287,159497.591352,5907,False
1e30dedf,e006_hinge_025,-10,0,-10,6.03011430523,148030.835912,5847,False
1e30dedf,e006_hinge_050,-10,-10,20,5.81208840796,137519.893036,5981,False
1e30dedf,e006_hinge_075,-10,-10,70,4.36599420195,77601.0167671,6111,True
1e30dedf,e006_jump_025,-10,-10,0,6.49324617073,171642.502789,4628,False
1e30dedf,e006_jump_050,-10,10,-10,4.5304017005,83555.4005808,4919,False
1e30dedf,e006_jump_075,-10,-10,0,6.49324617073,171642.502789,4614,False
1e30dedf,dtw_derivative,0,0,0,28.3148431044,3263844.21425,0,False
1e5e3573,last_known_tvt,0,0,0,11.9217591726,778863.3129,0,False
1e5e3573,e004_geometry_prefix,0,0,0,7.94531393645,345941.514247,0,False
1e5e3573,align_visible_path,0,0,0,7.94531393645,345941.514247,0,False
1e5e3573,pf_gr_path,0,0,0,7.60769048765,317165.710967,0,False
1e5e3573,trellis_gr_path,0,0,0,8.14366372221,363429.538336,0,False
1e5e3573,e006_nested_fusion,0,0,0,7.58951054497,315651.673311,0,False
1e5e3573,wide64_anchor,0,0,0,8.47203459742,393329.028805,0,False
1e5e3573,e006_affine,0,-10,0,6.14228722115,206747.753843,299,False
1e5e3573,e006_quadratic,0,-10,-10,5.50648452134,166161.117375,6464,False
1e5e3573,wide64_quadratic,5,-10,-10,5.58654130387,171027.751695,7022,False
1e5e3573,pf_quadratic,0,-10,-10,5.84560280007,187257.475087,6464,False
1e5e3573,trellis_quadratic,0,-10,-10,6.17716609058,209102.44739,6464,False
1e5e3573,e006_hinge_025,0,30,-90,4.63183454012,117567.323815,7143,True
1e5e3573,e006_hinge_050,0,0,-30,5.22908571331,149841.488936,7246,False
1e5e3573,e006_hinge_075,0,-10,10,6.09583706643,203632.577882,7355,False
1e5e3573,e006_jump_025,0,-20,10,5.26813931589,152088.039347,5546,False
1e5e3573,e006_jump_050,0,10,-10,5.32630976866,155465.275119,5998,False
1e5e3573,e006_jump_075,0,-10,0,6.14228722115,206747.753843,5567,False
1e5e3573,dtw_derivative,0,0,0,13.1599390284,949048.29386,0,False
1f9afacb,last_known_tvt,0,0,0,2.51840417543,33792.0919,0,False
1f9afacb,e004_geometry_prefix,0,0,0,1.70475238054,15484.1306574,0,True
1f9afacb,align_visible_path,0,0,0,10.3835723126,574457.362122,0,False
1f9afacb,pf_gr_path,0,0,0,1.96613408866,20596.3603805,0,False
1f9afacb,trellis_gr_path,0,0,0,3.38598986365,61085.1329565,0,False
1f9afacb,e006_nested_fusion,0,0,0,1.73326557883,16006.4285717,0,False
1f9afacb,wide64_anchor,0,0,0,2.35487374975,29546.0530501,0,False
1f9afacb,e006_affine,0,0,0,1.73326557883,16006.4285717,300,False
1f9afacb,e006_quadratic,0,0,0,1.73326557883,16006.4285717,6490,False
1f9afacb,wide64_quadratic,0,0,0,2.35487374975,29546.0530501,6490,False
1f9afacb,pf_quadratic,0,0,0,1.96613408866,20596.3603805,6490,False
1f9afacb,trellis_quadratic,0,0,0,3.38598986365,61085.1329565,6490,False
1f9afacb,e006_hinge_025,0,0,0,1.73326557883,16006.4285717,7077,False
1f9afacb,e006_hinge_050,0,0,0,1.73326557883,16006.4285717,7249,False
1f9afacb,e006_hinge_075,0,0,0,1.73326557883,16006.4285717,7379,False
1f9afacb,e006_jump_025,0,0,0,1.73326557883,16006.4285717,5589,False
1f9afacb,e006_jump_050,0,0,0,1.73326557883,16006.4285717,5974,False
1f9afacb,e006_jump_075,0,0,0,1.73326557883,16006.4285717,5589,False
1f9afacb,dtw_derivative,0,0,0,5.79220039599,178752.191157,0,False
1fdbba44,last_known_tvt,0,0,0,5.8353217532,167224.3626,0,False
1fdbba44,e004_geometry_prefix,0,0,0,6.5366305626,209834.944579,0,False
1fdbba44,align_visible_path,0,0,0,17.9113756272,1575534.13775,0,False
1fdbba44,pf_gr_path,0,0,0,5.64557711959,156526.048916,0,False
1fdbba44,trellis_gr_path,0,0,0,7.59962517893,283631.381346,0,False
1fdbba44,e006_nested_fusion,0,0,0,5.54379993091,150933.287497,0,False
1fdbba44,wide64_anchor,0,0,0,6.2271962569,190438.626493,0,False
1fdbba44,e006_affine,0,10,0,4.7309934891,109919.472323,301,False
1fdbba44,e006_quadratic,0,10,0,4.7309934891,109919.472323,6515,False
1fdbba44,wide64_quadratic,5,10,0,5.19840059359,132711.76384,7073,False
1fdbba44,pf_quadratic,0,10,0,5.53506178743,150457.860053,6515,False
1fdbba44,trellis_quadratic,5,0,-10,6.27093583829,193123.28881,7047,False
1fdbba44,e006_hinge_025,0,10,-10,4.18122725224,85857.3498155,7101,False
1fdbba44,e006_hinge_050,0,10,-20,4.05185469924,80626.47266,7272,False
1fdbba44,e006_hinge_075,0,10,-40,3.77958688948,70154.9956178,7400,True
1fdbba44,e006_jump_025,0,10,0,4.7309934891,109919.472323,5611,False
1fdbba44,e006_jump_050,0,10,0,4.7309934891,109919.472323,5999,False
1fdbba44,e006_jump_075,0,10,0,4.7309934891,109919.472323,5611,False
1fdbba44,dtw_derivative,0,0,0,27.8623945676,3812473.29545,0,False
1fee2b62,last_known_tvt,0,0,0,8.27118369026,317502.318,0,False
1fee2b62,e004_geometry_prefix,0,0,0,7.97561884905,295216.312054,0,False
1fee2b62,align_visible_path,0,0,0,24.2341101314,2725622.60761,0,False
1fee2b62,pf_gr_path,0,0,0,12.7791646925,757908.020159,0,False
1fee2b62,trellis_gr_path,0,0,0,9.44316582486,413853.660274,0,False
1fee2b62,e006_nested_fusion,0,0,0,10.5187485931,513499.137987,0,False
1fee2b62,wide64_anchor,0,0,0,12.3136361273,703694.570533,0,False
1fee2b62,e006_affine,5,10,0,6.32587343721,185717.387485,326,False
1fee2b62,e006_quadratic,5,10,-10,6.32088102533,185424.364922,7072,False
1fee2b62,wide64_quadratic,10,10,-10,6.17894728516,177190.546914,7628,False
1fee2b62,pf_quadratic,10,10,-10,6.27594576956,182797.365699,7628,False
1fee2b62,trellis_quadratic,0,10,0,7.65398718801,271886.115736,6515,False
1fee2b62,e006_hinge_025,5,0,20,6.19882747229,178332.569287,7694,False
1fee2b62,e006_hinge_050,5,20,-40,5.95240174155,164435.672413,7918,False
1fee2b62,e006_hinge_075,5,10,-40,5.90918119945,162056.398581,8025,False
1fee2b62,e006_jump_025,5,10,0,6.32587343721,185717.387485,6081,False
1fee2b62,e006_jump_050,5,-10,10,5.55698645187,143314.536796,6494,True
1fee2b62,e006_jump_075,5,20,-10,6.09034077081,172145.13552,6108,False
1fee2b62,dtw_derivative,0,0,0,15.1235696631,1061500.46976,0,False
20096916,last_known_tvt,0,0,0,10.4571500394,561303.749,0,False
20096916,e004_geometry_prefix,0,0,0,4.91936033526,124219.144653,0,False
20096916,align_visible_path,0,0,0,21.6084193421,2396719.79593,0,False
20096916,pf_gr_path,0,0,0,7.36004384648,278055.869752,0,False
20096916,trellis_gr_path,0,0,0,4.11195264478,86789.5573199,0,True
20096916,e006_nested_fusion,0,0,0,5.21263115291,139471.430312,0,False
20096916,wide64_anchor,0,0,0,5.4521286852,152582.055057,0,False
20096916,e006_affine,0,0,0,5.21263115291,139471.430312,300,False
20096916,e006_quadratic,0,0,0,5.21263115291,139471.430312,6490,False
20096916,wide64_quadratic,-5,0,0,5.23052996947,140430.891828,5932,False
20096916,pf_quadratic,5,0,0,4.7651418126,116552.857145,7048,False
20096916,trellis_quadratic,0,0,0,4.11195264478,86789.5573199,6490,False
20096916,e006_hinge_025,0,-10,30,4.86114508767,121296.545115,7055,False
20096916,e006_hinge_050,0,0,10,4.95959030685,126259.152349,7250,False
20096916,e006_hinge_075,0,0,0,5.21263115291,139471.430312,7379,False
20096916,e006_jump_025,0,0,0,5.21263115291,139471.430312,5589,False
20096916,e006_jump_050,0,-10,10,4.89589978945,123037.161763,5950,False
20096916,e006_jump_075,0,0,0,5.21263115291,139471.430312,5589,False
20096916,dtw_derivative,0,0,0,15.4544591077,1225967.29229,0,False
200d233d,last_known_tvt,0,0,0,12.7762338993,640849.4313,0,False
200d233d,e004_geometry_prefix,0,0,0,9.46776653346,351921.155897,0,False
200d233d,align_visible_path,0,0,0,18.6907873089,1371530.55167,0,False
200d233d,pf_gr_path,0,0,0,9.61532181936,362976.028146,0,False
200d233d,trellis_gr_path,0,0,0,12.6694138256,630178.147286,0,False
200d233d,e006_nested_fusion,0,0,0,8.81300452098,304928.685144,0,False
200d233d,wide64_anchor,0,0,0,7.15880284607,201201.44685,0,False
200d233d,e006_affine,5,0,0,5.37309326267,113344.135128,325,False
200d233d,e006_quadratic,5,0,-10,4.08717715225,65583.897032,7047,False
200d233d,wide64_quadratic,5,0,-10,3.33593263365,43690.2811014,7047,True
200d233d,pf_quadratic,10,0,-10,3.62294438977,51531.6004777,7603,False
200d233d,trellis_quadratic,10,10,-20,4.37084840427,75003.5437253,7627,False
200d233d,e006_hinge_025,5,30,-60,4.31937311963,73247.3197595,7761,False
200d233d,e006_hinge_050,5,20,-60,3.86814609238,58742.9877577,7916,False
200d233d,e006_hinge_075,5,10,-70,4.33382318619,73738.2239043,8022,False
200d233d,e006_jump_025,5,-10,10,3.4585305613,46960.5884842,6038,False
200d233d,e006_jump_050,5,0,0,5.37309326267,113344.135128,6518,False
200d233d,e006_jump_075,5,0,0,5.37309326267,113344.135128,6065,False
200d233d,dtw_derivative,0,0,0,22.4542657299,1979465.83822,0,False
201661b5,last_known_tvt,0,0,0,12.3760745931,912110.809,0,False
201661b5,e004_geometry_prefix,0,0,0,10.5085258934,657605.388479,0,False
201661b5,align_visible_path,0,0,0,29.4115943986,5151324.42558,0,False
201661b5,pf_gr_path,0,0,0,13.1378701705,1027854.63223,0,False
201661b5,trellis_gr_path,0,0,0,9.81947498551,574193.539941,0,False
201661b5,e006_nested_fusion,0,0,0,11.6139212355,803229.256293,0,False
201661b5,wide64_anchor,0,0,0,13.5802311245,1098237.04389,0,False
201661b5,e006_affine,5,20,0,6.40896022143,244600.262018,327,False
201661b5,e006_quadratic,5,20,-10,6.2222369162,230555.162997,7097,False
201661b5,wide64_quadratic,10,20,-10,6.3671896709,241422.276138,7653,False
201661b5,pf_quadratic,-5,20,-10,6.53906316035,254631.911475,5981,False
201661b5,trellis_quadratic,0,10,-10,5.7527188502,197073.425179,6514,False
201661b5,e006_hinge_025,5,20,-10,5.66241208791,190934.63294,7741,False
201661b5,e006_hinge_050,5,20,-20,5.41313401889,174493.528543,7920,True
201661b5,e006_hinge_075,5,20,-50,5.63678685486,189210.394811,8049,False
201661b5,e006_jump_025,5,0,10,6.13002459669,223772.235266,6060,False
201661b5,e006_jump_050,5,20,0,6.40896022143,244600.262018,6568,False
201661b5,e006_jump_075,5,20,0,6.40896022143,244600.262018,6109,False
201661b5,dtw_derivative,0,0,0,16.9490334815,1710691.27762,0,False
203721ab,last_known_tvt,0,0,0,10.0370886735,577258.244,0,False
203721ab,e004_geometry_prefix,0,0,0,7.80886449101,349406.029381,0,False
203721ab,align_visible_path,0,0,0,7.80886449101,349406.029381,0,False
203721ab,pf_gr_path,0,0,0,13.4477861916,1036230.12329,0,False
203721ab,trellis_gr_path,0,0,0,8.38333743425,402706.385654,0,False
203721ab,e006_nested_fusion,0,0,0,8.606437703,424425.511731,0,False
203721ab,wide64_anchor,0,0,0,8.35663526623,400145.112534,0,False
203721ab,e006_affine,5,0,0,7.92629315042,359993.6854,325,False
203721ab,e006_quadratic,5,0,20,5.14059757087,151419.5096,7050,False
203721ab,wide64_quadratic,-5,0,20,5.34801205897,163885.064992,5934,False
203721ab,pf_quadratic,10,0,20,5.19752930999,154792.001618,7606,False
203721ab,trellis_quadratic,0,0,20,6.2614192478,224646.775811,6492,False
203721ab,e006_hinge_025,5,-50,120,5.47853275429,171982.060131,7579,False
203721ab,e006_hinge_050,5,-20,90,5.03816860279,145445.408646,7831,False
203721ab,e006_hinge_075,5,-10,120,6.95535864569,277200.289591,7991,False
203721ab,e006_jump_025,5,10,-10,4.08055549083,95409.8467419,6080,True
203721ab,e006_jump_050,5,0,0,7.92629315042,359993.6854,6518,False
203721ab,e006_jump_075,5,-10,10,5.78372171683,191676.733424,6044,False
203721ab,dtw_derivative,0,0,0,34.2550598648,6723634.29392,0,False
20402d71,last_known_tvt,0,0,0,11.6618716606,866587.225,0,False
20402d71,e004_geometry_prefix,0,0,0,14.8655079931,1408105.76532,0,False
20402d71,align_visible_path,0,0,0,14.8655079931,1408105.76532,0,False
20402d71,pf_gr_path,0,0,0,12.7040777299,1028399.96165,0,False
20402d71,trellis_gr_path,0,0,0,15.0930286313,1451538.49852,0,False
20402d71,e006_nested_fusion,0,0,0,12.7877473953,1041990.75252,0,False
20402d71,wide64_anchor,0,0,0,8.8412290356,498082.232239,0,False
20402d71,e006_affine,-10,0,0,5.5039252266,193028.225159,250,False
20402d71,e006_quadratic,-10,0,0,5.5039252266,193028.225159,5376,False
20402d71,wide64_quadratic,-5,0,0,5.65763811029,203960.513185,5932,False
20402d71,pf_quadratic,-10,0,0,5.43491643755,188218.153905,5376,False
20402d71,trellis_quadratic,-15,0,0,5.41580361208,186896.678088,4823,False
20402d71,e006_hinge_025,-10,-10,20,5.50007904453,192758.540429,5825,False
20402d71,e006_hinge_050,-10,0,-10,5.31971805719,180323.778126,6003,True
20402d71,e006_hinge_075,-10,0,-10,5.46780306688,190502.85805,6128,False
20402d71,e006_jump_025,-10,0,0,5.5039252266,193028.225159,4650,False
20402d71,e006_jump_050,-10,0,0,5.5039252266,193028.225159,4895,False
20402d71,e006_jump_075,-10,0,0,5.5039252266,193028.225159,4636,False
20402d71,dtw_derivative,0,0,0,9.84474796211,617568.265852,0,False
2043abc5,last_known_tvt,0,0,0,18.0436750194,2265345.3407,0,False
2043abc5,e004_geometry_prefix,0,0,0,15.6626781062,1706932.97983,0,False
2043abc5,align_visible_path,0,0,0,24.3907553322,4139376.44401,0,False
2043abc5,pf_gr_path,0,0,0,23.0179275146,3686522.26002,0,False
2043abc5,trellis_gr_path,0,0,0,16.9536539842,1999912.77581,0,False
2043abc5,e006_nested_fusion,0,0,0,19.0988562027,2538043.97282,0,False
2043abc5,wide64_anchor,0,0,0,15.9660261113,1773691.54094,0,False
2043abc5,e006_affine,15,0,0,9.59183201701,640158.553958,375,False
2043abc5,e006_quadratic,15,0,10,8.85652472667,545771.814369,8158,False
2043abc5,wide64_quadratic,15,0,10,8.97061178781,559923.312148,8158,False
2043abc5,pf_quadratic,20,0,10,8.78811953782,537373.611187,8707,False
2043abc5,trellis_quadratic,15,0,10,10.1095686641,711131.10812,8158,False
2043abc5,e006_hinge_025,15,0,0,9.59183201701,640158.553958,8915,False
2043abc5,e006_hinge_050,15,-20,80,8.59229325808,513691.768885,9071,False
2043abc5,e006_hinge_075,15,-10,110,8.46376132756,498438.109925,9240,True
2043abc5,e006_jump_025,15,10,-10,9.42447041994,618014.031881,7018,False
2043abc5,e006_jump_050,15,30,-20,8.63427432692,518723.722955,7651,False
2043abc5,e006_jump_075,15,-10,10,8.55041920821,508697.07437,6996,False
2043abc5,dtw_derivative,0,0,0,31.6863873349,6986020.85639,0,False
204cc64b,last_known_tvt,0,0,0,6.09488008126,178494.0412,0,False
204cc64b,e004_geometry_prefix,0,0,0,6.64674887821,212281.395473,0,False
204cc64b,align_visible_path,0,0,0,9.21429831487,407960.324957,0,False
204cc64b,pf_gr_path,0,0,0,8.03401603555,310140.712634,0,False
204cc64b,trellis_gr_path,0,0,0,8.91984620248,382303.368406,0,False
204cc64b,e006_nested_fusion,0,0,0,7.61551751519,278671.294251,0,False
204cc64b,wide64_anchor,0,0,0,8.12945289592,317552.861079,0,False
204cc64b,e006_affine,-5,-10,0,3.44150638389,56910.2575447,274,False
204cc64b,e006_quadratic,-5,-10,0,3.44150638389,56910.2575447,5907,False
204cc64b,wide64_quadratic,-5,-10,0,3.33517601105,53447.9323135,5907,False
204cc64b,pf_quadratic,-5,-10,0,3.43444691478,56677.020058,5907,False
204cc64b,trellis_quadratic,-5,-10,0,4.89166242935,114975.776156,5907,False
204cc64b,e006_hinge_025,-5,0,-20,3.24302230438,50535.1155686,6460,True
204cc64b,e006_hinge_050,-5,-10,0,3.44150638389,56910.2575447,6601,False
204cc64b,e006_hinge_075,-5,-10,0,3.44150638389,56910.2575447,6729,False
204cc64b,e006_jump_025,-5,-10,0,3.44150638389,56910.2575447,5097,False
204cc64b,e006_jump_050,-5,-10,0,3.44150638389,56910.2575447,5405,False
204cc64b,e006_jump_075,-5,-10,0,3.44150638389,56910.2575447,5091,False
204cc64b,dtw_derivative,0,0,0,11.0484632016,586539.330456,0,False
206b6193,last_known_tvt,0,0,0,36.5089992358,8710547.4097,0,False
206b6193,e004_geometry_prefix,0,0,0,38.8846685677,9881034.03328,0,False
206b6193,align_visible_path,0,0,0,30.4098625791,6043304.91447,0,False
206b6193,pf_gr_path,0,0,0,36.633688715,8770147.41785,0,False
206b6193,trellis_gr_path,0,0,0,36.7267852835,8814778.9087,0,False
206b6193,e006_nested_fusion,0,0,0,37.7334141599,9304601.90612,0,False
206b6193,wide64_anchor,0,0,0,33.7977865266,7464867.59474,0,False
206b6193,e006_affine,-35,-30,0,3.83057432899,95890.0134735,122,False
206b6193,e006_quadratic,-35,-30,0,3.83057432899,95890.0134735,2595,False
206b6193,wide64_quadratic,-30,-30,0,3.62900790363,86063.9788126,3121,False
206b6193,pf_quadratic,-30,-30,0,3.6552448129,87312.9236871,3121,False
206b6193,trellis_quadratic,-30,-30,0,4.35989400479,124221.695915,3121,False
206b6193,e006_hinge_025,-35,-30,0,3.83057432899,95890.0134735,2811,False
206b6193,e006_hinge_050,-35,-30,-10,3.59029716586,84237.6774857,2887,False
206b6193,e006_hinge_075,-35,-30,-30,3.32321522567,72170.967915,2948,True
206b6193,e006_jump_025,-35,-30,0,3.83057432899,95890.0134735,2270,False
206b6193,e006_jump_050,-35,-30,0,3.83057432899,95890.0134735,2305,False
206b6193,e006_jump_075,-35,-30,0,3.83057432899,95890.0134735,2240,False
206b6193,dtw_derivative,0,0,0,25.1109520495,4120709.03036,0,False
2075c696,last_known_tvt,0,0,0,21.8988812543,1528840.4686,0,False
2075c696,e004_geometry_prefix,0,0,0,20.5373013374,1344637.01896,0,False
2075c696,align_visible_path,0,0,0,29.1524914122,2709378.40466,0,False
2075c696,pf_gr_path,0,0,0,24.7235886267,1948683.60065,0,False
2075c696,trellis_gr_path,0,0,0,18.9956871215,1150345.57995,0,False
2075c696,e006_nested_fusion,0,0,0,23.3238790351,1734282.62639,0,False
2075c696,wide64_anchor,0,0,0,18.4400135332,1084028.70794,0,False
2075c696,e006_affine,20,20,0,5.73333920747,104793.316956,402,False
2075c696,e006_quadratic,20,20,-10,4.0019782703,51058.4662823,8755,False
2075c696,wide64_quadratic,15,20,-10,4.3553988975,60474.7645856,8206,False
2075c696,pf_quadratic,20,20,-10,4.08177742542,53114.9713588,8755,False
2075c696,trellis_quadratic,15,20,-10,4.30010187472,58948.913112,8206,False
2075c696,e006_hinge_025,20,40,-50,5.48902867171,96052.6411993,9612,False
2075c696,e006_hinge_050,20,40,-80,3.34309591778,35630.0135257,9821,True
2075c696,e006_hinge_075,20,30,-110,3.56874637793,40602.2108635,9942,False
2075c696,e006_jump_025,20,10,10,4.79552497824,73314.6266964,7487,False
2075c696,e006_jump_050,20,20,0,5.73333920747,104793.316956,8143,False
2075c696,e006_jump_075,20,30,-10,3.66925680142,42921.4641735,7552,False
2075c696,dtw_derivative,0,0,0,4.94851295222,78067.0440373,0,False
22c5f93f,last_known_tvt,0,0,0,7.0912323238,260076.9984,0,False
22c5f93f,e004_geometry_prefix,0,0,0,7.61341912831,299790.588058,0,False
22c5f93f,align_visible_path,0,0,0,18.5722513917,1783970.31453,0,False
22c5f93f,pf_gr_path,0,0,0,7.94382201506,326375.482046,0,False
22c5f93f,trellis_gr_path,0,0,0,9.16975721099,434884.761479,0,False
22c5f93f,e006_nested_fusion,0,0,0,6.7714262361,237147.647037,0,False
22c5f93f,wide64_anchor,0,0,0,6.76841746246,236936.948422,0,False
22c5f93f,e006_affine,0,0,0,6.7714262361,237147.647037,300,False
22c5f93f,e006_quadratic,0,0,0,6.7714262361,237147.647037,6490,False
22c5f93f,wide64_quadratic,0,0,0,6.76841746246,236936.948422,6490,False
22c5f93f,pf_quadratic,5,0,0,6.81076166041,239910.845571,7048,False
22c5f93f,trellis_quadratic,0,0,10,9.15472327585,433459.932107,6491,False
22c5f93f,e006_hinge_025,0,-20,50,6.54514556652,221562.948478,7032,False
22c5f93f,e006_hinge_050,0,0,-10,6.71014704368,232874.851355,7248,False
22c5f93f,e006_hinge_075,0,0,-30,6.54689557166,221681.444891,7376,False
22c5f93f,e006_jump_025,0,0,0,6.7714262361,237147.647037,5589,False
22c5f93f,e006_jump_050,0,-20,10,6.51265057663,219368.401882,5925,True
22c5f93f,e006_jump_075,0,0,0,6.7714262361,237147.647037,5589,False
22c5f93f,dtw_derivative,0,0,0,44.3028293566,10151294.8435,0,False
230eaaa3,last_known_tvt,0,0,0,25.3228640486,3007450.5106,0,False
230eaaa3,e004_geometry_prefix,0,0,0,24.8854653897,2904453.15813,0,False
230eaaa3,align_visible_path,0,0,0,21.6381216375,2195896.96451,0,False
230eaaa3,pf_gr_path,0,0,0,28.220949269,3735219.07515,0,False
230eaaa3,trellis_gr_path,0,0,0,24.2921621764,2767611.88163,0,False
230eaaa3,e006_nested_fusion,0,0,0,26.6089028903,3320678.11409,0,False
230eaaa3,wide64_anchor,0,0,0,24.3550503172,2781960.15221,0,False
230eaaa3,e006_affine,15,30,0,10.3669161552,504048.138165,378,False
230eaaa3,e006_quadratic,15,30,10,9.9454735818,463899.365954,8233,False
230eaaa3,wide64_quadratic,10,30,10,9.98125137715,467243.027763,7680,False
230eaaa3,pf_quadratic,20,30,10,10.3008399546,497643.254683,8782,False
230eaaa3,trellis_quadratic,10,30,10,9.64299784951,436110.941295,7680,False
230eaaa3,e006_hinge_025,15,-20,120,7.54042257585,266663.891599,8877,True
230eaaa3,e006_hinge_050,15,30,20,10.0160814739,470509.655151,9190,False
230eaaa3,e006_hinge_075,15,40,-50,10.2843373149,496050.01589,9349,False
230eaaa3,e006_jump_025,15,30,0,10.3669161552,504048.138165,7063,False
230eaaa3,e006_jump_050,15,20,10,8.4049071875,331313.160055,7629,False
230eaaa3,e006_jump_075,15,30,0,10.3669161552,504048.138165,7082,False
230eaaa3,dtw_derivative,0,0,0,44.743459748,9389273.02215,0,False
2364716c,last_known_tvt,0,0,0,19.6680092353,1669560.8147,0,False
2364716c,e004_geometry_prefix,0,0,0,18.3730161978,1456942.29767,0,False
2364716c,align_visible_path,0,0,0,27.5842161053,3283996.82966,0,False
2364716c,pf_gr_path,0,0,0,20.2256724755,1765579.90171,0,False
2364716c,trellis_gr_path,0,0,0,19.2595441552,1600934.05724,0,False
2364716c,e006_nested_fusion,0,0,0,18.697598657,1508874.44394,0,False
2364716c,wide64_anchor,0,0,0,20.8339343128,1873371.96658,0,False
2364716c,e006_affine,15,10,0,6.30163279225,171390.845362,376,False
2364716c,e006_quadratic,15,10,-10,4.74277370995,97083.6830338,8181,False
2364716c,wide64_quadratic,20,10,-10,4.65545573044,93541.8249388,8730,False
2364716c,pf_quadratic,20,10,-10,4.8692186302,102329.295937,8730,False
2364716c,trellis_quadratic,15,10,-20,4.54562055534,89180.0674621,8180,False
2364716c,e006_hinge_025,15,50,-90,3.80109087789,62358.8276764,9031,True
2364716c,e006_hinge_050,15,30,-70,4.61604203847,91964.6551395,9181,False
2364716c,e006_hinge_075,15,10,-20,6.20831116535,166352.138401,9277,False
2364716c,e006_jump_025,15,0,10,3.8230940545,63082.8638134,6998,False
2364716c,e006_jump_050,15,30,-10,5.67196789997,138850.984909,7652,False
2364716c,e006_jump_075,15,20,-10,6.13017985173,162191.417243,7060,False
2364716c,dtw_derivative,0,0,0,45.6036189387,8975942.3003,0,False
23b9beb0,last_known_tvt,0,0,0,5.49936374199,221983.6315,0,False
23b9beb0,e004_geometry_prefix,0,0,0,5.13848078381,193805.248179,0,False
23b9beb0,align_visible_path,0,0,0,5.7978958279,246738.474869,0,False
23b9beb0,pf_gr_path,0,0,0,6.09771898449,272917.177813,0,False
23b9beb0,trellis_gr_path,0,0,0,5.77678723476,244945.127347,0,False
23b9beb0,e006_nested_fusion,0,0,0,5.35024186424,210108.145963,0,False
23b9beb0,wide64_anchor,0,0,0,7.52481332543,415611.466376,0,False
23b9beb0,e006_affine,-5,0,0,5.13525312103,193561.852689,275,False
23b9beb0,e006_quadratic,-5,0,-10,4.45061925244,145390.8061,5931,False
23b9beb0,wide64_quadratic,-5,0,-10,3.9421478911,114067.490166,5931,False
23b9beb0,pf_quadratic,-5,0,-10,4.56860236691,153201.416488,5931,False
23b9beb0,trellis_quadratic,0,0,-10,5.09491764478,190533.083824,6489,False
23b9beb0,e006_hinge_025,-5,10,-20,5.04511540184,186826.410327,6485,False
23b9beb0,e006_hinge_050,-5,10,-40,4.63206366565,157487.141311,6647,False
23b9beb0,e006_hinge_075,-5,10,-100,3.6108459006,95700.4475851,6769,True
23b9beb0,e006_jump_025,-5,0,0,5.13525312103,193561.852689,5119,False
23b9beb0,e006_jump_050,-5,-10,10,4.99012710357,182776.044861,5406,False
23b9beb0,e006_jump_075,-5,10,-10,4.65714940184,159197.557645,5134,False
23b9beb0,dtw_derivative,0,0,0,18.8824655166,2617058.67925,0,False
24d8997e,last_known_tvt,0,0,0,5.63950278241,109469.3392,0,False
24d8997e,e004_geometry_prefix,0,0,0,5.69284694184,111550.078696,0,False
24d8997e,align_visible_path,0,0,0,25.3216618322,2206964.13245,0,False
24d8997e,pf_gr_path,0,0,0,10.9075803514,409513.013996,0,False
24d8997e,trellis_gr_path,0,0,0,7.02443712998,169837.63189,0,False
24d8997e,e006_nested_fusion,0,0,0,7.19896840404,178382.152816,0,False
24d8997e,wide64_anchor,0,0,0,7.2469361381,180767.243027,0,False
24d8997e,e006_affine,-5,0,0,5.39691897412,100254.21985,275,False
24d8997e,e006_quadratic,-5,0,10,4.55568389658,71436.1483451,5933,False
24d8997e,wide64_quadratic,-5,0,10,4.55261107813,71339.8131781,5933,False
24d8997e,pf_quadratic,-10,0,10,4.8823651705,82048.6394032,5377,False
24d8997e,trellis_quadratic,0,0,10,6.37216961922,139760.846148,6491,False
24d8997e,e006_hinge_025,-5,-10,20,5.14416933376,91083.8497384,6439,False
24d8997e,e006_hinge_050,-5,-10,40,3.89938708469,52336.3659879,6605,True
24d8997e,e006_hinge_075,-5,0,10,5.33786660735,98072.2861571,6755,False
24d8997e,e006_jump_025,-5,10,-10,5.01697786808,86635.3703688,5140,False
24d8997e,e006_jump_050,-5,0,0,5.39691897412,100254.21985,5430,False
24d8997e,e006_jump_075,-5,-10,10,4.93388987994,83789.5330936,5092,False
24d8997e,dtw_derivative,0,0,0,10.1260935088,352935.003475,0,False
25050f63,last_known_tvt,0,0,0,37.9966073424,8841477.0462,0,False
25050f63,e004_geometry_prefix,0,0,0,18.6298018646,2125453.72525,0,False
25050f63,align_visible_path,0,0,0,7.26710697176,323413.607057,0,False
25050f63,pf_gr_path,0,0,0,14.2610676885,1245487.1881,0,False
25050f63,trellis_gr_path,0,0,0,19.3566110191,2294530.46125,0,False
25050f63,e006_nested_fusion,0,0,0,17.5007531962,1875636.44354,0,False
25050f63,wide64_anchor,0,0,0,18.1808399973,2024244.98297,0,False
25050f63,e006_affine,15,10,0,6.21127956101,236263.88194,376,False
25050f63,e006_quadratic,15,10,-10,4.97429562463,151529.910271,8181,False
25050f63,wide64_quadratic,15,10,-10,5.19075343193,165004.573375,8181,False
25050f63,pf_quadratic,15,10,-10,5.56239445668,189477.981329,8181,False
25050f63,trellis_quadratic,15,10,-20,6.72501503339,276962.965769,8180,False
25050f63,e006_hinge_025,15,30,-60,5.41490196484,179562.803981,8984,False
25050f63,e006_hinge_050,15,20,-50,4.4828092053,123065.321945,9158,True
25050f63,e006_hinge_075,15,10,-60,4.5689446137,127840.060904,9273,False
25050f63,e006_jump_025,15,10,0,6.21127956101,236263.88194,7019,False
25050f63,e006_jump_050,15,-10,10,5.81489081064,207070.537275,7554,False
25050f63,e006_jump_075,15,20,-10,4.71740160053,136282.748019,7060,False
25050f63,dtw_derivative,0,0,0,6.40229479535,251018.954832,0,False
25939962,last_known_tvt,0,0,0,11.0996619338,532111.5761,0,False
25939962,e004_geometry_prefix,0,0,0,10.9438112374,517273.692005,0,False
25939962,align_visible_path,0,0,0,20.2445978603,1770115.12397,0,False
25939962,pf_gr_path,0,0,0,12.7287035131,699763.918403,0,False
25939962,trellis_gr_path,0,0,0,12.2510529215,648231.357706,0,False
25939962,e006_nested_fusion,0,0,0,11.6392568395,585104.862736,0,False
25939962,wide64_anchor,0,0,0,12.3900674528,663025.979047,0,False
25939962,e006_affine,5,10,0,8.35521313544,301507.60426,326,False
25939962,e006_quadratic,5,10,-10,7.91449607612,270538.912712,7072,False
25939962,wide64_quadratic,5,10,-10,8.19896125367,290335.988596,7072,False
25939962,pf_quadratic,10,10,-10,8.10069931678,283418.521769,7628,False
25939962,trellis_quadratic,5,10,-10,7.84357762446,265712.265278,7072,False
25939962,e006_hinge_025,5,0,20,8.27497573765,295744.490118,7694,False
25939962,e006_hinge_050,5,20,-40,7.49223564632,242440.996719,7918,True
25939962,e006_hinge_075,5,20,-110,7.52823570218,244776.443309,8043,False
25939962,e006_jump_025,5,10,0,8.35521313544,301507.60426,6081,False
25939962,e006_jump_050,5,-10,10,8.22275770322,292023.761398,6494,False
25939962,e006_jump_075,5,20,-10,8.03620897935,278923.847908,6108,False
25939962,dtw_derivative,0,0,0,31.1186711395,4182397.34418,0,False
25fd32b3,last_known_tvt,0,0,0,3.17816498727,29140.6138,0,False
25fd32b3,e004_geometry_prefix,0,0,0,3.6522780305,38483.4039328,0,False
25fd32b3,align_visible_path,0,0,0,3.6522780305,38483.4039328,0,False
25fd32b3,pf_gr_path,0,0,0,3.61798251779,37764.0657847,0,False
25fd32b3,trellis_gr_path,0,0,0,5.81735470091,97633.0613413,0,False
25fd32b3,e006_nested_fusion,0,0,0,4.3620777777,54894.979524,0,False
25fd32b3,wide64_anchor,0,0,0,2.64950725774,20252.3789249,0,False
25fd32b3,e006_affine,5,0,0,3.00146865925,25990.4287144,325,False
25fd32b3,e006_quadratic,5,0,0,3.00146865925,25990.4287144,7048,False
25fd32b3,wide64_quadratic,0,0,0,2.64950725774,20252.3789249,6490,False
25fd32b3,pf_quadratic,0,0,0,3.61798251779,37764.0657847,6490,False
25fd32b3,trellis_quadratic,5,10,0,5.15099878138,76547.094666,7073,False
25fd32b3,e006_hinge_025,5,0,10,1.79743059981,9320.73325583,7693,True
25fd32b3,e006_hinge_050,5,0,10,2.13944020713,13205.2346936,7873,False
25fd32b3,e006_hinge_075,5,0,20,2.54607418683,18701.9945115,8006,False
25fd32b3,e006_jump_025,5,0,0,3.00146865925,25990.4287144,6059,False
25fd32b3,e006_jump_050,5,0,0,3.00146865925,25990.4287144,6518,False
25fd32b3,e006_jump_075,5,0,0,3.00146865925,25990.4287144,6065,False
25fd32b3,dtw_derivative,0,0,0,16.7525060141,809665.030617,0,False
261785ee,last_known_tvt,0,0,0,23.578942634,2027053.9893,0,False
261785ee,e004_geometry_prefix,0,0,0,22.4825891263,1842932.0032,0,False
261785ee,align_visible_path,0,0,0,14.4426925944,760524.132747,0,False
261785ee,pf_gr_path,0,0,0,16.7396316742,1021664.86927,0,False
261785ee,trellis_gr_path,0,0,0,23.0082334096,1930115.12169,0,False
261785ee,e006_nested_fusion,0,0,0,19.5345309712,1391305.94437,0,False
261785ee,wide64_anchor,0,0,0,18.2744936916,1217607.65837,0,False
261785ee,e006_affine,-15,-10,0,9.78163518483,348850.690598,224,False
261785ee,e006_quadratic,-15,-10,30,4.99204394768,90860.1531199,4801,False
261785ee,wide64_quadratic,-15,-10,30,4.74481642842,82083.4295972,4801,False
261785ee,pf_quadratic,-15,-10,30,5.24397074089,100262.189413,4801,False
261785ee,trellis_quadratic,-20,-10,30,6.25001939992,142422.759153,4252,False
261785ee,e006_hinge_025,-15,-60,120,6.91229100491,174205.030251,5101,False
261785ee,e006_hinge_050,-15,-40,120,4.76560059621,82804.1202094,5297,False
261785ee,e006_hinge_075,-15,-20,120,7.37952986036,198551.90266,5466,False
261785ee,e006_jump_025,-15,20,-20,6.65063607627,161266.080958,4223,False
261785ee,e006_jump_050,-15,-10,0,9.78163518483,348850.690598,4345,False
261785ee,e006_jump_075,-15,-30,20,3.37124203385,41437.784814,4098,False
261785ee,dtw_derivative,0,0,0,2.7297072846,27167.44658,0,True
264feceb,last_known_tvt,0,0,0,10.8633943639,668545.5547,0,False
264feceb,e004_geometry_prefix,0,0,0,9.29963545087,489927.438576,0,False
264feceb,align_visible_path,0,0,0,11.6518941611,769118.001676,0,False
264feceb,pf_gr_path,0,0,0,2.62314898263,38980.3584645,0,False
264feceb,trellis_gr_path,0,0,0,8.64280101285,423164.222955,0,False
264feceb,e006_nested_fusion,0,0,0,6.28956819249,224099.854492,0,False
264feceb,wide64_anchor,0,0,0,3.44463030894,67217.9326733,0,False
264feceb,e006_affine,-5,0,0,2.89460858613,47465.668981,275,False
264feceb,e006_quadratic,-5,0,10,2.73473029995,42367.1176933,5933,False
264feceb,wide64_quadratic,0,0,10,3.31141494106,62119.3813857,6491,False
264feceb,pf_quadratic,0,0,10,2.44558817705,33881.8071771,6491,False
264feceb,trellis_quadratic,-5,-10,10,4.42274686549,110811.307922,5908,False
264feceb,e006_hinge_025,-5,-10,20,2.43279658179,33528.2980155,6439,False
264feceb,e006_hinge_050,-5,-10,30,2.12459145639,25571.1803724,6604,True
264feceb,e006_hinge_075,-5,0,0,2.89460858613,47465.668981,6754,False
264feceb,e006_jump_025,-5,0,0,2.89460858613,47465.668981,5119,False
264feceb,e006_jump_050,-5,0,0,2.89460858613,47465.668981,5430,False
264feceb,e006_jump_075,-5,0,0,2.89460858613,47465.668981,5113,False
264feceb,dtw_derivative,0,0,0,53.4309516802,16172819.2746,0,False
26623a50,last_known_tvt,0,0,0,21.6753768491,2694428.9495,0,False
26623a50,e004_geometry_prefix,0,0,0,19.554418259,2192922.19322,0,False
26623a50,align_visible_path,0,0,0,28.9737889852,4814420.3702,0,False
26623a50,pf_gr_path,0,0,0,18.6046216877,1985066.7226,0,False
26623a50,trellis_gr_path,0,0,0,20.0557804867,2306813.88789,0,False
26623a50,e006_nested_fusion,0,0,0,19.3392343807,2144924.33218,0,False
26623a50,wide64_anchor,0,0,0,18.4509299087,1952405.13113,0,False
26623a50,e006_affine,-20,0,0,8.33047307383,397990.542669,200,False
26623a50,e006_quadratic,-20,0,20,6.10074040381,213451.156977,4276,False
26623a50,wide64_quadratic,-15,0,20,5.84854835737,196168.64509,4825,False
26623a50,pf_quadratic,-15,0,20,5.91939187512,200949.812982,4825,False
26623a50,trellis_quadratic,-20,0,20,8.01996818663,368874.567513,4276,False
26623a50,e006_hinge_025,-20,-50,120,4.15666935339,99088.7571505,4524,True
26623a50,e006_hinge_050,-20,-20,80,6.48153184212,240928.812542,4727,False
26623a50,e006_hinge_075,-20,0,20,8.22228522303,387720.262547,4882,False
26623a50,e006_jump_025,-20,10,-10,6.22733977167,222401.927224,3735,False
26623a50,e006_jump_050,-20,-20,10,7.45652527381,318864.676127,3806,False
26623a50,e006_jump_075,-20,-10,10,7.8986303574,357797.253333,3668,False
26623a50,dtw_derivative,0,0,0,12.8458094364,946359.993132,0,False
26d3a96a,last_known_tvt,0,0,0,9.0634910017,387815.3692,0,False
26d3a96a,e004_geometry_prefix,0,0,0,7.41959735001,259893.055652,0,False
26d3a96a,align_visible_path,0,0,0,7.41959735001,259893.055652,0,False
26d3a96a,pf_gr_path,0,0,0,8.98591821493,381205.294227,0,False
26d3a96a,trellis_gr_path,0,0,0,7.83208386478,289593.399316,0,False
26d3a96a,e006_nested_fusion,0,0,0,7.81897761072,288624.99575,0,False
26d3a96a,wide64_anchor,0,0,0,9.14216424439,394577.247744,0,False
26d3a96a,e006_affine,5,-10,0,6.02550070479,171403.735928,324,False
26d3a96a,e006_quadratic,5,-10,-10,4.86547377435,111759.454266,7022,False
26d3a96a,wide64_quadratic,5,-10,-10,5.0686669866,121289.028684,7022,False
26d3a96a,pf_quadratic,5,-10,-10,5.16931080548,126153.496016,7022,False
26d3a96a,trellis_quadratic,0,-10,-20,5.98667426963,169201.909055,6463,False
26d3a96a,e006_hinge_025,5,20,-60,4.20443120027,83454.2581497,7736,True
26d3a96a,e006_hinge_050,5,0,-30,4.97860450437,117017.07977,7869,False
26d3a96a,e006_hinge_075,5,0,-70,4.23072763816,84501.4450203,7997,False
26d3a96a,e006_jump_025,5,-20,10,5.69823381992,153290.249975,6016,False
26d3a96a,e006_jump_050,5,-10,0,6.02550070479,171403.735928,6493,False
26d3a96a,e006_jump_075,5,-10,0,6.02550070479,171403.735928,6043,False
26d3a96a,dtw_derivative,0,0,0,5.48875618614,142226.944347,0,False
272abef3,last_known_tvt,0,0,0,10.0230165928,415405.6628,0,False
272abef3,e004_geometry_prefix,0,0,0,11.7410403956,570018.142272,0,False
272abef3,align_visible_path,0,0,0,11.7410403956,570018.142272,0,False
272abef3,pf_gr_path,0,0,0,7.10044659281,208471.573415,0,False
272abef3,trellis_gr_path,0,0,0,12.3717615746,632905.10324,0,False
272abef3,e006_nested_fusion,0,0,0,9.01796890732,336273.760887,0,False
272abef3,wide64_anchor,0,0,0,8.39080589797,291127.253658,0,False
272abef3,e006_affine,-5,0,0,6.9166049625,197816.019097,275,False
272abef3,e006_quadratic,-5,0,20,4.25845944932,74986.061905,5934,False
272abef3,wide64_quadratic,-5,0,20,4.1767290723,72135.346849,5934,False
272abef3,pf_quadratic,0,0,20,4.55097731171,85641.6162234,6492,False
272abef3,trellis_quadratic,-10,0,20,5.50384853765,125258.861979,5378,False
272abef3,e006_hinge_025,-5,-40,90,5.76332411398,137347.766525,6371,False
272abef3,e006_hinge_050,-5,-20,70,3.31536106599,45450.3445563,6583,True
272abef3,e006_hinge_075,-5,-10,90,5.1915255762,111446.262838,6738,False
272abef3,e006_jump_025,-5,10,-10,4.02528163809,66998.9595196,5140,False
272abef3,e006_jump_050,-5,0,0,6.9166049625,197816.019097,5430,False
272abef3,e006_jump_075,-5,-10,10,4.1740372326,72042.3964971,5092,False
272abef3,dtw_derivative,0,0,0,7.65795349279,242493.98077,0,False
27300fd5,last_known_tvt,0,0,0,17.3895898317,1653208.9613,0,False
27300fd5,e004_geometry_prefix,0,0,0,17.9086758684,1753379.91032,0,False
27300fd5,align_visible_path,0,0,0,17.9086758684,1753379.91032,0,False
27300fd5,pf_gr_path,0,0,0,8.90984624909,433999.764117,0,False
27300fd5,trellis_gr_path,0,0,0,18.0761909794,1786335.03533,0,False
27300fd5,e006_nested_fusion,0,0,0,13.569564121,1006655.49606,0,False
27300fd5,wide64_anchor,0,0,0,11.2211677996,688375.1553,0,False
27300fd5,e006_affine,10,0,0,6.39350243142,223473.866553,350,False
27300fd5,e006_quadratic,10,0,-10,6.03090340436,198844.608036,7603,False
27300fd5,wide64_quadratic,10,0,-10,5.6544688184,174796.487319,7603,True
27300fd5,pf_quadratic,5,0,-10,5.87539219741,188722.116399,7047,False
27300fd5,trellis_quadratic,15,0,-10,6.03486186071,199105.721825,8156,False
27300fd5,e006_hinge_025,10,20,-50,5.92734842256,192074.622116,8351,False
27300fd5,e006_hinge_050,10,0,0,6.39350243142,223473.866553,8494,False
27300fd5,e006_hinge_075,10,0,-30,6.18450597395,209102.440014,8626,False
27300fd5,e006_jump_025,10,0,0,6.39350243142,223473.866553,6528,False
27300fd5,e006_jump_050,10,0,0,6.39350243142,223473.866553,7053,False
27300fd5,e006_jump_075,10,10,-10,6.3855024136,222914.962752,6563,False
27300fd5,dtw_derivative,0,0,0,11.9877973274,785647.725793,0,False
276b012a,last_known_tvt,0,0,0,27.0866518449,3548842.6074,0,False
276b012a,e004_geometry_prefix,0,0,0,20.553624145,2043397.73859,0,False
276b012a,align_visible_path,0,0,0,14.1638623076,970374.733077,0,False
276b012a,pf_gr_path,0,0,0,11.7808736172,671322.311666,0,False
276b012a,trellis_gr_path,0,0,0,21.188033556,2171487.78901,0,False
276b012a,e006_nested_fusion,0,0,0,14.4135845093,1004893.61084,0,False
276b012a,wide64_anchor,0,0,0,11.3329144118,621239.848626,0,False
276b012a,e006_affine,10,0,0,11.2002977259,606785.538671,350,False
276b012a,e006_quadratic,10,0,-20,8.74235170599,369685.68648,7602,False
276b012a,wide64_quadratic,0,0,-20,8.91162124799,384139.996435,6488,False
276b012a,pf_quadratic,5,0,-20,9.05308587403,396432.605907,7046,False
276b012a,trellis_quadratic,20,0,-20,9.46080362602,432944.416995,8704,False
276b012a,e006_hinge_025,10,50,-120,7.06387507249,241358.227239,8419,True
276b012a,e006_hinge_050,10,20,-90,8.9066076086,383707.887036,8535,False
276b012a,e006_hinge_075,10,0,-40,10.9397996989,578888.374814,8625,False
276b012a,e006_jump_025,10,-20,20,7.12072186267,245258.536413,6486,False
276b012a,e006_jump_050,10,30,-20,8.71277126224,367188.1969,7126,False
276b012a,e006_jump_075,10,10,-10,10.283042667,511469.054915,6563,False
276b012a,dtw_derivative,0,0,0,17.6220506911,1502065.8755,0,False
27c3155b,last_known_tvt,0,0,0,18.1108533603,1626238.9208,0,False
27c3155b,e004_geometry_prefix,0,0,0,12.7765891221,809350.016331,0,False
27c3155b,align_visible_path,0,0,0,5.52617598829,151410.483183,0,False
27c3155b,pf_gr_path,0,0,0,6.28011533961,195542.76975,0,False
27c3155b,trellis_gr_path,0,0,0,12.2462506065,743554.50212,0,False
27c3155b,e006_nested_fusion,0,0,0,9.04553795377,405672.270577,0,False
27c3155b,wide64_anchor,0,0,0,11.9921224908,713014.947091,0,False
27c3155b,e006_affine,-5,0,0,5.81136944524,167441.649523,275,False
27c3155b,e006_quadratic,-5,0,10,5.48003473921,148892.610924,5933,False
27c3155b,wide64_quadratic,-10,0,10,5.02650678867,125267.690122,5377,False
27c3155b,pf_quadratic,-5,0,10,4.86389854312,117293.929809,5933,False
27c3155b,trellis_quadratic,-10,0,0,4.00048227398,79347.1300683,5376,True
27c3155b,e006_hinge_025,-5,-30,60,4.08434818937,82708.8608546,6393,False
27c3155b,e006_hinge_050,-5,-10,20,5.0187461382,124881.175861,6603,False
27c3155b,e006_hinge_075,-5,-10,40,5.44585337445,147040.987483,6733,False
27c3155b,e006_jump_025,-5,0,0,5.81136944524,167441.649523,5119,False
27c3155b,e006_jump_050,-5,-20,10,5.63605951136,157491.697072,5381,False
27c3155b,e006_jump_075,-5,0,0,5.81136944524,167441.649523,5113,False
27c3155b,dtw_derivative,0,0,0,11.5140454356,657298.135292,0,False
27ebb9b9,last_known_tvt,0,0,0,9.98823306222,575243.8351,0,False
27ebb9b9,e004_geometry_prefix,0,0,0,8.16713433026,384604.21155,0,False
27ebb9b9,align_visible_path,0,0,0,10.8602261567,680068.057202,0,False
27ebb9b9,pf_gr_path,0,0,0,7.82468282986,353027.163563,0,False
27ebb9b9,trellis_gr_path,0,0,0,9.34537535882,503579.610084,0,False
27ebb9b9,e006_nested_fusion,0,0,0,8.01922800716,370800.030812,0,False
27ebb9b9,wide64_anchor,0,0,0,10.0628566374,583871.408637,0,False
27ebb9b9,e006_affine,5,0,0,7.19825131662,298764.263751,325,False
27ebb9b9,e006_quadratic,5,0,-10,6.60309636118,251402.683047,7047,False
27ebb9b9,wide64_quadratic,5,0,-10,6.82828921688,268842.826907,7047,False
27ebb9b9,pf_quadratic,5,0,-10,6.73466209183,261520.81335,7047,False
27ebb9b9,trellis_quadratic,5,0,-10,6.60815907178,251788.34059,7047,False
27ebb9b9,e006_hinge_025,5,20,-50,7.03169177695,285098.078193,7737,False
27ebb9b9,e006_hinge_050,5,10,-40,6.87418642999,272469.095702,7893,False
27ebb9b9,e006_hinge_075,5,10,-110,6.09376885265,214114.752571,8018,False
27ebb9b9,e006_jump_025,5,0,0,7.19825131662,298764.263751,6059,False
27ebb9b9,e006_jump_050,5,-20,10,6.381908937,234842.039848,6469,False
27ebb9b9,e006_jump_075,5,10,-10,5.98581979322,206596.002549,6086,True
27ebb9b9,dtw_derivative,0,0,0,13.0845547775,987171.338098,0,False
283269ac,last_known_tvt,0,0,0,1.11594945385,3270.2712,0,True
283269ac,e004_geometry_prefix,0,0,0,2.58936779942,17606.8720274,0,False
283269ac,align_visible_path,0,0,0,7.74666854369,157588.553879,0,False
283269ac,pf_gr_path,0,0,0,5.06655688519,67409.4165097,0,False
283269ac,trellis_gr_path,0,0,0,7.26746235984,138694.840032,0,False
283269ac,e006_nested_fusion,0,0,0,1.18742486426,3702.60172449,0,False
283269ac,wide64_anchor,0,0,0,2.90599454291,22176.0560483,0,False
283269ac,e006_affine,0,0,0,1.18742486426,3702.60172449,300,False
283269ac,e006_quadratic,0,0,0,1.18742486426,3702.60172449,6490,False
283269ac,wide64_quadratic,-5,0,0,2.58359321524,17528.4289462,5932,False
283269ac,pf_quadratic,-5,0,0,1.15699947579,3515.2890886,5932,False
283269ac,trellis_quadratic,5,0,10,3.65618957066,35103.6384359,7049,False
283269ac,e006_hinge_025,0,0,0,1.18742486426,3702.60172449,7077,False
283269ac,e006_hinge_050,0,0,0,1.18742486426,3702.60172449,7249,False
283269ac,e006_hinge_075,0,0,0,1.18742486426,3702.60172449,7379,False
283269ac,e006_jump_025,0,0,0,1.18742486426,3702.60172449,5589,False
283269ac,e006_jump_050,0,0,0,1.18742486426,3702.60172449,5974,False
283269ac,e006_jump_075,0,0,0,1.18742486426,3702.60172449,5589,False
283269ac,dtw_derivative,0,0,0,16.5776504392,721673.365467,0,False
28473855,last_known_tvt,0,0,0,4.54650243912,88677.2362,0,False
28473855,e004_geometry_prefix,0,0,0,5.0798591208,110703.315668,0,False
28473855,align_visible_path,0,0,0,5.0798591208,110703.315668,0,False
28473855,pf_gr_path,0,0,0,4.37163778717,81987.1206822,0,False
28473855,trellis_gr_path,0,0,0,4.63483093452,92156.3119258,0,False
28473855,e006_nested_fusion,0,0,0,4.47245569653,85812.2692174,0,False
28473855,wide64_anchor,0,0,0,5.6305589664,136006.703436,0,False
28473855,e006_affine,0,0,0,4.47245569653,85812.2692174,300,False
28473855,e006_quadratic,0,0,10,3.83174433909,62986.915478,6491,False
28473855,wide64_quadratic,5,0,10,3.94613500497,66803.8005382,7049,False
28473855,pf_quadratic,0,0,10,3.7135726282,59161.7669426,6491,True
28473855,trellis_quadratic,0,0,10,4.30059695943,79344.1257501,6491,False
28473855,e006_hinge_025,0,-20,50,3.89921382887,65224.5957931,7032,False
28473855,e006_hinge_050,0,-10,40,3.91063052116,65607.1033032,7228,False
28473855,e006_hinge_075,0,0,30,4.10705048277,72363.1351357,7382,False
28473855,e006_jump_025,0,0,0,4.47245569653,85812.2692174,5589,False
28473855,e006_jump_050,0,0,0,4.47245569653,85812.2692174,5974,False
28473855,e006_jump_075,0,0,0,4.47245569653,85812.2692174,5589,False
28473855,dtw_derivative,0,0,0,7.63624670396,250159.611375,0,False
28f4eda9,last_known_tvt,0,0,0,12.1590254192,778535.4409,0,False
28f4eda9,e004_geometry_prefix,0,0,0,7.92271727208,330543.918294,0,False
28f4eda9,align_visible_path,0,0,0,8.90908328403,417971.714289,0,False
28f4eda9,pf_gr_path,0,0,0,6.67853032452,234878.172578,0,False
28f4eda9,trellis_gr_path,0,0,0,10.3799088959,567372.050743,0,False
28f4eda9,e006_nested_fusion,0,0,0,6.96280888684,255299.406194,0,False
28f4eda9,wide64_anchor,0,0,0,6.91115895228,251525.845724,0,False
28f4eda9,e006_affine,0,10,0,6.45133044178,219169.153094,301,False
28f4eda9,e006_quadratic,0,10,10,5.49928492733,159255.081393,6516,False
28f4eda9,wide64_quadratic,0,10,10,5.43374136125,155481.520923,6516,False
28f4eda9,pf_quadratic,0,10,10,5.3352403108,149895.57979,6516,False
28f4eda9,trellis_quadratic,5,10,10,6.90275540286,250914.537311,7074,False
28f4eda9,e006_hinge_025,0,-20,60,5.26816904548,146150.484413,7033,False
28f4eda9,e006_hinge_050,0,-10,60,4.42163317677,102954.723176,7230,False
28f4eda9,e006_hinge_075,0,0,60,5.95540872385,186768.658897,7385,False
28f4eda9,e006_jump_025,0,20,-10,4.28707238172,96783.7592659,5632,True
28f4eda9,e006_jump_050,0,10,0,6.45133044178,219169.153094,5999,False
28f4eda9,e006_jump_075,0,-10,10,5.91881813512,184480.661142,5568,False
28f4eda9,dtw_derivative,0,0,0,15.9474405476,1339253.64886,0,False
29b24409,last_known_tvt,0,0,0,13.7568214109,1057340.5061,0,False
29b24409,e004_geometry_prefix,0,0,0,11.3140397078,715177.871829,0,False
29b24409,align_visible_path,0,0,0,5.35814601411,160401.254294,0,False
29b24409,pf_gr_path,0,0,0,12.3307736,849492.050702,0,False
29b24409,trellis_gr_path,0,0,0,15.1644808256,1284794.78156,0,False
29b24409,e006_nested_fusion,0,0,0,11.3173195168,715592.575479,0,False
29b24409,wide64_anchor,0,0,0,11.0978778597,688111.083133,0,False
29b24409,e006_affine,10,10,0,5.12078339995,146504.675229,351,False
29b24409,e006_quadratic,10,10,-10,4.27585457502,102146.743021,7628,False
29b24409,wide64_quadratic,10,10,-10,4.29125844142,102884.040775,7628,False
29b24409,pf_quadratic,10,10,-10,4.0491426582,91601.9728606,7628,False
29b24409,trellis_quadratic,15,10,-10,5.25408267539,154231.284653,8181,False
29b24409,e006_hinge_025,10,40,-80,2.27696874906,28966.2858046,8398,True
29b24409,e006_hinge_050,10,10,-20,3.83129262571,82010.473388,8517,False
29b24409,e006_hinge_075,10,10,-40,4.36224353981,106315.96553,8650,False
29b24409,e006_jump_025,10,-10,10,4.81954763061,129775.055925,6507,False
29b24409,e006_jump_050,10,20,-10,4.94054712124,136373.115724,7102,False
29b24409,e006_jump_075,10,20,-10,5.07198252501,143725.612623,6585,False
29b24409,dtw_derivative,0,0,0,34.2298247122,6546181.18732,0,False
29de15c8,last_known_tvt,0,0,0,4.58576017218,72151.1727,0,False
29de15c8,e004_geometry_prefix,0,0,0,2.53924232836,22122.235747,0,True
29de15c8,align_visible_path,0,0,0,4.48747647686,69091.5742423,0,False
29de15c8,pf_gr_path,0,0,0,6.44433828599,142487.700585,0,False
29de15c8,trellis_gr_path,0,0,0,8.29697858106,236189.537614,0,False
29de15c8,e006_nested_fusion,0,0,0,3.6758639377,46359.5885871,0,False
29de15c8,wide64_anchor,0,0,0,11.4545800185,450172.601065,0,False
29de15c8,e006_affine,0,0,0,3.6758639377,46359.5885871,300,False
29de15c8,e006_quadratic,0,0,0,3.6758639377,46359.5885871,6490,False
29de15c8,wide64_quadratic,-10,0,0,3.14706427984,33980.6705979,5376,False
29de15c8,pf_quadratic,-5,-10,0,3.31723097095,37754.7971304,5907,False
29de15c8,trellis_quadratic,0,-10,0,7.6838119832,202569.556381,6465,False
29de15c8,e006_hinge_025,0,0,-10,2.8960679675,28776.5163859,7076,False
29de15c8,e006_hinge_050,0,-10,20,3.14140571477,33858.5828661,7226,False
29de15c8,e006_hinge_075,0,-10,50,3.08899894952,32738.3086844,7359,False
29de15c8,e006_jump_025,0,0,0,3.6758639377,46359.5885871,5589,False
29de15c8,e006_jump_050,0,0,0,3.6758639377,46359.5885871,5974,False
29de15c8,e006_jump_075,0,0,0,3.6758639377,46359.5885871,5589,False
29de15c8,dtw_derivative,0,0,0,10.8700061012,405396.778991,0,False
2ab29395,last_known_tvt,0,0,0,2.45945596629,11202.6066,0,False
2ab29395,e004_geometry_prefix,0,0,0,1.74674677678,5650.68220767,0,False
2ab29395,align_visible_path,0,0,0,1.74674677678,5650.68220767,0,False
2ab29395,pf_gr_path,0,0,0,4.93156787334,45041.3098487,0,False
2ab29395,trellis_gr_path,0,0,0,4.25893743342,33592.5910105,0,False
2ab29395,e006_nested_fusion,0,0,0,2.6849496282,13350.9837451,0,False
2ab29395,wide64_anchor,0,0,0,5.92849136683,65092.2623099,0,False
2ab29395,e006_affine,0,0,0,2.6849496282,13350.9837451,300,False
2ab29395,e006_quadratic,0,0,0,2.6849496282,13350.9837451,6490,False
2ab29395,wide64_quadratic,-5,0,0,1.77037549942,5804.59286535,5932,False
2ab29395,pf_quadratic,-5,0,0,1.674452606,5192.62191306,5932,True
2ab29395,trellis_quadratic,0,0,0,4.25893743342,33592.5910105,6490,False
2ab29395,e006_hinge_025,0,-10,20,2.66866807138,13189.5537377,7054,False
2ab29395,e006_hinge_050,0,-10,40,2.65398036078,13044.768971,7228,False
2ab29395,e006_hinge_075,0,0,10,2.55490729024,12089.0249367,7380,False
2ab29395,e006_jump_025,0,0,0,2.6849496282,13350.9837451,5589,False
2ab29395,e006_jump_050,0,0,0,2.6849496282,13350.9837451,5974,False
2ab29395,e006_jump_075,0,0,0,2.6849496282,13350.9837451,5589,False
2ab29395,dtw_derivative,0,0,0,61.1848984316,6933132.00636,0,False
2ac7cb6b,last_known_tvt,0,0,0,19.5962932566,1916233.3999,0,False
2ac7cb6b,e004_geometry_prefix,0,0,0,19.4133856023,1880628.90731,0,False
2ac7cb6b,align_visible_path,0,0,0,17.099069108,1458967.04016,0,False
2ac7cb6b,pf_gr_path,0,0,0,15.5361716149,1204449.41595,0,False
2ac7cb6b,trellis_gr_path,0,0,0,18.9572653918,1793295.77656,0,False
2ac7cb6b,e006_nested_fusion,0,0,0,17.6652274497,1557180.70163,0,False
2ac7cb6b,wide64_anchor,0,0,0,16.6162953676,1377745.346,0,False
2ac7cb6b,e006_affine,-5,-10,0,14.0272226175,981847.242065,274,False
2ac7cb6b,e006_quadratic,-5,-10,-30,10.7220345878,573660.508253,5904,False
2ac7cb6b,wide64_quadratic,-5,-10,-30,10.4474731719,544656.981429,5904,False
2ac7cb6b,pf_quadratic,0,-10,-30,10.4252175408,542338.952257,6462,False
2ac7cb6b,trellis_quadratic,-10,-20,-30,9.96996524333,496007.032697,5323,False
2ac7cb6b,e006_hinge_025,-5,20,-80,13.1146721601,858253.183076,6504,False
2ac7cb6b,e006_hinge_050,-5,10,-110,9.55860532295,455921.009243,6640,False
2ac7cb6b,e006_hinge_075,-5,-10,-120,11.4854569447,658259.448929,6717,False
2ac7cb6b,e006_jump_025,-5,-30,10,12.4124692517,768806.270688,5055,False
2ac7cb6b,e006_jump_050,-5,-30,10,12.4078664239,768236.194473,5356,False
2ac7cb6b,e006_jump_075,-5,10,-20,9.10592678763,413760.334282,5133,True
2ac7cb6b,dtw_derivative,0,0,0,12.8753942124,827221.122867,0,False
2acc78d4,last_known_tvt,0,0,0,13.6262344026,792086.4102,0,False
2acc78d4,e004_geometry_prefix,0,0,0,10.1313545786,437880.778314,0,False
2acc78d4,align_visible_path,0,0,0,10.1313545786,437880.778314,0,False
2acc78d4,pf_gr_path,0,0,0,11.6396613563,577965.002542,0,False
2acc78d4,trellis_gr_path,0,0,0,11.1547303377,530809.885997,0,False
2acc78d4,e006_nested_fusion,0,0,0,10.6950259088,487960.348828,0,False
2acc78d4,wide64_anchor,0,0,0,9.27497473878,366983.317223,0,False
2acc78d4,e006_affine,5,10,0,6.76896277174,195463.243984,326,False
2acc78d4,e006_quadratic,5,10,10,6.50216623583,180358.655125,7074,False
2acc78d4,wide64_quadratic,0,10,10,6.49636632633,180037.040052,6516,False
2acc78d4,pf_quadratic,5,10,10,6.80977351815,197827.283562,7074,False
2acc78d4,trellis_quadratic,5,10,10,6.31292856546,170013.184132,7074,False
2acc78d4,e006_hinge_025,5,-10,50,6.64712419865,188490.053639,7672,False
2acc78d4,e006_hinge_050,5,0,40,5.96209529989,151641.711837,7876,False
2acc78d4,e006_hinge_075,5,10,10,6.74638253631,194161.347473,8030,False
2acc78d4,e006_jump_025,5,10,0,6.76896277174,195463.243984,6081,False
2acc78d4,e006_jump_050,5,10,0,6.76896277174,195463.243984,6543,False
2acc78d4,e006_jump_075,5,0,10,5.41184556421,124942.916905,6066,True
2acc78d4,dtw_derivative,0,0,0,47.3359465548,9558791.37341,0,False
2b034622,last_known_tvt,0,0,0,6.80562139609,240984.6589,0,False
2b034622,e004_geometry_prefix,0,0,0,6.15255291946,196953.880341,0,False
2b034622,align_visible_path,0,0,0,8.5965985977,384509.543262,0,False
2b034622,pf_gr_path,0,0,0,5.04594764611,132476.640529,0,False
2b034622,trellis_gr_path,0,0,0,5.94754246819,184047.079121,0,False
2b034622,e006_nested_fusion,0,0,0,4.07332828561,86328.1932861,0,False
2b034622,wide64_anchor,0,0,0,4.23496359683,93315.3714155,0,False
2b034622,e006_affine,0,0,0,4.07332828561,86328.1932861,300,False
2b034622,e006_quadratic,0,0,0,4.07332828561,86328.1932861,6490,False
2b034622,wide64_quadratic,0,0,0,4.23496359683,93315.3714155,6490,False
2b034622,pf_quadratic,0,10,0,4.38704001318,100137.562762,6515,False
2b034622,trellis_quadratic,-5,0,10,3.92442670418,80132.0531487,5933,False
2b034622,e006_hinge_025,0,-10,30,3.44486974734,61744.6647785,7055,True
2b034622,e006_hinge_050,0,0,10,3.45391335623,62069.2794085,7250,False
2b034622,e006_hinge_075,0,0,20,3.81230937432,75618.8554889,7381,False
2b034622,e006_jump_025,0,0,0,4.07332828561,86328.1932861,5589,False
2b034622,e006_jump_050,0,0,0,4.07332828561,86328.1932861,5974,False
2b034622,e006_jump_075,0,0,0,4.07332828561,86328.1932861,5589,False
2b034622,dtw_derivative,0,0,0,14.4111197632,1080560.97982,0,False
2b06ad65,last_known_tvt,0,0,0,2.74637680405,32101.2441,0,False
2b06ad65,e004_geometry_prefix,0,0,0,4.13304656423,72701.3065275,0,False
2b06ad65,align_visible_path,0,0,0,13.7441513309,803965.617359,0,False
2b06ad65,pf_gr_path,0,0,0,8.74431137844,325426.449192,0,False
2b06ad65,trellis_gr_path,0,0,0,6.48268174805,178859.092224,0,False
2b06ad65,e006_nested_fusion,0,0,0,6.37268127294,172840.699477,0,False
2b06ad65,wide64_anchor,0,0,0,8.646274496,318170.314681,0,False
2b06ad65,e006_affine,5,0,0,2.2619146947,21774.7944145,325,False
2b06ad65,e006_quadratic,5,0,0,2.2619146947,21774.7944145,7048,False
2b06ad65,wide64_quadratic,10,0,0,2.55736024158,27834.6290206,7604,False
2b06ad65,pf_quadratic,10,0,0,2.4666111844,25894.2306482,7604,False
2b06ad65,trellis_quadratic,5,0,0,2.93058543931,36551.9368088,7048,False
2b06ad65,e006_hinge_025,5,0,0,2.2619146947,21774.7944145,7692,False
2b06ad65,e006_hinge_050,5,0,0,2.2619146947,21774.7944145,7872,False
2b06ad65,e006_hinge_075,5,0,-10,2.23291045316,21219.9439748,8003,True
2b06ad65,e006_jump_025,5,0,0,2.2619146947,21774.7944145,6059,False
2b06ad65,e006_jump_050,5,0,0,2.2619146947,21774.7944145,6518,False
2b06ad65,e006_jump_075,5,0,0,2.2619146947,21774.7944145,6065,False
2b06ad65,dtw_derivative,0,0,0,11.0246045037,517282.345393,0,False
2b547943,last_known_tvt,0,0,0,12.241457142,521489.3899,0,False
2b547943,e004_geometry_prefix,0,0,0,10.6391815339,393908.799314,0,False
2b547943,align_visible_path,0,0,0,14.2551915749,707172.494195,0,False
2b547943,pf_gr_path,0,0,0,6.29247250294,137791.331497,0,False
2b547943,trellis_gr_path,0,0,0,14.5719981581,738954.093509,0,False
2b547943,e006_nested_fusion,0,0,0,8.14973329668,231135.171768,0,False
2b547943,wide64_anchor,0,0,0,7.06572752568,173737.279026,0,False
2b547943,e006_affine,5,10,0,4.77215496985,79251.6514357,326,False
2b547943,e006_quadratic,5,10,-10,3.46783239438,41849.998074,7072,False
2b547943,wide64_quadratic,0,10,-10,4.09326035701,58306.635619,6514,False
2b547943,pf_quadratic,0,10,-10,4.55325771939,72147.9023899,6514,False
2b547943,trellis_quadratic,10,10,-10,4.875962119,82737.022919,7628,False
2b547943,e006_hinge_025,5,30,-50,4.31316099894,64739.6851536,7762,False
2b547943,e006_hinge_050,5,20,-50,2.94852523032,30254.4275978,7917,True
2b547943,e006_hinge_075,5,10,-40,3.90776111267,53141.6772595,8025,False
2b547943,e006_jump_025,5,0,10,3.34861068972,39021.9135585,6060,False
2b547943,e006_jump_050,5,10,0,4.77215496985,79251.6514357,6543,False
2b547943,e006_jump_075,5,20,-10,3.38809658499,39947.6106729,6108,False
2b547943,dtw_derivative,0,0,0,15.0842757554,791823.105227,0,False
2be5c96a,last_known_tvt,0,0,0,3.66185886624,56452.7756,0,False
2be5c96a,e004_geometry_prefix,0,0,0,5.6278252288,133340.874753,0,False
2be5c96a,align_visible_path,0,0,0,7.06969248157,210418.123011,0,False
2be5c96a,pf_gr_path,0,0,0,5.78231583037,140762.092485,0,False
2be5c96a,trellis_gr_path,0,0,0,7.52156483398,238176.277093,0,False
2be5c96a,e006_nested_fusion,0,0,0,5.9803705005,150569.939871,0,False
2be5c96a,wide64_anchor,0,0,0,5.96737695318,149916.364223,0,False
2be5c96a,e006_affine,-5,0,0,4.24158206797,75742.1876294,275,False
2be5c96a,e006_quadratic,-5,0,0,4.24158206797,75742.1876294,5932,False
2be5c96a,wide64_quadratic,-5,0,0,4.24471810754,75854.2299304,5932,False
2be5c96a,pf_quadratic,-5,-10,0,4.28300992268,77228.9725308,5907,False
2be5c96a,trellis_quadratic,-5,0,0,4.96160797871,103639.901222,5932,False
2be5c96a,e006_hinge_025,-5,0,-10,3.20178084579,43158.3964606,6461,True
2be5c96a,e006_hinge_050,-5,-10,20,3.2113853566,43417.712775,6603,False
2be5c96a,e006_hinge_075,-5,-10,40,3.70126169492,57674.2135454,6733,False
2be5c96a,e006_jump_025,-5,0,0,4.24158206797,75742.1876294,5119,False
2be5c96a,e006_jump_050,-5,0,0,4.24158206797,75742.1876294,5430,False
2be5c96a,e006_jump_075,-5,0,0,4.24158206797,75742.1876294,5113,False
2be5c96a,dtw_derivative,0,0,0,8.26290071833,287439.974063,0,False
2bff06cf,last_known_tvt,0,0,0,28.4279410067,6161319.055,0,False
2bff06cf,e004_geometry_prefix,0,0,0,28.056747936,6001468.74257,0,False
2bff06cf,align_visible_path,0,0,0,12.4588953981,1183428.3443,0,False
2bff06cf,pf_gr_path,0,0,0,20.5932435133,3233198.7161,0,False
2bff06cf,trellis_gr_path,0,0,0,27.7240031991,5859961.57421,0,False
2bff06cf,e006_nested_fusion,0,0,0,24.2937980836,4499598.0795,0,False
2bff06cf,wide64_anchor,0,0,0,20.4978044029,3203299.72824,0,False
2bff06cf,e006_affine,20,10,0,7.87461191755,472760.525983,401,False
2bff06cf,e006_quadratic,20,10,-20,5.903325114,265690.66219,8729,False
2bff06cf,wide64_quadratic,20,10,-20,6.01548303557,275882.339617,8729,False
2bff06cf,pf_quadratic,20,10,-20,5.77582791514,254338.074115,8729,True
2bff06cf,trellis_quadratic,25,10,-10,7.52020096052,431163.293038,9273,False
2bff06cf,e006_hinge_025,20,50,-90,6.1908039438,292197.831659,9633,False
2bff06cf,e006_hinge_050,20,30,-70,6.36086889385,308472.019118,9797,False
2bff06cf,e006_hinge_075,20,20,-100,6.22601269822,295530.896919,9918,False
2bff06cf,e006_jump_025,20,0,10,6.40099878666,312376.516399,7465,False
2bff06cf,e006_jump_050,20,10,0,7.87461191755,472760.525983,8118,False
2bff06cf,e006_jump_075,20,20,-10,7.66782389677,448257.069729,7531,False
2bff06cf,dtw_derivative,0,0,0,40.908539113,12758829.3557,0,False
2c0c4a4e,last_known_tvt,0,0,0,8.0459401866,310090.9652,0,False
2c0c4a4e,e004_geometry_prefix,0,0,0,5.80115520564,161199.794239,0,False
2c0c4a4e,align_visible_path,0,0,0,8.03843933539,309513.068284,0,False
2c0c4a4e,pf_gr_path,0,0,0,4.80813129831,110735.826327,0,False
2c0c4a4e,trellis_gr_path,0,0,0,6.37182309768,194474.620727,0,False
2c0c4a4e,e006_nested_fusion,0,0,0,6.19118370038,183604.319381,0,False
2c0c4a4e,wide64_anchor,0,0,0,5.30565463549,134838.361622,0,False
2c0c4a4e,e006_affine,5,0,0,4.8784500509,113998.526767,325,False
2c0c4a4e,e006_quadratic,5,0,10,4.47275261886,95826.4215899,7049,False
2c0c4a4e,wide64_quadratic,0,0,10,4.93520133343,116666.256445,6491,False
2c0c4a4e,pf_quadratic,0,0,10,4.39594900701,92563.7211501,6491,False
2c0c4a4e,trellis_quadratic,5,0,10,4.95718893316,117708.12895,7049,False
2c0c4a4e,e006_hinge_025,5,-10,30,4.38069941836,91922.6262172,7670,False
2c0c4a4e,e006_hinge_050,5,-10,50,3.90843599787,73171.4266377,7852,False
2c0c4a4e,e006_hinge_075,5,0,50,3.85952153602,71351.3920729,8009,False
2c0c4a4e,e006_jump_025,5,0,0,4.8784500509,113998.526767,6059,False
2c0c4a4e,e006_jump_050,5,0,0,4.8784500509,113998.526767,6518,False
2c0c4a4e,e006_jump_075,5,-10,10,3.51849017483,59299.1131986,6044,True
2c0c4a4e,dtw_derivative,0,0,0,4.54736263026,99050.0480084,0,False
2cee0cba,last_known_tvt,0,0,0,10.6651407867,625598.754,0,False
2cee0cba,e004_geometry_prefix,0,0,0,8.02830767433,354495.482626,0,False
2cee0cba,align_visible_path,0,0,0,8.02830767433,354495.482626,0,False
2cee0cba,pf_gr_path,0,0,0,8.07888051179,358975.706781,0,False
2cee0cba,trellis_gr_path,0,0,0,6.55811000947,236548.43793,0,False
2cee0cba,e006_nested_fusion,0,0,0,7.21990895278,286698.969075,0,False
2cee0cba,wide64_anchor,0,0,0,7.47814910188,307574.926945,0,False
2cee0cba,e006_affine,0,0,0,7.21990895278,286698.969075,300,False
2cee0cba,e006_quadratic,0,0,10,6.0479215989,201175.456166,6491,False
2cee0cba,wide64_quadratic,0,0,10,6.35397390378,222051.414035,6491,False
2cee0cba,pf_quadratic,5,0,10,6.32765691851,220215.831431,7049,False
2cee0cba,trellis_quadratic,0,0,10,5.56363760234,170247.348536,6491,False
2cee0cba,e006_hinge_025,0,-10,30,6.73727203988,249649.589966,7055,False
2cee0cba,e006_hinge_050,0,-10,50,5.81174151755,185769.867067,7229,False
2cee0cba,e006_hinge_075,0,0,80,4.94946496519,134734.618929,7387,True
2cee0cba,e006_jump_025,0,0,0,7.21990895278,286698.969075,5589,False
2cee0cba,e006_jump_050,0,20,-10,5.3647228723,158291.383231,6023,False
2cee0cba,e006_jump_075,0,-10,10,5.0221447088,138720.656119,5568,False
2cee0cba,dtw_derivative,0,0,0,77.6236384003,33139860.8118,0,False
2d0c268a,last_known_tvt,0,0,0,14.8747911323,1006730.3211,0,False
2d0c268a,e004_geometry_prefix,0,0,0,12.8031270321,745836.281187,0,False
2d0c268a,align_visible_path,0,0,0,12.8031270321,745836.281187,0,False
2d0c268a,pf_gr_path,0,0,0,9.50551777964,411114.650579,0,False
2d0c268a,trellis_gr_path,0,0,0,13.1214778922,783387.978448,0,False
2d0c268a,e006_nested_fusion,0,0,0,10.9525160494,545807.115547,0,False
2d0c268a,wide64_anchor,0,0,0,9.66330183217,424876.280463,0,False
2d0c268a,e006_affine,-5,0,0,8.71575913067,345638.280369,275,False
2d0c268a,e006_quadratic,-5,0,0,8.71575913067,345638.280369,5932,False
2d0c268a,wide64_quadratic,-5,0,0,8.51641203041,330008.196116,5932,False
2d0c268a,pf_quadratic,-5,0,0,8.43397534142,323650.327272,5932,False
2d0c268a,trellis_quadratic,-10,0,0,8.41126608522,321909.757062,5376,False
2d0c268a,e006_hinge_025,-5,-40,90,7.6289497725,264813.979573,6371,False
2d0c268a,e006_hinge_050,-5,-10,20,8.55508860182,333012.411481,6603,False
2d0c268a,e006_hinge_075,-5,0,-60,7.82003962762,278246.239988,6748,False
2d0c268a,e006_jump_025,-5,10,-10,8.68883285817,343505.96479,5140,False
2d0c268a,e006_jump_050,-5,-20,10,6.30232712221,180722.938557,5381,True
2d0c268a,e006_jump_075,-5,0,0,8.71575913067,345638.280369,5113,False
2d0c268a,dtw_derivative,0,0,0,11.8007929443,633627.149221,0,False
2d179ded,last_known_tvt,0,0,0,7.74975428613,420891.31,0,False
2d179ded,e004_geometry_prefix,0,0,0,8.2373363566,475518.801444,0,False
2d179ded,align_visible_path,0,0,0,14.9068278423,1557272.32236,0,False
2d179ded,pf_gr_path,0,0,0,7.9855481593,446893.007666,0,False
2d179ded,trellis_gr_path,0,0,0,8.23475504785,475220.824412,0,False
2d179ded,e006_nested_fusion,0,0,0,8.31960485283,485064.50095,0,False
2d179ded,wide64_anchor,0,0,0,8.34186417324,487663.578777,0,False
2d179ded,e006_affine,-5,0,0,7.77466648404,423601.636077,275,False
2d179ded,e006_quadratic,-5,0,-20,5.53221277368,214482.490239,5930,False
2d179ded,wide64_quadratic,5,0,-20,5.51647845303,213264.193935,7046,False
2d179ded,pf_quadratic,-5,0,-20,5.71635319222,228998.270278,5930,False
2d179ded,trellis_quadratic,-5,0,-20,6.83689633902,327576.006066,5930,False
2d179ded,e006_hinge_025,-5,20,-50,7.09989099757,353262.432859,6507,False
2d179ded,e006_hinge_050,-5,20,-90,4.52052284645,143209.368651,6667,False
2d179ded,e006_hinge_075,-5,10,-120,6.08236269358,259261.912641,6767,False
2d179ded,e006_jump_025,-5,-10,10,6.19586926167,269028.681721,5098,False
2d179ded,e006_jump_050,-5,0,0,7.77466648404,423601.636077,5430,False
2d179ded,e006_jump_075,-5,10,-10,3.97157489574,110540.037324,5134,True
2d179ded,dtw_derivative,0,0,0,18.1549717721,2309857.82433,0,False
2d196986,last_known_tvt,0,0,0,11.9913173607,930907.4143,0,False
2d196986,e004_geometry_prefix,0,0,0,12.4673494534,1006284.9107,0,False
2d196986,align_visible_path,0,0,0,12.4673494534,1006284.9107,0,False
2d196986,pf_gr_path,0,0,0,8.69683482473,489660.575461,0,False
2d196986,trellis_gr_path,0,0,0,12.1285146004,952331.009151,0,False
2d196986,e006_nested_fusion,0,0,0,12.0131941061,934307.174449,0,False
2d196986,wide64_anchor,0,0,0,11.0216547524,786441.278915,0,False
2d196986,e006_affine,-10,-10,0,4.4764274517,129728.619276,249,False
2d196986,e006_quadratic,-10,-10,-10,4.31398675275,120484.258545,5350,False
2d196986,wide64_quadratic,-5,-10,-10,4.73677444179,145257.345896,5906,False
2d196986,pf_quadratic,-5,-10,-10,4.66609086422,140954.543193,5906,False
2d196986,trellis_quadratic,-10,-10,0,5.07747868434,166904.8331,5351,False
2d196986,e006_hinge_025,-10,0,-30,3.87235600173,97078.5428606,5845,True
2d196986,e006_hinge_050,-10,-10,-10,4.03155890681,105224.946776,5978,False
2d196986,e006_hinge_075,-10,-10,-30,4.11058883364,109390.79318,6101,False
2d196986,e006_jump_025,-10,-10,0,4.4764274517,129728.619276,4628,False
2d196986,e006_jump_050,-10,-10,0,4.4764274517,129728.619276,4870,False
2d196986,e006_jump_075,-10,0,-10,4.18775387247,113536.366882,4635,False
2d196986,dtw_derivative,0,0,0,29.8743789248,5777905.91349,0,False
2d2d0c6b,last_known_tvt,0,0,0,3.04594530073,46806.4141,0,True
2d2d0c6b,e004_geometry_prefix,0,0,0,3.51082664863,62184.1844527,0,False
2d2d0c6b,align_visible_path,0,0,0,3.51082664863,62184.1844527,0,False
2d2d0c6b,pf_gr_path,0,0,0,4.25579921208,91374.1668799,0,False
2d2d0c6b,trellis_gr_path,0,0,0,5.32223502681,142905.606759,0,False
2d2d0c6b,e006_nested_fusion,0,0,0,4.32108784813,94199.2319648,0,False
2d2d0c6b,wide64_anchor,0,0,0,5.08531497819,130465.861416,0,False
2d2d0c6b,e006_affine,-5,0,0,3.83551023456,74217.6950411,275,False
2d2d0c6b,e006_quadratic,-5,0,0,3.83551023456,74217.6950411,5932,False
2d2d0c6b,wide64_quadratic,-5,0,0,3.37553043649,57483.767896,5932,False
2d2d0c6b,pf_quadratic,-5,0,0,3.76524458056,71523.3017609,5932,False
2d2d0c6b,trellis_quadratic,0,0,0,5.32223502681,142905.606759,6490,False
2d2d0c6b,e006_hinge_025,-5,-10,30,3.75959838786,71308.9562916,6440,False
2d2d0c6b,e006_hinge_050,-5,0,10,3.32587057774,55804.8391788,6627,False
2d2d0c6b,e006_hinge_075,-5,0,30,3.23456895267,52782.991182,6757,False
2d2d0c6b,e006_jump_025,-5,0,0,3.83551023456,74217.6950411,5119,False
2d2d0c6b,e006_jump_050,-5,0,0,3.83551023456,74217.6950411,5430,False
2d2d0c6b,e006_jump_075,-5,0,0,3.83551023456,74217.6950411,5113,False
2d2d0c6b,dtw_derivative,0,0,0,24.4166719082,3007697.15938,0,False
2d35f86d,last_known_tvt,0,0,0,11.2161967797,615931.8317,0,False
2d35f86d,e004_geometry_prefix,0,0,0,11.2746744796,622371.121507,0,False
2d35f86d,align_visible_path,0,0,0,13.5946195407,904847.779514,0,False
2d35f86d,pf_gr_path,0,0,0,10.8662636434,578098.556544,0,False
2d35f86d,trellis_gr_path,0,0,0,10.41808623,531394.805327,0,False
2d35f86d,e006_nested_fusion,0,0,0,11.3181135291,627176.101124,0,False
2d35f86d,wide64_anchor,0,0,0,11.3530223285,631050.903896,0,False
2d35f86d,e006_affine,5,10,0,7.93346176541,308153.337096,326,False
2d35f86d,e006_quadratic,5,10,0,7.93346176541,308153.337096,7073,False
2d35f86d,wide64_quadratic,5,10,0,7.89229801172,304963.849267,7073,False
2d35f86d,pf_quadratic,0,10,0,7.54321563581,278582.900021,6515,False
2d35f86d,trellis_quadratic,0,10,0,7.83677668061,300688.176559,6515,False
2d35f86d,e006_hinge_025,5,-20,80,6.26509147511,192174.713353,7650,False
2d35f86d,e006_hinge_050,5,10,20,7.42909270897,270217.18487,7899,False
2d35f86d,e006_hinge_075,5,20,-50,7.37697567742,266439.194631,8049,False
2d35f86d,e006_jump_025,5,30,-10,7.59888949216,282710.322933,6123,False
2d35f86d,e006_jump_050,5,0,10,4.19795578004,86281.3890518,6519,True
2d35f86d,e006_jump_075,5,10,0,7.93346176541,308153.337096,6087,False
2d35f86d,dtw_derivative,0,0,0,38.0186180725,7076753.40743,0,False
2d9f6cb9,last_known_tvt,0,0,0,9.90870606386,720462.8611,0,False
2d9f6cb9,e004_geometry_prefix,0,0,0,7.1777580727,378055.307953,0,False
2d9f6cb9,align_visible_path,0,0,0,14.6670962069,1578577.79236,0,False
2d9f6cb9,pf_gr_path,0,0,0,7.29809854102,390838.334103,0,False
2d9f6cb9,trellis_gr_path,0,0,0,6.59324122699,318988.949639,0,False
2d9f6cb9,e006_nested_fusion,0,0,0,7.54858682125,418127.774078,0,False
2d9f6cb9,wide64_anchor,0,0,0,10.1307756132,753118.125383,0,False
2d9f6cb9,e006_affine,5,10,0,4.24818470276,132429.423646,326,False
2d9f6cb9,e006_quadratic,5,10,0,4.24818470276,132429.423646,7073,False
2d9f6cb9,wide64_quadratic,10,10,0,4.63977522026,157968.898426,7629,False
2d9f6cb9,pf_quadratic,0,10,0,4.59494273169,154930.853516,6515,False
2d9f6cb9,trellis_quadratic,5,10,0,5.95591881869,260300.646337,7073,False
2d9f6cb9,e006_hinge_025,5,0,20,4.15918501093,126938.740831,7694,True
2d9f6cb9,e006_hinge_050,5,10,0,4.24818470276,132429.423646,7897,False
2d9f6cb9,e006_hinge_075,5,10,0,4.24818470276,132429.423646,8029,False
2d9f6cb9,e006_jump_025,5,10,0,4.24818470276,132429.423646,6081,False
2d9f6cb9,e006_jump_050,5,10,0,4.24818470276,132429.423646,6543,False
2d9f6cb9,e006_jump_075,5,10,0,4.24818470276,132429.423646,6087,False
2d9f6cb9,dtw_derivative,0,0,0,24.6713908903,4466475.70387,0,False
2ddad940,last_known_tvt,0,0,0,7.64581643802,311642.3115,0,False
2ddad940,e004_geometry_prefix,0,0,0,8.2936556116,366691.360466,0,False
2ddad940,align_visible_path,0,0,0,25.3707653213,3431435.33255,0,False
2ddad940,pf_gr_path,0,0,0,17.6409113653,1659016.5495,0,False
2ddad940,trellis_gr_path,0,0,0,8.25728101347,363481.91898,0,False
2ddad940,e006_nested_fusion,0,0,0,11.7413639705,734929.676274,0,False
2ddad940,wide64_anchor,0,0,0,9.98999965189,532034.296022,0,False
2ddad940,e006_affine,-10,-10,0,5.05996667617,136490.993795,249,False
2ddad940,e006_quadratic,-10,-10,10,4.62412132431,113990.096955,5352,False
2ddad940,wide64_quadratic,-5,-10,10,5.04674885701,135778.832231,5908,False
2ddad940,pf_quadratic,-15,-10,10,4.73562267781,119553.657164,4799,False
2ddad940,trellis_quadratic,0,-10,10,5.73395119449,175273.66448,6466,False
2ddad940,e006_hinge_025,-10,-20,30,5.01544241589,134099.506465,5801,False
2ddad940,e006_hinge_050,-10,-20,40,4.2645033341,96949.5056881,5958,False
2ddad940,e006_hinge_075,-10,-10,30,4.59206795648,112415.266751,6107,False
2ddad940,e006_jump_025,-10,-10,0,5.05996667617,136490.993795,4628,False
2ddad940,e006_jump_050,-10,-10,0,5.05996667617,136490.993795,4870,False
2ddad940,e006_jump_075,-10,-20,10,3.51953645831,66035.8267145,4593,True
2ddad940,dtw_derivative,0,0,0,63.693900313,21627402.8676,0,False
2e29e833,last_known_tvt,0,0,0,4.30765182662,100721.2312,0,False
2e29e833,e004_geometry_prefix,0,0,0,7.15028878902,277515.346372,0,False
2e29e833,align_visible_path,0,0,0,7.15028878902,277515.346372,0,False
2e29e833,pf_gr_path,0,0,0,4.98358262351,134810.327815,0,False
2e29e833,trellis_gr_path,0,0,0,7.9369931826,341941.532318,0,False
2e29e833,e006_nested_fusion,0,0,0,5.92887520808,190802.674373,0,False
2e29e833,wide64_anchor,0,0,0,4.74660536437,122294.264769,0,False
2e29e833,e006_affine,5,0,0,4.33052238424,101793.586126,325,False
2e29e833,e006_quadratic,5,0,-10,4.11278899949,91814.8010472,7047,False
2e29e833,wide64_quadratic,0,0,-10,4.54883190709,112315.479691,6489,False
2e29e833,pf_quadratic,0,0,-10,4.79559224697,124831.542736,6489,False
2e29e833,trellis_quadratic,5,0,-10,4.77911126146,123975.001352,7047,False
2e29e833,e006_hinge_025,5,20,-50,3.51437559452,67040.3368275,7737,True
2e29e833,e006_hinge_050,5,10,-50,3.62833706521,71458.6964734,7892,False
2e29e833,e006_hinge_075,5,0,-10,4.26931588824,98936.4716579,8003,False
2e29e833,e006_jump_025,5,0,0,4.33052238424,101793.586126,6059,False
2e29e833,e006_jump_050,5,0,0,4.33052238424,101793.586126,6518,False
2e29e833,e006_jump_075,5,0,0,4.33052238424,101793.586126,6065,False
2e29e833,dtw_derivative,0,0,0,5.7658476346,180453.854276,0,False
2e43c2ea,last_known_tvt,0,0,0,7.48739666909,319436.1984,0,False
2e43c2ea,e004_geometry_prefix,0,0,0,8.03270923645,367660.131925,0,False
2e43c2ea,align_visible_path,0,0,0,15.3690696075,1345914.89681,0,False
2e43c2ea,pf_gr_path,0,0,0,8.10700375216,374492.559055,0,False
2e43c2ea,trellis_gr_path,0,0,0,8.85255544558,446539.370651,0,False
2e43c2ea,e006_nested_fusion,0,0,0,8.12921393629,376547.311327,0,False
2e43c2ea,wide64_anchor,0,0,0,10.5241688308,631099.822337,0,False
2e43c2ea,e006_affine,5,10,0,5.79886692823,191605.834897,326,False
2e43c2ea,e006_quadratic,5,10,-10,5.13097122683,150010.480933,7072,False
2e43c2ea,wide64_quadratic,10,10,-10,5.22516089622,155568.541818,7628,False
2e43c2ea,pf_quadratic,5,10,-10,4.50677181644,115732.033587,7072,False
2e43c2ea,trellis_quadratic,5,10,-10,6.70071045939,255837.468724,7072,False
2e43c2ea,e006_hinge_025,5,30,-60,3.98603888433,90532.7071163,7761,True
2e43c2ea,e006_hinge_050,5,20,-60,4.11617256099,96540.5105924,7916,False
2e43c2ea,e006_hinge_075,5,10,-40,5.19207434882,153604.610177,8025,False
2e43c2ea,e006_jump_025,5,-10,10,4.55602822191,118275.626219,6038,False
2e43c2ea,e006_jump_050,5,20,-10,4.88836105984,136159.828805,6567,False
2e43c2ea,e006_jump_075,5,10,0,5.79886692823,191605.834897,6087,False
2e43c2ea,dtw_derivative,0,0,0,12.3307940654,866372.252044,0,False
2e63d9de,last_known_tvt,0,0,0,13.7739081743,891496.8475,0,False
2e63d9de,e004_geometry_prefix,0,0,0,14.1315107198,938388.397957,0,False
2e63d9de,align_visible_path,0,0,0,12.7531469223,764258.31243,0,False
2e63d9de,pf_gr_path,0,0,0,15.0007029511,1057374.09733,0,False
2e63d9de,trellis_gr_path,0,0,0,17.9890015335,1520616.02383,0,False
2e63d9de,e006_nested_fusion,0,0,0,14.4268510141,978021.807832,0,False
2e63d9de,wide64_anchor,0,0,0,17.8382030002,1495228.78402,0,False
2e63d9de,e006_affine,-5,-20,0,6.96458793024,227927.274194,273,False
2e63d9de,e006_quadratic,-5,-20,0,6.96458793024,227927.274194,5882,False
2e63d9de,wide64_quadratic,-15,-20,0,6.99094190531,229655.489732,4773,False
2e63d9de,pf_quadratic,-5,-20,0,6.95654740309,227401.299774,5882,False
2e63d9de,trellis_quadratic,-10,-20,0,9.08710302819,388021.999349,5326,False
2e63d9de,e006_hinge_025,-5,10,-70,5.9457117339,166116.642218,6480,False
2e63d9de,e006_hinge_050,-5,-20,0,6.96458793024,227927.274194,6576,False
2e63d9de,e006_hinge_075,-5,-20,40,6.54490977736,201285.630927,6708,False
2e63d9de,e006_jump_025,-5,-20,0,6.96458793024,227927.274194,5075,False
2e63d9de,e006_jump_050,-5,0,-10,5.43447395552,138777.950207,5429,True
2e63d9de,e006_jump_075,-5,-20,0,6.96458793024,227927.274194,5069,False
2e63d9de,dtw_derivative,0,0,0,39.8218394696,7451575.04519,0,False
2ee0235b,last_known_tvt,0,0,0,6.8029537123,257132.6757,0,False
2ee0235b,e004_geometry_prefix,0,0,0,5.03856545667,141050.96018,0,False
2ee0235b,align_visible_path,0,0,0,9.39309608166,490207.29122,0,False
2ee0235b,pf_gr_path,0,0,0,4.74605762953,125149.250155,0,False
2ee0235b,trellis_gr_path,0,0,0,5.84057540176,189528.055607,0,False
2ee0235b,e006_nested_fusion,0,0,0,4.83771173868,130029.595239,0,False
2ee0235b,wide64_anchor,0,0,0,5.51120578416,168754.550369,0,False
2ee0235b,e006_affine,0,0,0,4.83771173868,130029.595239,300,False
2ee0235b,e006_quadratic,0,0,0,4.83771173868,130029.595239,6490,False
2ee0235b,wide64_quadratic,5,0,0,5.19848722489,150146.840938,7048,False
2ee0235b,pf_quadratic,0,0,0,4.74605762953,125149.250155,6490,False
2ee0235b,trellis_quadratic,0,0,0,5.84057540176,189528.055607,6490,False
2ee0235b,e006_hinge_025,0,10,-20,4.6482332474,120043.337822,7100,True
2ee0235b,e006_hinge_050,0,0,0,4.83771173868,130029.595239,7249,False
2ee0235b,e006_hinge_075,0,0,20,4.72651283454,124120.615383,7381,False
2ee0235b,e006_jump_025,0,0,0,4.83771173868,130029.595239,5589,False
2ee0235b,e006_jump_050,0,0,0,4.83771173868,130029.595239,5974,False
2ee0235b,e006_jump_075,0,0,0,4.83771173868,130029.595239,5589,False
2ee0235b,dtw_derivative,0,0,0,66.7780786778,24775936.3158,0,False
2f19d536,last_known_tvt,0,0,0,6.53559839441,131900.9752,0,False
2f19d536,e004_geometry_prefix,0,0,0,4.38822452642,59464.1167582,0,False
2f19d536,align_visible_path,0,0,0,8.7502525187,236438.646308,0,False
2f19d536,pf_gr_path,0,0,0,7.92797411923,194089.364986,0,False
2f19d536,trellis_gr_path,0,0,0,4.28085992333,56589.9520775,0,False
2f19d536,e006_nested_fusion,0,0,0,4.41781191072,60268.6876983,0,False
2f19d536,wide64_anchor,0,0,0,3.62839454524,40654.2826618,0,False
2f19d536,e006_affine,5,-10,0,3.9550038556,48302.6673771,324,False
2f19d536,e006_quadratic,5,-10,0,3.9550038556,48302.6673771,7023,False
2f19d536,wide64_quadratic,0,-10,0,3.10105319613,29695.8474971,6465,False
2f19d536,pf_quadratic,5,-10,0,3.95828862736,48382.9348718,7023,False
2f19d536,trellis_quadratic,-5,0,0,3.90451184032,47077.2168522,5932,False
2f19d536,e006_hinge_025,5,-10,10,2.89662282306,25909.6286297,7668,True
2f19d536,e006_hinge_050,5,-10,20,3.00913941797,27961.5930736,7849,False
2f19d536,e006_hinge_075,5,-10,40,3.24701801151,32557.1729864,7983,False
2f19d536,e006_jump_025,5,-10,0,3.9550038556,48302.6673771,6037,False
2f19d536,e006_jump_050,5,-10,0,3.9550038556,48302.6673771,6493,False
2f19d536,e006_jump_075,5,-10,0,3.9550038556,48302.6673771,6043,False
2f19d536,dtw_derivative,0,0,0,11.9937592085,444209.602731,0,False
2f8e53c3,last_known_tvt,0,0,0,3.29305513823,28129.8863,0,False
2f8e53c3,e004_geometry_prefix,0,0,0,4.65609403292,56235.8750029,0,False
2f8e53c3,align_visible_path,0,0,0,4.65609403292,56235.8750029,0,False
2f8e53c3,pf_gr_path,0,0,0,7.33505947574,139565.234948,0,False
2f8e53c3,trellis_gr_path,0,0,0,3.43220928708,30557.4771713,0,False
2f8e53c3,e006_nested_fusion,0,0,0,5.74156047763,85512.5503671,0,False
2f8e53c3,wide64_anchor,0,0,0,5.63361635793,82327.4206981,0,False
2f8e53c3,e006_affine,-5,0,0,2.96033647987,22732.7578401,275,False
2f8e53c3,e006_quadratic,-5,0,0,2.96033647987,22732.7578401,5932,False
2f8e53c3,wide64_quadratic,-5,0,0,2.96643656887,22826.540909,5932,False
2f8e53c3,pf_quadratic,-5,0,0,3.35696332797,29232.3120252,5932,False
2f8e53c3,trellis_quadratic,-5,0,0,3.32143022634,28616.7453535,5932,False
2f8e53c3,e006_hinge_025,-5,0,-10,2.30648967185,13799.8066089,6461,False
2f8e53c3,e006_hinge_050,-5,0,-10,2.12089949873,11668.3688895,6625,False
2f8e53c3,e006_hinge_075,-5,0,-40,1.39638172498,5057.99370529,6750,True
2f8e53c3,e006_jump_025,-5,0,0,2.96033647987,22732.7578401,5119,False
2f8e53c3,e006_jump_050,-5,0,0,2.96033647987,22732.7578401,5430,False
2f8e53c3,e006_jump_075,-5,0,0,2.96033647987,22732.7578401,5113,False
2f8e53c3,dtw_derivative,0,0,0,6.2729931966,102075.050814,0,False
2fa01aa6,last_known_tvt,0,0,0,18.7774196125,766533.8934,0,False
2fa01aa6,e004_geometry_prefix,0,0,0,18.6183594592,753602.553662,0,False
2fa01aa6,align_visible_path,0,0,0,15.320763841,510293.899359,0,False
2fa01aa6,pf_gr_path,0,0,0,12.5471664029,342255.830429,0,False
2fa01aa6,trellis_gr_path,0,0,0,15.1113772969,496440.99556,0,False
2fa01aa6,e006_nested_fusion,0,0,0,15.6184677122,530318.024212,0,False
2fa01aa6,wide64_anchor,0,0,0,13.2499038676,381667.336734,0,False
2fa01aa6,e006_affine,-10,-20,0,3.74174684527,30437.4553932,248,False
2fa01aa6,e006_quadratic,-10,-20,0,3.74174684527,30437.4553932,5326,False
2fa01aa6,wide64_quadratic,-10,-20,0,3.88907064528,32881.4684321,5326,False
2fa01aa6,pf_quadratic,-10,-10,0,3.10844914729,21006.1795641,5351,False
2fa01aa6,trellis_quadratic,-10,-20,0,4.4535144438,43118.6614191,5326,False
2fa01aa6,e006_hinge_025,-10,-20,10,3.52534121205,27018.5386579,5799,False
2fa01aa6,e006_hinge_050,-10,-20,10,3.07699187426,20583.1689336,5955,True
2fa01aa6,e006_hinge_075,-10,-20,30,3.19428299755,22182.28697,6082,False
2fa01aa6,e006_jump_025,-10,-20,0,3.74174684527,30437.4553932,4606,False
2fa01aa6,e006_jump_050,-10,-20,0,3.74174684527,30437.4553932,4845,False
2fa01aa6,e006_jump_075,-10,-20,0,3.74174684527,30437.4553932,4592,False
2fa01aa6,dtw_derivative,0,0,0,4.72068676926,48447.3368887,0,False
2fd68f7b,last_known_tvt,0,0,0,60.740152624,17450701.8459,0,False
2fd68f7b,e004_geometry_prefix,0,0,0,58.4379495382,16152921.3657,0,False
2fd68f7b,align_visible_path,0,0,0,39.0461352063,7211361.19062,0,False
2fd68f7b,pf_gr_path,0,0,0,48.428671678,11093440.4175,0,False
2fd68f7b,trellis_gr_path,0,0,0,60.5987891489,17369568.6551,0,False
2fd68f7b,e006_nested_fusion,0,0,0,54.622162154,14112336.2303,0,False
2fd68f7b,wide64_anchor,0,0,0,52.0907043493,12834578.1985,0,False
2fd68f7b,e006_affine,50,20,0,17.3019016864,1415952.94331,549,False
2fd68f7b,e006_quadratic,50,20,-50,6.32774958212,189391.161881,11865,True
2fd68f7b,wide64_quadratic,45,20,-50,6.75120275024,215587.433459,11375,False
2fd68f7b,pf_quadratic,45,20,-50,6.33772380174,189988.694329,11375,False
2fd68f7b,trellis_quadratic,55,20,-60,6.98522894199,230792.892549,12339,False
2fd68f7b,e006_hinge_025,50,70,-120,12.4152498108,729074.763796,13068,False
2fd68f7b,e006_hinge_050,50,50,-120,10.0898814482,481540.997134,13338,False
2fd68f7b,e006_hinge_075,50,30,-120,14.1622952618,948698.971496,13524,False
2fd68f7b,e006_jump_025,50,-10,30,7.41880690376,260333.03149,10141,False
2fd68f7b,e006_jump_050,50,40,-10,16.7899747095,1333402.37603,11019,False
2fd68f7b,e006_jump_075,50,60,-30,11.5423885747,630162.451863,10293,False
2fd68f7b,dtw_derivative,0,0,0,57.306527103,15533499.9699,0,False
2fe023be,last_known_tvt,0,0,0,12.9093114781,703431.0127,0,False
2fe023be,e004_geometry_prefix,0,0,0,11.8746295822,595189.819785,0,False
2fe023be,align_visible_path,0,0,0,20.5437082474,1781447.50685,0,False
2fe023be,pf_gr_path,0,0,0,10.5989577451,474178.298193,0,False
2fe023be,trellis_gr_path,0,0,0,11.9229955875,600048.174169,0,False
2fe023be,e006_nested_fusion,0,0,0,11.8901671286,596748.409815,0,False
2fe023be,wide64_anchor,0,0,0,9.22444669227,359166.649222,0,False
2fe023be,e006_affine,10,0,0,7.69153768204,249713.31283,350,False
2fe023be,e006_quadratic,10,0,-20,3.39639083319,48691.2217901,7602,False
2fe023be,wide64_quadratic,5,0,-20,3.28229702521,45474.8327481,7046,True
2fe023be,pf_quadratic,5,0,-20,4.03111154188,68590.6601706,7046,False
2fe023be,trellis_quadratic,10,0,-20,7.52545298514,239045.540348,7602,False
2fe023be,e006_hinge_025,10,50,-120,4.5166015826,86107.0908818,8419,False
2fe023be,e006_hinge_050,10,20,-90,3.96552854924,66376.9837844,8535,False
2fe023be,e006_hinge_075,10,10,-120,4.98437162912,104866.357428,8642,False
2fe023be,e006_jump_025,10,-10,10,5.45741928078,125715.837796,6507,False
2fe023be,e006_jump_050,10,0,0,7.69153768204,249713.31283,7053,False
2fe023be,e006_jump_075,10,10,-10,5.92370771923,148116.211776,6563,False
2fe023be,dtw_derivative,0,0,0,19.2827930935,1569478.00815,0,False
30d75030,last_known_tvt,0,0,0,17.5993186694,1054341.404,0,False
30d75030,e004_geometry_prefix,0,0,0,23.975178276,1956650.42614,0,False
30d75030,align_visible_path,0,0,0,35.4463377927,4276931.50536,0,False
30d75030,pf_gr_path,0,0,0,26.7906975254,2443191.97714,0,False
30d75030,trellis_gr_path,0,0,0,25.0487044458,2135797.57139,0,False
30d75030,e006_nested_fusion,0,0,0,24.6837899062,2074021.40399,0,False
30d75030,wide64_anchor,0,0,0,24.8474307248,2101611.94557,0,False
30d75030,e006_affine,-20,-20,0,3.90162271648,51817.9340333,198,False
30d75030,e006_quadratic,-20,-20,-10,3.15618282207,33908.9119816,4223,False
30d75030,wide64_quadratic,-20,-20,-10,3.17283366992,34267.6373837,4223,False
30d75030,pf_quadratic,-20,-30,-10,3.75286918993,47942.0284414,4198,False
30d75030,trellis_quadratic,-20,-30,-10,5.3111696655,96021.8130265,4198,False
30d75030,e006_hinge_025,-20,-10,-30,2.58081137848,22672.6394119,4609,False
30d75030,e006_hinge_050,-20,-20,-20,2.50624680987,21381.4535371,4717,False
30d75030,e006_hinge_075,-20,-20,-50,2.16884897616,16012.0956203,4825,True
30d75030,e006_jump_025,-20,-20,0,3.90162271648,51817.9340333,3670,False
30d75030,e006_jump_050,-20,-20,0,3.90162271648,51817.9340333,3805,False
30d75030,e006_jump_075,-20,-20,0,3.90162271648,51817.9340333,3646,False
30d75030,dtw_derivative,0,0,0,14.1829057853,684730.995418,0,False
310c71a5,last_known_tvt,0,0,0,8.84331347906,410180.9938,0,False
310c71a5,e004_geometry_prefix,0,0,0,7.54498957048,298581.42066,0,False
310c71a5,align_visible_path,0,0,0,7.54498957048,298581.42066,0,False
310c71a5,pf_gr_path,0,0,0,7.6668830483,308306.846822,0,False
310c71a5,trellis_gr_path,0,0,0,8.13686024809,347263.554686,0,False
310c71a5,e006_nested_fusion,0,0,0,8.53152090095,381767.022393,0,False
310c71a5,wide64_anchor,0,0,0,10.8979167812,622920.275446,0,False
310c71a5,e006_affine,5,0,0,6.21830446431,202810.043105,325,False
310c71a5,e006_quadratic,5,0,-20,3.81477187468,76327.780971,7046,False
310c71a5,wide64_quadratic,10,0,-20,3.83780374212,77252.2285182,7602,False
310c71a5,pf_quadratic,5,0,-20,3.84858357366,77686.8185204,7046,False
310c71a5,trellis_quadratic,5,0,-20,4.42204078063,102563.062271,7046,False
310c71a5,e006_hinge_025,5,40,-100,4.52986312859,107625.61651,7782,False
310c71a5,e006_hinge_050,5,20,-80,3.68972288554,71405.7183287,7914,True
310c71a5,e006_hinge_075,5,0,-50,5.10821913955,136862.520069,7999,False
310c71a5,e006_jump_025,5,-10,10,5.1037501793,136623.154607,6038,False
310c71a5,e006_jump_050,5,0,0,6.21830446431,202810.043105,6518,False
310c71a5,e006_jump_075,5,10,-10,5.15487249508,139373.86626,6086,False
310c71a5,dtw_derivative,0,0,0,34.805214501,6353808.50664,0,False
32fe84c9,last_known_tvt,0,0,0,22.2508219794,3172594.8967,0,False
32fe84c9,e004_geometry_prefix,0,0,0,23.23713153,3460091.11741,0,False
32fe84c9,align_visible_path,0,0,0,23.23713153,3460091.11741,0,False
32fe84c9,pf_gr_path,0,0,0,23.6040140182,3570213.85357,0,False
32fe84c9,trellis_gr_path,0,0,0,24.3760626521,3807585.09411,0,False
32fe84c9,e006_nested_fusion,0,0,0,23.6433768849,3582131.40549,0,False
32fe84c9,wide64_anchor,0,0,0,18.0653962291,2091305.53018,0,False
32fe84c9,e006_affine,-20,-10,0,7.77387267336,387255.281357,199,False
32fe84c9,e006_quadratic,-20,-10,20,5.83943159489,218506.14434,4251,False
32fe84c9,wide64_quadratic,-15,-10,20,5.54942324565,197341.398287,4800,False
32fe84c9,pf_quadratic,-20,-10,20,5.76434417756,212922.869614,4251,False
32fe84c9,trellis_quadratic,-20,-10,10,7.92690073527,402651.519749,4250,False
32fe84c9,e006_hinge_025,-20,-40,80,6.69936270275,287600.399672,4545,False
32fe84c9,e006_hinge_050,-20,-30,90,5.92102031444,224654.749862,4703,False
32fe84c9,e006_hinge_075,-20,-20,120,5.98589022036,229604.290127,4842,False
32fe84c9,e006_jump_025,-20,0,-10,7.04055190617,317640.530288,3713,False
32fe84c9,e006_jump_050,-20,-10,0,7.77387267336,387255.281357,3830,False
32fe84c9,e006_jump_075,-20,-20,10,4.59242929182,135147.326777,3647,True
32fe84c9,dtw_derivative,0,0,0,21.9879202748,3098067.03236,0,False
33c40295,last_known_tvt,0,0,0,8.70078978117,315608.9038,0,False
33c40295,e004_geometry_prefix,0,0,0,8.84779702342,326363.962227,0,False
33c40295,align_visible_path,0,0,0,8.19800724851,280187.328948,0,False
33c40295,pf_gr_path,0,0,0,7.65785956115,244481.88764,0,False
33c40295,trellis_gr_path,0,0,0,9.36097009818,365320.136355,0,False
33c40295,e006_nested_fusion,0,0,0,6.7532159958,190131.106686,0,False
33c40295,wide64_anchor,0,0,0,6.71992911352,188261.397755,0,False
33c40295,e006_affine,0,10,0,4.63184595711,89441.7133697,301,False
33c40295,e006_quadratic,0,10,-10,4.21654380442,74121.6584579,6514,False
33c40295,wide64_quadratic,0,10,-10,4.16302325954,72251.9495273,6514,False
33c40295,pf_quadratic,-5,10,-10,4.1884929591,73138.7400562,5956,False
33c40295,trellis_quadratic,5,10,-20,6.15311373395,157841.711149,7071,False
33c40295,e006_hinge_025,0,20,-30,4.57869767123,87400.8852876,7124,False
33c40295,e006_hinge_050,0,20,-40,3.85463331165,61943.8273256,7295,True
33c40295,e006_hinge_075,0,10,-30,4.25505067102,75481.6469517,7401,False
33c40295,e006_jump_025,0,0,10,3.96664810143,65596.2848626,5590,False
33c40295,e006_jump_050,0,10,0,4.63184595711,89441.7133697,5999,False
33c40295,e006_jump_075,0,10,0,4.63184595711,89441.7133697,5611,False
33c40295,dtw_derivative,0,0,0,43.2427609698,7795764.75275,0,False
3407f5bf,last_known_tvt,0,0,0,21.2938826747,1649576.3004,0,False
3407f5bf,e004_geometry_prefix,0,0,0,22.3580977468,1818579.93781,0,False
3407f5bf,align_visible_path,0,0,0,22.3580977468,1818579.93781,0,False
3407f5bf,pf_gr_path,0,0,0,18.2905040372,1217065.75301,0,False
3407f5bf,trellis_gr_path,0,0,0,21.2377454763,1640890.18815,0,False
3407f5bf,e006_nested_fusion,0,0,0,20.7455063831,1565708.01566,0,False
3407f5bf,wide64_anchor,0,0,0,18.6187789207,1261145.18188,0,False
3407f5bf,e006_affine,-15,-20,0,9.39991873748,321448.122123,223,False
3407f5bf,e006_quadratic,-15,-20,-20,6.04860599817,133098.538388,4771,False
3407f5bf,wide64_quadratic,-10,-20,-20,5.71618411479,118870.779915,5324,False
3407f5bf,pf_quadratic,-10,-20,-20,5.19736255143,98271.7569123,5324,True
3407f5bf,trellis_quadratic,-15,-20,-20,6.01775920601,131744.443284,4771,False
3407f5bf,e006_hinge_025,-15,10,-80,7.90286470157,227212.274047,5256,False
3407f5bf,e006_hinge_050,-15,0,-100,6.28517660823,143713.532898,5375,False
3407f5bf,e006_hinge_075,-15,-10,-120,5.22148048963,99185.9172359,5467,False
3407f5bf,e006_jump_025,-15,-40,10,7.98179532223,231773.547787,4095,False
3407f5bf,e006_jump_050,-15,-40,10,8.98739224248,293852.971887,4272,False
3407f5bf,e006_jump_075,-15,-10,-10,7.59032894787,209596.434287,4138,False
3407f5bf,dtw_derivative,0,0,0,8.25010122649,247617.45136,0,False
3417285d,last_known_tvt,0,0,0,34.4219886815,6456374.6378,0,False
3417285d,e004_geometry_prefix,0,0,0,37.1453568244,7518407.78066,0,False
3417285d,align_visible_path,0,0,0,11.791118528,757577.0645,0,False
3417285d,pf_gr_path,0,0,0,23.782556132,3082008.76015,0,False
3417285d,trellis_gr_path,0,0,0,39.4751835223,8491122.83184,0,False
3417285d,e006_nested_fusion,0,0,0,32.499870903,5755460.52586,0,False
3417285d,wide64_anchor,0,0,0,31.5606671755,5427616.55776,0,False
3417285d,e006_affine,30,0,0,10.4083907605,590315.225719,450,False
3417285d,e006_quadratic,30,0,-30,6.98135182696,265580.300385,9781,False
3417285d,wide64_quadratic,30,0,-30,6.93826422185,262312.192236,9781,False
3417285d,pf_quadratic,20,0,-30,6.71786905013,245912.087167,8703,False
3417285d,trellis_quadratic,35,0,-30,9.269711073,468219.18386,10307,False
3417285d,e006_hinge_025,30,50,-110,5.30310399954,153241.747651,10809,True
3417285d,e006_hinge_050,30,30,-100,6.88798696842,258524.342036,11008,False
3417285d,e006_hinge_075,30,10,-80,9.39171548712,480625.338541,11135,False
3417285d,e006_jump_025,30,-20,20,7.26902794522,287918.442845,8349,False
3417285d,e006_jump_050,30,20,-10,8.55782768728,399065.223837,9139,False
3417285d,e006_jump_075,30,20,-10,9.07822128582,449074.440242,8464,False
3417285d,dtw_derivative,0,0,0,34.1038942844,6337598.97361,0,False
347242c8,last_known_tvt,0,0,0,2.24202301604,18070.8686,0,True
347242c8,e004_geometry_prefix,0,0,0,2.38888546199,20515.851633,0,False
347242c8,align_visible_path,0,0,0,2.38888546199,20515.851633,0,False
347242c8,pf_gr_path,0,0,0,3.81168080827,52231.43355,0,False
347242c8,trellis_gr_path,0,0,0,3.04505972087,33334.2373896,0,False
347242c8,e006_nested_fusion,0,0,0,2.82175237534,28624.4198516,0,False
347242c8,wide64_anchor,0,0,0,4.5531224023,74527.6703791,0,False
347242c8,e006_affine,0,0,0,2.82175237534,28624.4198516,300,False
347242c8,e006_quadratic,0,0,0,2.82175237534,28624.4198516,6490,False
347242c8,wide64_quadratic,5,0,0,2.58607704194,24042.6211083,7048,False
347242c8,pf_quadratic,-5,0,0,3.28670589572,38834.7561438,5932,False
347242c8,trellis_quadratic,0,0,0,3.04505972087,33334.2373896,6490,False
347242c8,e006_hinge_025,0,0,0,2.82175237534,28624.4198516,7077,False
347242c8,e006_hinge_050,0,0,-10,2.55966559763,23554.0372582,7248,False
347242c8,e006_hinge_075,0,0,-10,2.69047832998,26023.0317506,7378,False
347242c8,e006_jump_025,0,0,0,2.82175237534,28624.4198516,5589,False
347242c8,e006_jump_050,0,0,0,2.82175237534,28624.4198516,5974,False
347242c8,e006_jump_075,0,0,0,2.82175237534,28624.4198516,5589,False
347242c8,dtw_derivative,0,0,0,20.4301366342,1500518.786,0,False
353e5502,last_known_tvt,0,0,0,5.63936058515,192786.0749,0,False
353e5502,e004_geometry_prefix,0,0,0,6.34556236908,244093.47271,0,False
353e5502,align_visible_path,0,0,0,8.49063068763,437014.48703,0,False
353e5502,pf_gr_path,0,0,0,7.102547335,305804.734952,0,False
353e5502,trellis_gr_path,0,0,0,7.69749435902,359182.104447,0,False
353e5502,e006_nested_fusion,0,0,0,5.4953086129,183062.802345,0,False
353e5502,wide64_anchor,0,0,0,6.87269851059,286332.415964,0,False
353e5502,e006_affine,0,0,0,5.4953086129,183062.802345,300,False
353e5502,e006_quadratic,0,0,0,5.4953086129,183062.802345,6490,False
353e5502,wide64_quadratic,5,0,0,5.56138414537,187491.559278,7048,False
353e5502,pf_quadratic,5,0,0,5.64448838669,193136.830332,7048,False
353e5502,trellis_quadratic,-5,10,0,6.41468503108,249440.291699,5957,False
353e5502,e006_hinge_025,0,0,10,5.15370261473,161010.664186,7078,False
353e5502,e006_hinge_050,0,0,10,5.20818149323,164432.686376,7250,False
353e5502,e006_hinge_075,0,0,40,4.8951644517,145261.493426,7383,False
353e5502,e006_jump_025,0,0,0,5.4953086129,183062.802345,5589,False
353e5502,e006_jump_050,0,20,-10,4.1205816452,102927.868541,6023,True
353e5502,e006_jump_075,0,0,0,5.4953086129,183062.802345,5589,False
353e5502,dtw_derivative,0,0,0,78.6583316233,37506401.0568,0,False
357c12f9,last_known_tvt,0,0,0,5.62442085276,129035.5344,0,False
357c12f9,e004_geometry_prefix,0,0,0,4.69178299935,89790.3242414,0,False
357c12f9,align_visible_path,0,0,0,10.2031052792,424637.594585,0,False
357c12f9,pf_gr_path,0,0,0,4.19141664981,71659.7640383,0,True
357c12f9,trellis_gr_path,0,0,0,6.0541196609,149504.996299,0,False
357c12f9,e006_nested_fusion,0,0,0,4.55453518659,84613.922534,0,False
357c12f9,wide64_anchor,0,0,0,4.7877222868,93499.9992729,0,False
357c12f9,e006_affine,0,0,0,4.55453518659,84613.922534,300,False
357c12f9,e006_quadratic,0,0,0,4.55453518659,84613.922534,6490,False
357c12f9,wide64_quadratic,5,0,0,4.74311932673,91766.0010854,7048,False
357c12f9,pf_quadratic,0,0,0,4.19141664981,71659.7640383,6490,False
357c12f9,trellis_quadratic,5,0,-10,5.02043992554,102810.44873,7047,False
357c12f9,e006_hinge_025,0,0,0,4.55453518659,84613.922534,7077,False
357c12f9,e006_hinge_050,0,0,0,4.55453518659,84613.922534,7249,False
357c12f9,e006_hinge_075,0,0,-20,4.3795060457,78235.5186005,7377,False
357c12f9,e006_jump_025,0,0,0,4.55453518659,84613.922534,5589,False
357c12f9,e006_jump_050,0,0,0,4.55453518659,84613.922534,5974,False
357c12f9,e006_jump_075,0,0,0,4.55453518659,84613.922534,5589,False
357c12f9,dtw_derivative,0,0,0,14.2761602075,831335.89235,0,False
3584a6eb,last_known_tvt,0,0,0,9.10831836266,372828.8165,0,False
3584a6eb,e004_geometry_prefix,0,0,0,11.4777166381,592030.478635,0,False
3584a6eb,align_visible_path,0,0,0,11.4777166381,592030.478635,0,False
3584a6eb,pf_gr_path,0,0,0,17.9613214379,1449805.15067,0,False
3584a6eb,trellis_gr_path,0,0,0,12.6580275388,720054.121315,0,False
3584a6eb,e006_nested_fusion,0,0,0,14.0609600873,888511.430005,0,False
3584a6eb,wide64_anchor,0,0,0,17.060235842,1307986.10154,0,False
3584a6eb,e006_affine,-15,-10,0,2.80737099974,35418.7056942,224,False
3584a6eb,e006_quadratic,-15,-10,0,2.80737099974,35418.7056942,4798,False
3584a6eb,wide64_quadratic,-15,-10,0,2.08354878348,19509.2428459,4798,True
3584a6eb,pf_quadratic,-15,-10,0,2.6661952884,31946.0363376,4798,False
3584a6eb,trellis_quadratic,-10,-10,0,3.19891205313,45987.2742265,5351,False
3584a6eb,e006_hinge_025,-15,-10,0,2.80737099974,35418.7056942,5214,False
3584a6eb,e006_hinge_050,-15,-10,10,2.74777330059,33930.8599527,5361,False
3584a6eb,e006_hinge_075,-15,-10,20,2.56642454649,29599.8880781,5481,False
3584a6eb,e006_jump_025,-15,-10,0,2.80737099974,35418.7056942,4159,False
3584a6eb,e006_jump_050,-15,-10,0,2.80737099974,35418.7056942,4345,False
3584a6eb,e006_jump_075,-15,-10,0,2.80737099974,35418.7056942,4139,False
3584a6eb,dtw_derivative,0,0,0,30.4155022428,4157411.87841,0,False
35b30c7f,last_known_tvt,0,0,0,19.151587893,3513417.411,0,False
35b30c7f,e004_geometry_prefix,0,0,0,26.815242344,6887849.12921,0,False
35b30c7f,align_visible_path,0,0,0,36.5885679489,12823630.5343,0,False
35b30c7f,pf_gr_path,0,0,0,21.8864380422,4588495.89412,0,False
35b30c7f,trellis_gr_path,0,0,0,30.2965783763,8792398.01268,0,False
35b30c7f,e006_nested_fusion,0,0,0,23.4567932665,5270568.3992,0,False
35b30c7f,wide64_anchor,0,0,0,18.2773175508,3199963.96672,0,False
35b30c7f,e006_affine,-25,-10,0,6.69821490184,429772.207824,174,False
35b30c7f,e006_quadratic,-25,-10,10,6.30364838986,380630.981377,3707,False
35b30c7f,wide64_quadratic,-15,-10,10,6.18764956033,366751.240833,4799,False
35b30c7f,pf_quadratic,-20,-10,10,5.74730428197,316408.800855,4250,False
35b30c7f,trellis_quadratic,-30,-10,20,6.47093301222,401101.218412,3173,False
35b30c7f,e006_hinge_025,-25,-30,60,5.61774541485,302304.269708,3974,True
35b30c7f,e006_hinge_050,-25,-10,20,5.66156855615,307039.121225,4135,False
35b30c7f,e006_hinge_075,-25,-10,40,6.21033583549,369445.469725,4237,False
35b30c7f,e006_jump_025,-25,-10,0,6.69821490184,429772.207824,3228,False
35b30c7f,e006_jump_050,-25,-20,10,6.60720325919,418172.537286,3302,False
35b30c7f,e006_jump_075,-25,-10,0,6.69821490184,429772.207824,3197,False
35b30c7f,dtw_derivative,0,0,0,15.0875017878,2180493.73097,0,False
35b3ef6a,last_known_tvt,0,0,0,26.0453836368,2648325.2823,0,False
35b3ef6a,e004_geometry_prefix,0,0,0,24.1719023215,2281032.48463,0,False
35b3ef6a,align_visible_path,0,0,0,15.4825875332,935829.857288,0,False
35b3ef6a,pf_gr_path,0,0,0,13.254463538,685857.857565,0,False
35b3ef6a,trellis_gr_path,0,0,0,20.2166627581,1595617.32081,0,False
35b3ef6a,e006_nested_fusion,0,0,0,18.3633917992,1316484.07429,0,False
35b3ef6a,wide64_anchor,0,0,0,18.6703403134,1360862.59536,0,False
35b3ef6a,e006_affine,-15,-10,0,5.65765087193,124963.188269,224,False
35b3ef6a,e006_quadratic,-15,-10,10,4.24024846775,70192.7763944,4799,False
35b3ef6a,wide64_quadratic,-15,-10,10,4.33465254232,73353.0862351,4799,False
35b3ef6a,pf_quadratic,-10,-10,10,4.16103085988,67594.5501972,5352,False
35b3ef6a,trellis_quadratic,-20,-10,10,6.84414993954,182872.684294,4250,False
35b3ef6a,e006_hinge_025,-15,-30,40,4.90409887559,93891.9252911,5168,False
35b3ef6a,e006_hinge_050,-15,-30,70,4.1461714205,67112.6389976,5317,False
35b3ef6a,e006_hinge_075,-15,-20,90,3.66987336689,52578.9569454,5463,True
35b3ef6a,e006_jump_025,-15,-10,0,5.65765087193,124963.188269,4159,False
35b3ef6a,e006_jump_050,-15,-10,0,5.65765087193,124963.188269,4345,False
35b3ef6a,e006_jump_075,-15,-20,10,3.95261072298,60992.705483,4118,False
35b3ef6a,dtw_derivative,0,0,0,12.2893941108,589618.026515,0,False
367456ce,last_known_tvt,0,0,0,12.6223771039,887277.6045,0,False
367456ce,e004_geometry_prefix,0,0,0,8.01181154079,357469.232476,0,False
367456ce,align_visible_path,0,0,0,8.01181154079,357469.232476,0,False
367456ce,pf_gr_path,0,0,0,6.40482957275,228450.637296,0,False
367456ce,trellis_gr_path,0,0,0,6.89086155655,264438.24559,0,False
367456ce,e006_nested_fusion,0,0,0,7.24813188515,292569.730727,0,False
367456ce,wide64_anchor,0,0,0,6.48720212163,234364.634122,0,False
367456ce,e006_affine,5,0,0,6.42488138109,229883.312139,325,False
367456ce,e006_quadratic,5,0,0,6.42488138109,229883.312139,7048,False
367456ce,wide64_quadratic,0,0,0,6.48720212163,234364.634122,6490,False
367456ce,pf_quadratic,0,0,0,6.40482957275,228450.637296,6490,False
367456ce,trellis_quadratic,5,0,10,6.36285703006,225466.253239,7049,False
367456ce,e006_hinge_025,5,-20,50,6.2106683076,214809.700206,7647,False
367456ce,e006_hinge_050,5,0,0,6.42488138109,229883.312139,7872,False
367456ce,e006_hinge_075,5,0,30,6.10873256541,207816.220892,8007,True
367456ce,e006_jump_025,5,0,0,6.42488138109,229883.312139,6059,False
367456ce,e006_jump_050,5,0,0,6.42488138109,229883.312139,6518,False
367456ce,e006_jump_075,5,0,0,6.42488138109,229883.312139,6065,False
367456ce,dtw_derivative,0,0,0,7.37022116246,302508.970948,0,False
368131f9,last_known_tvt,0,0,0,20.8757831695,2175069.4298,0,False
368131f9,e004_geometry_prefix,0,0,0,20.0315096186,2002695.53561,0,False
368131f9,align_visible_path,0,0,0,20.0315096186,2002695.53561,0,False
368131f9,pf_gr_path,0,0,0,20.4690324443,2091135.61442,0,False
368131f9,trellis_gr_path,0,0,0,19.3287106879,1864632.89277,0,False
368131f9,e006_nested_fusion,0,0,0,20.466909128,2090701.79695,0,False
368131f9,wide64_anchor,0,0,0,18.7749483387,1759320.93743,0,False
368131f9,e006_affine,15,20,0,4.94060319909,121828.113815,377,False
368131f9,e006_quadratic,15,20,0,4.94060319909,121828.113815,8207,False
368131f9,wide64_quadratic,15,20,0,4.95988979564,122781.129364,8207,False
368131f9,pf_quadratic,15,20,0,4.964975395,123033.044539,8207,False
368131f9,trellis_quadratic,15,20,0,5.05280122101,127424.223694,8207,False
368131f9,e006_hinge_025,15,30,-20,4.93939599837,121768.585448,8988,True
368131f9,e006_hinge_050,15,20,0,4.94060319909,121828.113815,9163,False
368131f9,e006_hinge_075,15,20,0,4.94060319909,121828.113815,9304,False
368131f9,e006_jump_025,15,20,0,4.94060319909,121828.113815,7041,False
368131f9,e006_jump_050,15,20,0,4.94060319909,121828.113815,7628,False
368131f9,e006_jump_075,15,20,0,4.94060319909,121828.113815,7061,False
368131f9,dtw_derivative,0,0,0,9.82203909544,481494.007894,0,False
368fe682,last_known_tvt,0,0,0,13.8785026869,950736.9626,0,False
368fe682,e004_geometry_prefix,0,0,0,13.4670404565,895198.777854,0,False
368fe682,align_visible_path,0,0,0,13.4670404565,895198.777854,0,False
368fe682,pf_gr_path,0,0,0,17.1494361671,1451693.20195,0,False
368fe682,trellis_gr_path,0,0,0,13.7577033282,934258.442674,0,False
368fe682,e006_nested_fusion,0,0,0,15.5106713873,1187507.4551,0,False
368fe682,wide64_anchor,0,0,0,16.6629909392,1370506.39811,0,False
368fe682,e006_affine,15,10,0,8.29054079012,339266.416701,376,False
368fe682,e006_quadratic,15,10,-20,6.01787703707,178756.470148,8180,False
368fe682,wide64_quadratic,15,10,-20,5.74901405412,163140.538566,8180,False
368fe682,pf_quadratic,15,10,-20,5.57287399051,153296.979402,8180,False
368fe682,trellis_quadratic,10,10,-20,6.38527142316,201249.067504,7627,False
368fe682,e006_hinge_025,15,50,-110,5.6799800537,159246.087954,9029,False
368fe682,e006_hinge_050,15,30,-100,4.67286091915,107780.665582,9178,True
368fe682,e006_hinge_075,15,10,-60,7.36193748413,267521.937696,9273,False
368fe682,e006_jump_025,15,-10,10,5.36489177135,142068.266514,6976,False
368fe682,e006_jump_050,15,20,-10,7.91995041066,309613.633208,7627,False
368fe682,e006_jump_075,15,20,-10,6.1261926093,185249.244335,7060,False
368fe682,dtw_derivative,0,0,0,6.75843073673,225458.64141,0,False
3690a146,last_known_tvt,0,0,0,7.13015651079,207067.7841,0,False
3690a146,e004_geometry_prefix,0,0,0,7.92602968574,255873.788417,0,False
3690a146,align_visible_path,0,0,0,18.6519950729,1416984.15597,0,False
3690a146,pf_gr_path,0,0,0,14.9609232058,911656.425975,0,False
3690a146,trellis_gr_path,0,0,0,9.20640954816,345219.239378,0,False
3690a146,e006_nested_fusion,0,0,0,10.5239362743,451097.924959,0,False
3690a146,wide64_anchor,0,0,0,8.27097181952,278629.75452,0,False
3690a146,e006_affine,10,10,0,4.66219882423,88531.1266516,351,False
3690a146,e006_quadratic,10,10,0,4.66219882423,88531.1266516,7629,False
3690a146,wide64_quadratic,5,10,0,4.13863118938,69763.4360599,7073,True
3690a146,pf_quadratic,10,10,0,5.03754507413,103359.952303,7629,False
3690a146,trellis_quadratic,5,10,-10,8.11750085271,268385.529242,7072,False
3690a146,e006_hinge_025,10,20,-20,4.53343394703,83708.3911129,8354,False
3690a146,e006_hinge_050,10,10,0,4.66219882423,88531.1266516,8519,False
3690a146,e006_hinge_075,10,10,0,4.66219882423,88531.1266516,8654,False
3690a146,e006_jump_025,10,10,0,4.66219882423,88531.1266516,6550,False
3690a146,e006_jump_050,10,10,0,4.66219882423,88531.1266516,7078,False
3690a146,e006_jump_075,10,10,0,4.66219882423,88531.1266516,6564,False
3690a146,dtw_derivative,0,0,0,31.0715810901,3932249.95582,0,False
37344c2a,last_known_tvt,0,0,0,13.2393003942,910925.3524,0,False
37344c2a,e004_geometry_prefix,0,0,0,15.7654746637,1291715.34456,0,False
37344c2a,align_visible_path,0,0,0,14.6824584308,1120341.12121,0,False
37344c2a,pf_gr_path,0,0,0,12.8016473795,851695.666746,0,False
37344c2a,trellis_gr_path,0,0,0,16.3784349079,1394111.51678,0,False
37344c2a,e006_nested_fusion,0,0,0,13.317530058,921722.285783,0,False
37344c2a,wide64_anchor,0,0,0,13.3684769309,928787.96383,0,False
37344c2a,e006_affine,0,20,0,9.04793771838,425453.324639,302,False
37344c2a,e006_quadratic,0,20,10,8.43088695714,369402.005833,6541,False
37344c2a,wide64_quadratic,-5,20,10,8.43133638643,369441.390658,5983,False
37344c2a,pf_quadratic,-5,20,10,8.64355042715,388272.879839,5983,False
37344c2a,trellis_quadratic,5,20,20,9.22925764596,442676.285226,7100,False
37344c2a,e006_hinge_025,0,-20,90,8.08296794133,339542.724738,7036,False
37344c2a,e006_hinge_050,0,0,70,7.79630190145,315885.734391,7256,False
37344c2a,e006_hinge_075,0,20,-20,8.95698405307,416942.64661,7427,False
37344c2a,e006_jump_025,0,30,-10,7.94853501632,328342.348683,5654,False
37344c2a,e006_jump_050,0,20,0,9.04793771838,425453.324639,6024,False
37344c2a,e006_jump_075,0,10,10,7.54587631472,295918.475908,5612,True
37344c2a,dtw_derivative,0,0,0,17.2228481433,1541567.91098,0,False
373ef48b,last_known_tvt,0,0,0,5.20719138776,95145.9811,0,False
373ef48b,e004_geometry_prefix,0,0,0,4.12269762553,59641.1947119,0,False
373ef48b,align_visible_path,0,0,0,9.09446779931,290227.090035,0,False
373ef48b,pf_gr_path,0,0,0,6.89185717311,166669.412788,0,False
373ef48b,trellis_gr_path,0,0,0,6.28829867848,138755.335247,0,False
373ef48b,e006_nested_fusion,0,0,0,5.53604458087,107543.093711,0,False
373ef48b,wide64_anchor,0,0,0,4.23820321512,63029.9440227,0,False
373ef48b,e006_affine,5,0,0,3.94663356046,54655.89086,325,False
373ef48b,e006_quadratic,5,0,0,3.94663356046,54655.89086,7048,False
373ef48b,wide64_quadratic,0,0,0,4.23820321512,63029.9440227,6490,False
373ef48b,pf_quadratic,5,0,0,3.85914435657,52259.5200335,7048,False
373ef48b,trellis_quadratic,5,0,0,5.95887595066,124598.282907,7048,False
373ef48b,e006_hinge_025,5,10,-20,3.82207062044,51260.257411,7715,True
373ef48b,e006_hinge_050,5,0,0,3.94663356046,54655.89086,7872,False
373ef48b,e006_hinge_075,5,0,0,3.94663356046,54655.89086,8004,False
373ef48b,e006_jump_025,5,0,0,3.94663356046,54655.89086,6059,False
373ef48b,e006_jump_050,5,0,0,3.94663356046,54655.89086,6518,False
373ef48b,e006_jump_075,5,0,0,3.94663356046,54655.89086,6065,False
373ef48b,dtw_derivative,0,0,0,46.6232848349,7627620.98699,0,False
374be387,last_known_tvt,0,0,0,6.71276263977,449034.6812,0,False
374be387,e004_geometry_prefix,0,0,0,10.3355824536,1064503.79729,0,False
374be387,align_visible_path,0,0,0,10.3355824536,1064503.79729,0,False
374be387,pf_gr_path,0,0,0,8.7256986506,758713.345818,0,False
374be387,trellis_gr_path,0,0,0,11.0094394405,1207835.29644,0,False
374be387,e006_nested_fusion,0,0,0,8.80320618767,772252.016455,0,False
374be387,wide64_anchor,0,0,0,6.23889322245,387875.553808,0,False
374be387,e006_affine,-5,0,0,6.26353163043,390945.170857,275,False
374be387,e006_quadratic,-5,0,-10,5.77098980126,331877.581547,5931,False
374be387,wide64_quadratic,0,0,-10,5.74423915257,328807.964498,6489,False
374be387,pf_quadratic,-5,0,-10,5.65631573752,318819.290455,5931,False
374be387,trellis_quadratic,-10,0,-10,6.244294346,388547.426379,5375,False
374be387,e006_hinge_025,-5,10,-30,5.91391968678,348520.355005,6484,False
374be387,e006_hinge_050,-5,10,-50,5.17709701279,267085.253127,6646,False
374be387,e006_hinge_075,-5,0,-40,5.63147481973,316025.113649,6750,False
374be387,e006_jump_025,-5,-10,10,5.13147788315,262399.030368,5098,True
374be387,e006_jump_050,-5,0,0,6.26353163043,390945.170857,5430,False
374be387,e006_jump_075,-5,10,-10,5.95183201359,353003.192529,5134,False
374be387,dtw_derivative,0,0,0,28.3107997691,7986961.28725,0,False
37d36812,last_known_tvt,0,0,0,21.8563130791,2086109.0063,0,False
37d36812,e004_geometry_prefix,0,0,0,19.0944737394,1592203.51588,0,False
37d36812,align_visible_path,0,0,0,39.1814102148,6704143.75235,0,False
37d36812,pf_gr_path,0,0,0,21.0760774561,1939825.94576,0,False
37d36812,trellis_gr_path,0,0,0,19.9138241787,1731779.23807,0,False
37d36812,e006_nested_fusion,0,0,0,19.2959304295,1625977.91029,0,False
37d36812,wide64_anchor,0,0,0,22.6808663739,2246479.56159,0,False
37d36812,e006_affine,15,10,0,7.60524201761,252585.996742,376,False
37d36812,e006_quadratic,15,10,-20,5.01235946731,109715.405025,8180,False
37d36812,wide64_quadratic,20,10,-20,4.54887920503,90363.2829298,8729,False
37d36812,pf_quadratic,20,10,-20,4.37417885035,83555.735165,8729,False
37d36812,trellis_quadratic,20,10,-20,6.03248215042,158918.802189,8729,False
37d36812,e006_hinge_025,15,50,-100,6.01702178262,158105.274796,9030,False
37d36812,e006_hinge_050,15,30,-90,4.09995141142,73407.5300823,9179,True
37d36812,e006_hinge_075,15,10,-60,6.6626598233,193855.653867,9273,False
37d36812,e006_jump_025,15,0,10,5.47502481262,130904.740884,6998,False
37d36812,e006_jump_050,15,10,0,7.60524201761,252585.996742,7603,False
37d36812,e006_jump_075,15,20,-10,4.80754066822,100932.057257,7060,False
37d36812,dtw_derivative,0,0,0,36.9598460606,5965453.97434,0,False
38991fd4,last_known_tvt,0,0,0,14.8660410875,1060354.0542,0,False
38991fd4,e004_geometry_prefix,0,0,0,13.1503736226,829729.302132,0,False
38991fd4,align_visible_path,0,0,0,7.22829516909,250687.108545,0,False
38991fd4,pf_gr_path,0,0,0,11.8448954937,673166.833334,0,False
38991fd4,trellis_gr_path,0,0,0,16.1869651218,1257161.59562,0,False
38991fd4,e006_nested_fusion,0,0,0,12.939249336,803301.183877,0,False
38991fd4,wide64_anchor,0,0,0,13.6436609271,893145.221806,0,False
38991fd4,e006_affine,-10,-10,0,5.04536147378,122136.316181,249,False
38991fd4,e006_quadratic,-10,-10,0,5.04536147378,122136.316181,5351,False
38991fd4,wide64_quadratic,-10,-10,0,5.23555226042,131518.013849,5351,False
38991fd4,pf_quadratic,-10,-10,0,5.0303650685,121411.339922,5351,False
38991fd4,trellis_quadratic,-15,-10,10,6.5607795353,206524.287276,4799,False
38991fd4,e006_hinge_025,-10,0,-20,4.95984893493,118031.286792,5846,False
38991fd4,e006_hinge_050,-10,-10,0,5.04536147378,122136.316181,5979,False
38991fd4,e006_hinge_075,-10,-10,40,4.4012357682,92941.4644264,6108,True
38991fd4,e006_jump_025,-10,-10,0,5.04536147378,122136.316181,4628,False
38991fd4,e006_jump_050,-10,-10,0,5.04536147378,122136.316181,4870,False
38991fd4,e006_jump_075,-10,-10,0,5.04536147378,122136.316181,4614,False
38991fd4,dtw_derivative,0,0,0,21.6805657997,2255285.18642,0,False
389ae58f,last_known_tvt,0,0,0,49.7630489485,16004721.4057,0,False
389ae58f,e004_geometry_prefix,0,0,0,42.6798816943,11772821.7842,0,False
389ae58f,align_visible_path,0,0,0,42.6798816943,11772821.7842,0,False
389ae58f,pf_gr_path,0,0,0,40.4839125684,10592515.604,0,False
389ae58f,trellis_gr_path,0,0,0,43.6058395004,12289195.6886,0,False
389ae58f,e006_nested_fusion,0,0,0,42.9857277503,11942155.5432,0,False
389ae58f,wide64_anchor,0,0,0,36.0036434128,8377743.49695,0,False
389ae58f,e006_affine,40,20,0,7.0517575808,321387.442816,502,False
389ae58f,e006_quadratic,40,20,-10,6.03959206019,235748.732775,10875,False
389ae58f,wide64_quadratic,35,20,-10,6.30755456998,257132.036194,10359,False
389ae58f,pf_quadratic,40,20,-10,6.24005116725,251657.835878,10875,False
389ae58f,trellis_quadratic,40,20,-10,6.96151713057,313214.564267,10875,False
389ae58f,e006_hinge_025,40,60,-90,5.08210956852,166925.314838,11970,True
389ae58f,e006_hinge_050,40,30,-30,6.60448840657,281911.323348,12187,False
389ae58f,e006_hinge_075,40,30,-90,6.54573039844,276917.48822,12394,False
389ae58f,e006_jump_025,40,20,0,7.0517575808,321387.442816,9333,False
389ae58f,e006_jump_050,40,20,0,7.0517575808,321387.442816,10089,False
389ae58f,e006_jump_075,40,20,0,7.0517575808,321387.442816,9367,False
389ae58f,dtw_derivative,0,0,0,8.00947958332,414612.845534,0,False
3932faa6,last_known_tvt,0,0,0,13.1579746155,943917.2777,0,False
3932faa6,e004_geometry_prefix,0,0,0,15.4350559342,1298889.66862,0,False
3932faa6,align_visible_path,0,0,0,16.7866240926,1536323.16042,0,False
3932faa6,pf_gr_path,0,0,0,16.6435910988,1510253.74767,0,False
3932faa6,trellis_gr_path,0,0,0,17.0975245576,1593757.78639,0,False
3932faa6,e006_nested_fusion,0,0,0,15.2809532162,1273083.06008,0,False
3932faa6,wide64_anchor,0,0,0,14.5126290339,1148280.62084,0,False
3932faa6,e006_affine,-10,0,0,12.816301291,895532.319518,250,False
3932faa6,e006_quadratic,-10,0,0,12.816301291,895532.319518,5376,False
3932faa6,wide64_quadratic,-5,0,0,12.8769067697,904021.896821,5932,False
3932faa6,pf_quadratic,-10,0,0,12.5663947676,860948.640688,5376,False
3932faa6,trellis_quadratic,-10,0,-10,14.077087219,1080392.22469,5375,False
3932faa6,e006_hinge_025,-10,-30,80,11.9261157595,775450.156714,5781,False
3932faa6,e006_hinge_050,-10,10,-20,12.4992810201,851777.005858,6027,False
3932faa6,e006_hinge_075,-10,10,-90,11.5935207779,732801.815401,6145,False
3932faa6,e006_jump_025,-10,0,0,12.816301291,895532.319518,4650,False
3932faa6,e006_jump_050,-10,-40,30,7.15633362631,279213.881015,4798,True
3932faa6,e006_jump_075,-10,20,-10,11.4996934546,720988.560945,4679,False
3932faa6,dtw_derivative,0,0,0,42.7655206994,9971106.97529,0,False
398dce4b,last_known_tvt,0,0,0,4.55971848468,65824.4094,0,False
398dce4b,e004_geometry_prefix,0,0,0,4.45553198139,62850.6887408,0,False
398dce4b,align_visible_path,0,0,0,19.5102622034,1205138.94873,0,False
398dce4b,pf_gr_path,0,0,0,10.0747005077,321347.702955,0,False
398dce4b,trellis_gr_path,0,0,0,5.65337918677,101187.564262,0,False
398dce4b,e006_nested_fusion,0,0,0,6.27067327831,124491.373088,0,False
398dce4b,wide64_anchor,0,0,0,6.38552848245,129093.567684,0,False
398dce4b,e006_affine,5,0,0,4.58633667856,66595.1767527,325,False
398dce4b,e006_quadratic,5,0,10,3.27413733345,33939.441731,7049,False
398dce4b,wide64_quadratic,5,0,10,3.24436417151,33324.9958459,7049,False
398dce4b,pf_quadratic,10,0,10,3.9885514729,50366.4466694,7605,False
398dce4b,trellis_quadratic,0,0,10,4.94030971122,77271.4856954,6491,False
398dce4b,e006_hinge_025,5,-10,30,3.95937836914,49632.3596037,7670,False
398dce4b,e006_hinge_050,5,-10,50,2.61728444368,21687.6631021,7852,True
398dce4b,e006_hinge_075,5,0,60,2.71722012892,23375.481035,8010,False
398dce4b,e006_jump_025,5,0,0,4.58633667856,66595.1767527,6059,False
398dce4b,e006_jump_050,5,0,0,4.58633667856,66595.1767527,6518,False
398dce4b,e006_jump_075,5,-10,10,3.69066453871,43124.1009984,6044,False
398dce4b,dtw_derivative,0,0,0,36.9843225982,4330581.81373,0,False
39b51819,last_known_tvt,0,0,0,3.16035128295,42258.4674,0,False
39b51819,e004_geometry_prefix,0,0,0,2.60037777828,28609.8721792,0,False
39b51819,align_visible_path,0,0,0,20.9086552046,1849674.15008,0,False
39b51819,pf_gr_path,0,0,0,17.7447381585,1332239.22343,0,False
39b51819,trellis_gr_path,0,0,0,3.71330497589,58339.7097938,0,False
39b51819,e006_nested_fusion,0,0,0,4.06523119139,69921.9487296,0,False
39b51819,wide64_anchor,0,0,0,6.58903473151,183690.46725,0,False
39b51819,e006_affine,5,0,0,2.99484701322,37948.2986245,325,False
39b51819,e006_quadratic,5,0,0,2.99484701322,37948.2986245,7048,False
39b51819,wide64_quadratic,5,0,0,2.68090218338,30409.1977027,7048,False
39b51819,pf_quadratic,20,0,0,3.47518825064,51097.5051196,8706,False
39b51819,trellis_quadratic,0,0,-10,3.50768687766,52057.6622574,6489,False
39b51819,e006_hinge_025,5,10,-20,2.36621626964,23689.2819882,7715,True
39b51819,e006_hinge_050,5,10,-30,2.93221916491,36377.7539566,7894,False
39b51819,e006_hinge_075,5,0,0,2.99484701322,37948.2986245,8004,False
39b51819,e006_jump_025,5,0,0,2.99484701322,37948.2986245,6059,False
39b51819,e006_jump_050,5,0,0,2.99484701322,37948.2986245,6518,False
39b51819,e006_jump_075,5,0,0,2.99484701322,37948.2986245,6065,False
39b51819,dtw_derivative,0,0,0,5.07804493935,109102.852458,0,False
3a0af893,last_known_tvt,0,0,0,18.6897660135,1022422.6241,0,False
3a0af893,e004_geometry_prefix,0,0,0,16.2525863876,773156.993666,0,False
3a0af893,align_visible_path,0,0,0,34.1671220327,3416957.05135,0,False
3a0af893,pf_gr_path,0,0,0,23.542431716,1622278.30866,0,False
3a0af893,trellis_gr_path,0,0,0,12.8566929295,483817.156878,0,False
3a0af893,e006_nested_fusion,0,0,0,16.6617807452,812578.922361,0,False
3a0af893,wide64_anchor,0,0,0,17.5086145889,897276.488775,0,False
3a0af893,e006_affine,15,20,0,5.35806499176,84030.8345544,377,False
3a0af893,e006_quadratic,15,20,-10,4.49400207022,59113.8518351,8206,False
3a0af893,wide64_quadratic,15,20,-10,4.23503852977,52497.3587976,8206,False
3a0af893,pf_quadratic,20,10,-10,4.50541646425,59414.5217904,8730,False
3a0af893,trellis_quadratic,10,10,-10,4.55948298066,60849.066544,7628,False
3a0af893,e006_hinge_025,15,20,-10,4.58789700596,61609.8344896,8964,False
3a0af893,e006_hinge_050,15,30,-60,3.50246868507,35906.3487267,9182,False
3a0af893,e006_hinge_075,15,20,-70,3.20788607637,30120.3903222,9297,True
3a0af893,e006_jump_025,15,20,0,5.35806499176,84030.8345544,7041,False
3a0af893,e006_jump_050,15,0,10,4.32213954915,54678.9658563,7579,False
3a0af893,e006_jump_075,15,30,-10,4.33916891553,55110.6883905,7081,False
3a0af893,dtw_derivative,0,0,0,11.8949726211,414142.32369,0,False
3a223519,last_known_tvt,0,0,0,9.40116230668,405054.031,0,False
3a223519,e004_geometry_prefix,0,0,0,13.3139426781,812387.482147,0,False
3a223519,align_visible_path,0,0,0,6.58204250959,198550.60873,0,False
3a223519,pf_gr_path,0,0,0,11.9668945992,656315.693573,0,False
3a223519,trellis_gr_path,0,0,0,12.6957556075,738698.070471,0,False
3a223519,e006_nested_fusion,0,0,0,14.2197713636,926691.296855,0,False
3a223519,wide64_anchor,0,0,0,14.0018463041,898504.940748,0,False
3a223519,e006_affine,-15,-10,0,3.64301702482,60823.6192567,224,False
3a223519,e006_quadratic,-15,-10,0,3.64301702482,60823.6192567,4798,False
3a223519,wide64_quadratic,-10,-10,0,3.47981262355,55495.9864868,5351,False
3a223519,pf_quadratic,-10,-10,0,2.74807579495,34610.4519942,5351,True
3a223519,trellis_quadratic,-10,-10,0,4.39279572487,88436.5665674,5351,False
3a223519,e006_hinge_025,-15,0,-30,3.62792227808,60320.6213158,5236,False
3a223519,e006_hinge_050,-15,0,-40,3.42541132139,53774.3679889,5381,False
3a223519,e006_hinge_075,-15,-10,-10,3.5601455046,58087.8568517,5478,False
3a223519,e006_jump_025,-15,-10,0,3.64301702482,60823.6192567,4159,False
3a223519,e006_jump_050,-15,-10,0,3.64301702482,60823.6192567,4345,False
3a223519,e006_jump_075,-15,-10,0,3.64301702482,60823.6192567,4139,False
3a223519,dtw_derivative,0,0,0,45.3351687692,9419336.90775,0,False
3a7dd95d,last_known_tvt,0,0,0,13.0103886113,519998.0907,0,False
3a7dd95d,e004_geometry_prefix,0,0,0,11.9054593835,435425.16674,0,False
3a7dd95d,align_visible_path,0,0,0,22.8226714691,1600125.95094,0,False
3a7dd95d,pf_gr_path,0,0,0,12.9294721302,513550.078664,0,False
3a7dd95d,trellis_gr_path,0,0,0,9.57695907536,281758.141843,0,False
3a7dd95d,e006_nested_fusion,0,0,0,12.4649438003,477311.459155,0,False
3a7dd95d,wide64_anchor,0,0,0,11.3201380082,393663.05134,0,False
3a7dd95d,e006_affine,-10,0,0,8.19161683382,206139.145273,250,False
3a7dd95d,e006_quadratic,-10,0,10,7.49146183508,172406.78531,5377,False
3a7dd95d,wide64_quadratic,-10,0,10,7.77595619982,185750.000092,5377,False
3a7dd95d,pf_quadratic,-10,0,10,7.3002478562,163717.996837,5377,False
3a7dd95d,trellis_quadratic,-5,0,0,7.13522519228,156399.939209,5932,False
3a7dd95d,e006_hinge_025,-10,-40,110,5.29917998946,86265.7798986,5759,True
3a7dd95d,e006_hinge_050,-10,-10,50,7.08296179466,154117.164394,5984,False
3a7dd95d,e006_hinge_075,-10,10,-40,8.05749768412,199444.282152,6150,False
3a7dd95d,e006_jump_025,-10,20,-10,7.51889531019,173671.792698,4693,False
3a7dd95d,e006_jump_050,-10,-10,10,5.82190079926,104123.992831,4871,False
3a7dd95d,e006_jump_075,-10,-10,10,8.08787982059,200951.193577,4615,False
3a7dd95d,dtw_derivative,0,0,0,21.761174674,1454741.67764,0,False
3a824aa7,last_known_tvt,0,0,0,5.69013149073,136018.2824,0,False
3a824aa7,e004_geometry_prefix,0,0,0,7.50976641815,236922.081544,0,False
3a824aa7,align_visible_path,0,0,0,16.4650832319,1138886.75546,0,False
3a824aa7,pf_gr_path,0,0,0,15.5767585652,1019311.34648,0,False
3a824aa7,trellis_gr_path,0,0,0,7.94661754259,265287.816277,0,False
3a824aa7,e006_nested_fusion,0,0,0,9.23008558093,357902.009771,0,False
3a824aa7,wide64_anchor,0,0,0,8.21000396151,283164.897366,0,False
3a824aa7,e006_affine,-10,0,0,4.85946603274,99204.1369282,250,False
3a824aa7,e006_quadratic,-10,0,10,4.39518208235,81153.3448809,5377,False
3a824aa7,wide64_quadratic,-5,0,10,4.38196992548,80666.1754573,5933,False
3a824aa7,pf_quadratic,-15,0,10,3.5686211344,53499.9736205,4824,False
3a824aa7,trellis_quadratic,-5,10,10,5.98411770534,150436.401452,5958,False
3a824aa7,e006_hinge_025,-10,-30,80,2.91125834731,35605.2611172,5781,True
3a824aa7,e006_hinge_050,-10,0,20,3.89862168562,63852.0536508,6006,False
3a824aa7,e006_hinge_075,-10,0,30,4.42706783887,82335.1034595,6132,False
3a824aa7,e006_jump_025,-10,0,0,4.85946603274,99204.1369282,4650,False
3a824aa7,e006_jump_050,-10,-10,10,4.80567058362,97019.8674543,4871,False
3a824aa7,e006_jump_075,-10,0,0,4.85946603274,99204.1369282,4636,False
3a824aa7,dtw_derivative,0,0,0,30.8370764693,3994837.12301,0,False
3a86fe8d,last_known_tvt,0,0,0,11.6347112177,692805.7732,0,False
3a86fe8d,e004_geometry_prefix,0,0,0,9.20902426183,434037.762361,0,False
3a86fe8d,align_visible_path,0,0,0,20.1741629539,2083009.88286,0,False
3a86fe8d,pf_gr_path,0,0,0,6.8634143665,241090.84573,0,False
3a86fe8d,trellis_gr_path,0,0,0,8.37215166653,358735.582614,0,False
3a86fe8d,e006_nested_fusion,0,0,0,7.55523357578,292143.39534,0,False
3a86fe8d,wide64_anchor,0,0,0,8.20673215323,344699.616585,0,False
3a86fe8d,e006_affine,-5,-10,0,5.08671052339,132426.32537,274,False
3a86fe8d,e006_quadratic,-5,-10,10,4.62702302719,109573.012838,5908,False
3a86fe8d,wide64_quadratic,-5,-10,10,4.80410733362,118120.611143,5908,False
3a86fe8d,pf_quadratic,-5,0,10,4.08670253064,85476.4221033,5933,False
3a86fe8d,trellis_quadratic,-5,-10,0,4.440147122,100900.891288,5907,False
3a86fe8d,e006_hinge_025,-5,-10,10,4.16658385708,88850.6348727,6438,False
3a86fe8d,e006_hinge_050,-5,-10,20,3.83363821379,75218.1300419,6603,False
3a86fe8d,e006_hinge_075,-5,-10,70,2.65105614901,35969.8091732,6736,True
3a86fe8d,e006_jump_025,-5,-10,0,5.08671052339,132426.32537,5097,False
3a86fe8d,e006_jump_050,-5,10,-10,3.36503779423,57953.5673471,5454,False
3a86fe8d,e006_jump_075,-5,-10,0,5.08671052339,132426.32537,5091,False
3a86fe8d,dtw_derivative,0,0,0,7.00704920989,251287.344308,0,False
3aaa2b30,last_known_tvt,0,0,0,17.520232329,1446081.686,0,False
3aaa2b30,e004_geometry_prefix,0,0,0,13.3038048059,833805.648314,0,False
3aaa2b30,align_visible_path,0,0,0,8.59942841532,348379.24649,0,False
3aaa2b30,pf_gr_path,0,0,0,14.276058478,960129.338936,0,False
3aaa2b30,trellis_gr_path,0,0,0,12.1559272752,696128.301476,0,False
3aaa2b30,e006_nested_fusion,0,0,0,13.5549039195,865577.564879,0,False
3aaa2b30,wide64_anchor,0,0,0,14.7167961355,1020327.64089,0,False
3aaa2b30,e006_affine,10,10,0,4.36517548898,89766.9604607,351,False
3aaa2b30,e006_quadratic,10,10,-10,4.20033167573,83115.1657229,7628,False
3aaa2b30,wide64_quadratic,10,10,-10,4.64382415672,101593.199284,7628,False
3aaa2b30,pf_quadratic,10,10,-10,4.41280189778,91736.4577951,7628,False
3aaa2b30,trellis_quadratic,10,10,0,5.57168246223,146246.613762,7629,False
3aaa2b30,e006_hinge_025,10,30,-40,3.25169003992,49811.702513,8377,True
3aaa2b30,e006_hinge_050,10,20,-30,4.00172843485,75441.1553267,8541,False
3aaa2b30,e006_hinge_075,10,10,0,4.36517548898,89766.9604607,8654,False
3aaa2b30,e006_jump_025,10,10,0,4.36517548898,89766.9604607,6550,False
3aaa2b30,e006_jump_050,10,10,0,4.36517548898,89766.9604607,7078,False
3aaa2b30,e006_jump_075,10,10,0,4.36517548898,89766.9604607,6564,False
3aaa2b30,dtw_derivative,0,0,0,15.877921049,1187682.56329,0,False
3ac16ad0,last_known_tvt,0,0,0,8.8805461185,445503.2973,0,False
3ac16ad0,e004_geometry_prefix,0,0,0,9.14763322492,472703.764746,0,False
3ac16ad0,align_visible_path,0,0,0,10.3367096476,603581.902249,0,False
3ac16ad0,pf_gr_path,0,0,0,8.44633342401,403002.757401,0,False
3ac16ad0,trellis_gr_path,0,0,0,9.20434319462,478582.905157,0,False
3ac16ad0,e006_nested_fusion,0,0,0,8.82164129287,439612.834961,0,False
3ac16ad0,wide64_anchor,0,0,0,8.46241177819,404538.521623,0,False
3ac16ad0,e006_affine,5,0,0,8.5692296614,414815.656296,325,False
3ac16ad0,e006_quadratic,5,0,-20,7.4478692871,313354.305828,7046,False
3ac16ad0,wide64_quadratic,0,0,-20,7.3247165837,303077.171155,6488,False
3ac16ad0,pf_quadratic,0,0,-20,7.30613497257,301541.406933,6488,False
3ac16ad0,trellis_quadratic,5,0,-10,7.42819916866,311701.329181,7047,False
3ac16ad0,e006_hinge_025,5,40,-100,7.56205947935,323036.616423,7782,False
3ac16ad0,e006_hinge_050,5,20,-80,6.38542086704,230330.064418,7914,True
3ac16ad0,e006_hinge_075,5,0,-20,8.42944266417,401392.539997,8002,False
3ac16ad0,e006_jump_025,5,-10,10,6.47985179942,237192.919806,6038,False
3ac16ad0,e006_jump_050,5,10,-10,8.11291658637,371813.878371,6542,False
3ac16ad0,e006_jump_075,5,10,-10,7.71628586997,336347.491026,6086,False
3ac16ad0,dtw_derivative,0,0,0,13.8449353721,1082812.94809,0,False
3b21ea64,last_known_tvt,0,0,0,8.36894994832,516610.0482,0,False
3b21ea64,e004_geometry_prefix,0,0,0,8.79416214361,570439.834872,0,False
3b21ea64,align_visible_path,0,0,0,8.79416214361,570439.834872,0,False
3b21ea64,pf_gr_path,0,0,0,6.7775606273,338818.979746,0,False
3b21ea64,trellis_gr_path,0,0,0,7.94478304956,465570.005149,0,False
3b21ea64,e006_nested_fusion,0,0,0,7.29201600581,392207.717036,0,False
3b21ea64,wide64_anchor,0,0,0,7.37438516258,401118.360936,0,False
3b21ea64,e006_affine,0,0,0,7.29201600581,392207.717036,300,False
3b21ea64,e006_quadratic,0,0,0,7.29201600581,392207.717036,6490,False
3b21ea64,wide64_quadratic,5,0,0,7.26351866881,389148.196664,7048,False
3b21ea64,pf_quadratic,0,0,0,6.7775606273,338818.979746,6490,False
3b21ea64,trellis_quadratic,5,0,0,5.93281120683,259622.283266,7048,True
3b21ea64,e006_hinge_025,0,-10,30,7.04342675004,365922.330186,7055,False
3b21ea64,e006_hinge_050,0,0,10,7.08028609609,369762.20807,7250,False
3b21ea64,e006_hinge_075,0,0,20,7.18000792326,380251.341627,7381,False
3b21ea64,e006_jump_025,0,10,-10,6.73429899262,334507.374832,5610,False
3b21ea64,e006_jump_050,0,-10,10,7.23304942692,385890.221594,5950,False
3b21ea64,e006_jump_075,0,0,0,7.29201600581,392207.717036,5589,False
3b21ea64,dtw_derivative,0,0,0,22.4484102999,3716995.97793,0,False
3bbe1f5d,last_known_tvt,0,0,0,10.5728030051,773322.8423,0,False
3bbe1f5d,e004_geometry_prefix,0,0,0,13.768839926,1311521.03222,0,False
3bbe1f5d,align_visible_path,0,0,0,33.2034290733,7626871.56399,0,False
3bbe1f5d,pf_gr_path,0,0,0,18.4622615398,2358035.58986,0,False
3bbe1f5d,trellis_gr_path,0,0,0,15.5569548355,1674286.36109,0,False
3bbe1f5d,e006_nested_fusion,0,0,0,15.3799470242,1636402.8861,0,False
3bbe1f5d,wide64_anchor,0,0,0,13.4948219765,1259838.50319,0,False
3bbe1f5d,e006_affine,15,0,0,5.06165021258,177241.255286,375,False
3bbe1f5d,e006_quadratic,15,0,0,5.06165021258,177241.255286,8157,False
3bbe1f5d,wide64_quadratic,15,0,0,5.61769431335,218321.629657,8157,False
3bbe1f5d,pf_quadratic,20,0,0,5.69146532307,224093.234909,8706,False
3bbe1f5d,trellis_quadratic,15,0,0,7.33322290516,372023.462267,8157,False
3bbe1f5d,e006_hinge_025,15,10,-20,4.81736191322,160545.858604,8938,False
3bbe1f5d,e006_hinge_050,15,0,0,5.06165021258,177241.255286,9113,False
3bbe1f5d,e006_hinge_075,15,0,20,4.80887570243,159980.725237,9256,False
3bbe1f5d,e006_jump_025,15,0,0,5.06165021258,177241.255286,6997,False
3bbe1f5d,e006_jump_050,15,20,-10,4.21113015295,122681.163548,7627,True
3bbe1f5d,e006_jump_075,15,0,0,5.06165021258,177241.255286,7017,False
3bbe1f5d,dtw_derivative,0,0,0,33.7996010889,7903213.3676,0,False
3bfee975,last_known_tvt,0,0,0,7.84054327666,221491.2503,0,False
3bfee975,e004_geometry_prefix,0,0,0,8.55744818102,263847.399493,0,False
3bfee975,align_visible_path,0,0,0,10.2026143748,375048.304312,0,False
3bfee975,pf_gr_path,0,0,0,8.85014784926,282205.396384,0,False
3bfee975,trellis_gr_path,0,0,0,12.5114133128,563997.273491,0,False
3bfee975,e006_nested_fusion,0,0,0,7.87504711982,223444.970803,0,False
3bfee975,wide64_anchor,0,0,0,7.86198429623,222704.301858,0,False
3bfee975,e006_affine,0,0,0,7.87504711982,223444.970803,300,False
3bfee975,e006_quadratic,0,0,-10,7.06113569837,179644.273375,6489,False
3bfee975,wide64_quadratic,0,0,-10,7.04656421851,178903.60443,6489,False
3bfee975,pf_quadratic,5,0,-10,7.2423172592,188981.526896,7047,False
3bfee975,trellis_quadratic,-5,0,-20,9.85268377363,349762.585288,5930,False
3bfee975,e006_hinge_025,0,0,0,7.87504711982,223444.970803,7077,False
3bfee975,e006_hinge_050,0,20,-70,6.59391767973,156657.540573,7292,False
3bfee975,e006_hinge_075,0,10,-100,6.53304638765,153778.544457,7394,False
3bfee975,e006_jump_025,0,0,0,7.87504711982,223444.970803,5589,False
3bfee975,e006_jump_050,0,-10,10,6.30407171051,143187.976433,5950,False
3bfee975,e006_jump_075,0,10,-10,5.74343508692,118852.328891,5610,False
3bfee975,dtw_derivative,0,0,0,5.33628717547,102598.886831,0,True
3c3dbcbc,last_known_tvt,0,0,0,8.29349171896,348655.9828,0,False
3c3dbcbc,e004_geometry_prefix,0,0,0,9.44372713601,452073.60587,0,False
3c3dbcbc,align_visible_path,0,0,0,11.2819649353,645196.172569,0,False
3c3dbcbc,pf_gr_path,0,0,0,8.8170350058,394064.598802,0,False
3c3dbcbc,trellis_gr_path,0,0,0,10.0915419471,516223.000451,0,False
3c3dbcbc,e006_nested_fusion,0,0,0,9.37354301331,445379.111407,0,False
3c3dbcbc,wide64_anchor,0,0,0,9.46424861253,454040.477123,0,False
3c3dbcbc,e006_affine,0,10,0,6.14270443769,191267.653473,301,False
3c3dbcbc,e006_quadratic,0,10,10,6.12204460914,189983.231665,6516,False
3c3dbcbc,wide64_quadratic,0,10,10,6.26004180286,198644.59738,6516,False
3c3dbcbc,pf_quadratic,0,10,10,6.2521111775,198141.604577,6516,False
3c3dbcbc,trellis_quadratic,0,10,10,6.58017371161,219481.039714,6516,False
3c3dbcbc,e006_hinge_025,0,-20,80,5.00690660894,127075.337805,7035,False
3c3dbcbc,e006_hinge_050,0,10,10,5.78345060581,169549.437312,7275,False
3c3dbcbc,e006_hinge_075,0,20,-60,6.05516903356,185855.250095,7423,False
3c3dbcbc,e006_jump_025,0,10,0,6.14270443769,191267.653473,5611,False
3c3dbcbc,e006_jump_050,0,0,10,4.55849860458,105333.361397,5975,True
3c3dbcbc,e006_jump_075,0,10,0,6.14270443769,191267.653473,5611,False
3c3dbcbc,dtw_derivative,0,0,0,16.8580355,1440576.14649,0,False
3d96d897,last_known_tvt,0,0,0,3.60929063435,73719.6735,0,False
3d96d897,e004_geometry_prefix,0,0,0,3.97978541679,89631.1578225,0,False
3d96d897,align_visible_path,0,0,0,12.7466013493,919450.812273,0,False
3d96d897,pf_gr_path,0,0,0,3.71644438037,78161.8750325,0,False
3d96d897,trellis_gr_path,0,0,0,4.43819785826,111468.719696,0,False
3d96d897,e006_nested_fusion,0,0,0,3.22261175238,58769.9968008,0,False
3d96d897,wide64_anchor,0,0,0,3.22286120254,58779.0954782,0,False
3d96d897,e006_affine,0,0,0,3.22261175238,58769.9968008,300,False
3d96d897,e006_quadratic,0,0,10,2.39704513296,32515.6257657,6491,False
3d96d897,wide64_quadratic,0,0,10,2.3973804858,32524.7244431,6491,False
3d96d897,pf_quadratic,0,0,10,3.02862306918,51907.5039969,6491,False
3d96d897,trellis_quadratic,0,0,0,4.43819785826,111468.719696,6490,False
3d96d897,e006_hinge_025,0,-20,50,3.1170705575,54983.5732211,7032,False
3d96d897,e006_hinge_050,0,-10,40,2.62661404265,39042.014421,7228,False
3d96d897,e006_hinge_075,0,0,40,2.23618523479,28297.9676038,7383,True
3d96d897,e006_jump_025,0,0,0,3.22261175238,58769.9968008,5589,False
3d96d897,e006_jump_050,0,0,0,3.22261175238,58769.9968008,5974,False
3d96d897,e006_jump_075,0,0,0,3.22261175238,58769.9968008,5589,False
3d96d897,dtw_derivative,0,0,0,37.8192878,8094059.37956,0,False
3df4b19e,last_known_tvt,0,0,0,8.67249047497,375157.9101,0,False
3df4b19e,e004_geometry_prefix,0,0,0,8.08929601651,326398.309693,0,False
3df4b19e,align_visible_path,0,0,0,15.5452966825,1205381.36975,0,False
3df4b19e,pf_gr_path,0,0,0,5.75518298514,165213.190388,0,False
3df4b19e,trellis_gr_path,0,0,0,7.0735624649,249576.006293,0,False
3df4b19e,e006_nested_fusion,0,0,0,5.84972533536,170685.801058,0,False
3df4b19e,wide64_anchor,0,0,0,5.30491703802,140373.018164,0,False
3df4b19e,e006_affine,-5,0,0,5.58537370319,155607.640229,275,False
3df4b19e,e006_quadratic,-5,0,10,4.79437635139,114654.390459,5933,False
3df4b19e,wide64_quadratic,0,0,10,4.46450332902,99419.7683944,6491,False
3df4b19e,pf_quadratic,-5,0,10,4.82872730275,116303.237533,5933,False
3df4b19e,trellis_quadratic,-5,0,0,6.12039675813,186846.771307,5932,False
3df4b19e,e006_hinge_025,-5,-30,60,4.22819918959,89173.8099137,6393,False
3df4b19e,e006_hinge_050,-5,-20,60,3.98452790069,79191.7954057,6582,False
3df4b19e,e006_hinge_075,-5,-10,50,4.62362410474,106632.964511,6734,False
3df4b19e,e006_jump_025,-5,10,-10,3.40357240278,57782.5138437,5140,True
3df4b19e,e006_jump_050,-5,-20,10,5.42537059758,146820.014852,5381,False
3df4b19e,e006_jump_075,-5,-20,10,5.52013996957,151994.063075,5070,False
3df4b19e,dtw_derivative,0,0,0,12.8881271401,828525.860047,0,False
3e011332,last_known_tvt,0,0,0,17.4214606228,826450.3513,0,False
3e011332,e004_geometry_prefix,0,0,0,16.8707843523,775029.421975,0,False
3e011332,align_visible_path,0,0,0,23.4459056114,1496861.6641,0,False
3e011332,pf_gr_path,0,0,0,18.4048245643,922382.395598,0,False
3e011332,trellis_gr_path,0,0,0,14.4205090901,566250.797427,0,False
3e011332,e006_nested_fusion,0,0,0,17.8696935503,869524.555262,0,False
3e011332,wide64_anchor,0,0,0,17.236634825,809007.602588,0,False
3e011332,e006_affine,10,20,0,11.8864629666,384727.229055,352,False
3e011332,e006_quadratic,10,20,-10,11.381669015,352743.92679,7653,False
3e011332,wide64_quadratic,10,20,-10,11.4476323323,356844.482822,7653,False
3e011332,pf_quadratic,10,20,-10,11.3442098592,350425.858026,7653,False
3e011332,trellis_quadratic,10,10,-10,10.2310225142,285026.816452,7628,False
3e011332,e006_hinge_025,10,0,40,11.5315596265,362096.009987,8310,False
3e011332,e006_hinge_050,10,20,-20,11.4255142127,355466.887194,8542,False
3e011332,e006_hinge_075,10,30,-120,8.76464460442,209178.123499,8692,False
3e011332,e006_jump_025,10,20,0,11.8864629666,384727.229055,6572,False
3e011332,e006_jump_050,10,-30,30,7.10966636472,137640.449891,6981,True
3e011332,e006_jump_075,10,30,-10,10.937304423,325737.862155,6606,False
3e011332,dtw_derivative,0,0,0,43.4796957047,5147787.76474,0,False
3e678ea7,last_known_tvt,0,0,0,10.2299119817,717697.238,0,False
3e678ea7,e004_geometry_prefix,0,0,0,9.37433039111,602667.805991,0,False
3e678ea7,align_visible_path,0,0,0,9.37433039111,602667.805991,0,False
3e678ea7,pf_gr_path,0,0,0,15.8975078543,1733227.52449,0,False
3e678ea7,trellis_gr_path,0,0,0,10.1019796254,699858.847552,0,False
3e678ea7,e006_nested_fusion,0,0,0,11.2122056524,862143.564249,0,False
3e678ea7,wide64_anchor,0,0,0,11.3136582087,877816.196028,0,False
3e678ea7,e006_affine,10,0,0,6.14023485996,258563.636201,350,False
3e678ea7,e006_quadratic,10,0,0,6.14023485996,258563.636201,7604,False
3e678ea7,wide64_quadratic,10,0,0,6.12962263434,257670.652619,7604,False
3e678ea7,pf_quadratic,15,0,0,6.22511840104,265761.895675,8157,False
3e678ea7,trellis_quadratic,5,0,0,7.54150845824,390044.291105,7048,False
3e678ea7,e006_hinge_025,10,10,-20,5.96862253257,244312.511953,8329,True
3e678ea7,e006_hinge_050,10,0,0,6.14023485996,258563.636201,8494,False
3e678ea7,e006_hinge_075,10,0,10,6.09517576163,254782.707162,8630,False
3e678ea7,e006_jump_025,10,0,0,6.14023485996,258563.636201,6528,False
3e678ea7,e006_jump_050,10,0,0,6.14023485996,258563.636201,7053,False
3e678ea7,e006_jump_075,10,0,0,6.14023485996,258563.636201,6542,False
3e678ea7,dtw_derivative,0,0,0,8.01511286638,440571.870961,0,False
3ef6372a,last_known_tvt,0,0,0,6.22937994402,183432.0598,0,False
3ef6372a,e004_geometry_prefix,0,0,0,6.45900513906,197204.518895,0,False
3ef6372a,align_visible_path,0,0,0,23.2601979689,2557480.99875,0,False
3ef6372a,pf_gr_path,0,0,0,9.60574334707,436161.732916,0,False
3ef6372a,trellis_gr_path,0,0,0,5.46284419767,141066.285623,0,False
3ef6372a,e006_nested_fusion,0,0,0,7.37990996679,257446.937174,0,False
3ef6372a,wide64_anchor,0,0,0,7.9490991833,298690.516584,0,False
3ef6372a,e006_affine,5,-10,0,6.0751236918,174459.993445,324,False
3ef6372a,e006_quadratic,5,-10,-10,5.98995419178,169602.638615,7022,False
3ef6372a,wide64_quadratic,-5,-10,-10,5.87149773293,162960.893562,5906,False
3ef6372a,pf_quadratic,5,-10,-10,5.79993147563,159012.522612,7022,False
3ef6372a,trellis_quadratic,0,0,0,5.46284419767,141066.285623,6490,False
3ef6372a,e006_hinge_025,5,20,-60,4.74195056611,106291.771875,7736,False
3ef6372a,e006_hinge_050,5,0,-20,5.14700343816,125226.003043,7870,False
3ef6372a,e006_hinge_075,5,-10,40,5.601058161,148294.746876,7983,False
3ef6372a,e006_jump_025,5,-20,10,5.38017014624,136828.833003,6016,False
3ef6372a,e006_jump_050,5,10,-10,4.56808237668,98640.0891888,6542,True
3ef6372a,e006_jump_075,5,-10,0,6.0751236918,174459.993445,6043,False
3ef6372a,dtw_derivative,0,0,0,29.622341224,4147862.61177,0,False
3ef98781,last_known_tvt,0,0,0,12.4338787007,601708.4135,0,False
3ef98781,e004_geometry_prefix,0,0,0,7.91829925939,244026.310623,0,False
3ef98781,align_visible_path,0,0,0,17.0888150854,1136571.42319,0,False
3ef98781,pf_gr_path,0,0,0,9.39374466188,343439.571703,0,False
3ef98781,trellis_gr_path,0,0,0,8.1652163877,259482.592696,0,False
3ef98781,e006_nested_fusion,0,0,0,9.30188346298,336755.439952,0,False
3ef98781,wide64_anchor,0,0,0,6.45911905838,162375.092388,0,False
3ef98781,e006_affine,-10,0,0,4.89732225701,93344.8145049,250,False
3ef98781,e006_quadratic,-10,0,10,4.58131317119,81686.9710099,5377,False
3ef98781,wide64_quadratic,-5,0,10,4.19920185491,68628.7888817,5933,False
3ef98781,pf_quadratic,-10,0,10,4.49123808581,78506.3864631,5377,False
3ef98781,trellis_quadratic,-5,10,0,5.94771537914,137680.738556,5957,False
3ef98781,e006_hinge_025,-10,-10,20,4.72745841268,86981.7749659,5825,False
3ef98781,e006_hinge_050,-10,-10,30,4.64193967315,83863.2744923,5982,False
3ef98781,e006_hinge_075,-10,-10,80,4.17913648701,67974.4874763,6112,True
3ef98781,e006_jump_025,-10,0,0,4.89732225701,93344.8145049,4650,False
3ef98781,e006_jump_050,-10,10,-10,4.62523851014,83260.8993249,4919,False
3ef98781,e006_jump_075,-10,0,0,4.89732225701,93344.8145049,4636,False
3ef98781,dtw_derivative,0,0,0,16.609167866,1073664.46743,0,False
3f603129,last_known_tvt,0,0,0,29.7121762842,4459090.5821,0,False
3f603129,e004_geometry_prefix,0,0,0,17.8861223361,1615882.4431,0,False
3f603129,align_visible_path,0,0,0,17.8861223361,1615882.4431,0,False
3f603129,pf_gr_path,0,0,0,16.9144898222,1445090.92799,0,False
3f603129,trellis_gr_path,0,0,0,19.1130649363,1845177.02811,0,False
3f603129,e006_nested_fusion,0,0,0,16.8482759834,1433799.10264,0,False
3f603129,wide64_anchor,0,0,0,21.1725860336,2264254.19512,0,False
3f603129,e006_affine,10,0,0,11.721418828,693965.271331,350,False
3f603129,e006_quadratic,10,0,-20,9.28900818802,435828.934914,7602,False
3f603129,wide64_quadratic,20,0,-20,9.2625657212,433351.170009,8704,False
3f603129,pf_quadratic,10,0,-20,9.36657822998,443138.310866,7602,False
3f603129,trellis_quadratic,15,0,-20,9.03192017044,412038.264506,8155,False
3f603129,e006_hinge_025,10,50,-120,8.79270417591,390501.127608,8419,True
3f603129,e006_hinge_050,10,20,-80,10.187865715,524256.462132,8536,False
3f603129,e006_hinge_075,10,10,-120,9.9234987128,497401.400677,8642,False
3f603129,e006_jump_025,10,-10,10,9.51369994275,457168.46782,6507,False
3f603129,e006_jump_050,10,20,-10,10.7930076658,588386.012111,7102,False
3f603129,e006_jump_075,10,10,-10,11.3826388933,654430.128748,6563,False
3f603129,dtw_derivative,0,0,0,17.2894763147,1509875.18173,0,False
404c4384,last_known_tvt,0,0,0,3.60116940392,11814.2316,0,False
404c4384,e004_geometry_prefix,0,0,0,3.20495577701,9357.55653621,0,False
404c4384,align_visible_path,0,0,0,22.8398650409,475231.745365,0,False
404c4384,pf_gr_path,0,0,0,14.2044661779,183809.608912,0,False
404c4384,trellis_gr_path,0,0,0,4.31892272435,16992.9681775,0,False
404c4384,e006_nested_fusion,0,0,0,6.86675843252,42955.8103185,0,False
404c4384,wide64_anchor,0,0,0,6.19479139271,34960.0262036,0,False
404c4384,e006_affine,5,10,0,2.85024671895,7400.87869294,326,False
404c4384,e006_quadratic,5,10,0,2.85024671895,7400.87869294,7073,False
404c4384,wide64_quadratic,5,10,0,2.69525442454,6617.86513224,7073,False
404c4384,pf_quadratic,15,10,0,2.44995269212,5468.06632441,8182,False
404c4384,trellis_quadratic,0,0,-10,4.20769670763,16128.9922525,6489,False
404c4384,e006_hinge_025,5,10,-10,1.56694474973,2236.79273817,7716,False
404c4384,e006_hinge_050,5,0,20,1.45811068505,1936.86504733,7874,True
404c4384,e006_hinge_075,5,0,50,2.02130370431,3722.04415388,8009,False
404c4384,e006_jump_025,5,10,0,2.85024671895,7400.87869294,6081,False
404c4384,e006_jump_050,5,10,0,2.85024671895,7400.87869294,6543,False
404c4384,e006_jump_075,5,10,0,2.85024671895,7400.87869294,6087,False
404c4384,dtw_derivative,0,0,0,7.37428666528,49540.2745815,0,False
4121c517,last_known_tvt,0,0,0,11.2232385613,468953.115,0,False
4121c517,e004_geometry_prefix,0,0,0,10.0518263585,376168.990528,0,False
4121c517,align_visible_path,0,0,0,17.8601344992,1187578.93732,0,False
4121c517,pf_gr_path,0,0,0,9.12389146382,309922.607237,0,False
4121c517,trellis_gr_path,0,0,0,10.8325857959,436875.118643,0,False
4121c517,e006_nested_fusion,0,0,0,9.4832543357,334817.255938,0,False
4121c517,wide64_anchor,0,0,0,8.59425665772,274985.424438,0,False
4121c517,e006_affine,5,-10,0,7.15075361396,190369.191193,324,False
4121c517,e006_quadratic,5,-10,-10,7.10479074942,187929.786081,7022,False
4121c517,wide64_quadratic,5,-10,-10,7.52141806144,210616.549505,7022,False
4121c517,pf_quadratic,5,-10,-10,7.17696335544,191767.273589,7022,False
4121c517,trellis_quadratic,5,-10,0,7.96702540878,236311.817656,7023,False
4121c517,e006_hinge_025,5,30,-90,6.13314210255,140042.253522,7758,True
4121c517,e006_hinge_050,5,0,-30,6.76027933501,170146.225407,7869,False
4121c517,e006_hinge_075,5,-10,30,6.89566849661,177029.558468,7982,False
4121c517,e006_jump_025,5,-10,0,7.15075361396,190369.191193,6037,False
4121c517,e006_jump_050,5,-10,0,7.15075361396,190369.191193,6493,False
4121c517,e006_jump_075,5,-10,0,7.15075361396,190369.191193,6043,False
4121c517,dtw_derivative,0,0,0,10.3695790967,400327.379302,0,False
41fb0192,last_known_tvt,0,0,0,3.55771031104,37630.1608,0,False
41fb0192,e004_geometry_prefix,0,0,0,2.36433078029,16619.2484948,0,False
41fb0192,align_visible_path,0,0,0,8.85926710362,233340.702272,0,False
41fb0192,pf_gr_path,0,0,0,6.12427996979,111507.731706,0,False
41fb0192,trellis_gr_path,0,0,0,5.61359294417,93686.4417335,0,False
41fb0192,e006_nested_fusion,0,0,0,4.26924205639,54187.1696593,0,False
41fb0192,wide64_anchor,0,0,0,2.31941733349,15993.838488,0,False
41fb0192,e006_affine,-5,0,0,2.1939096237,14309.7608461,275,False
41fb0192,e006_quadratic,-5,0,0,2.1939096237,14309.7608461,5932,False
41fb0192,wide64_quadratic,0,0,0,2.31941733349,15993.838488,6490,False
41fb0192,pf_quadratic,-5,0,0,2.09911288333,13099.8552686,5932,True
41fb0192,trellis_quadratic,0,0,0,5.61359294417,93686.4417335,6490,False
41fb0192,e006_hinge_025,-5,0,0,2.1939096237,14309.7608461,6462,False
41fb0192,e006_hinge_050,-5,0,0,2.1939096237,14309.7608461,6626,False
41fb0192,e006_hinge_075,-5,0,0,2.1939096237,14309.7608461,6754,False
41fb0192,e006_jump_025,-5,0,0,2.1939096237,14309.7608461,5119,False
41fb0192,e006_jump_050,-5,0,0,2.1939096237,14309.7608461,5430,False
41fb0192,e006_jump_075,-5,0,0,2.1939096237,14309.7608461,5113,False
41fb0192,dtw_derivative,0,0,0,15.6339349589,726660.428998,0,False
42669188,last_known_tvt,0,0,0,23.0306777993,2271224.6974,0,False
42669188,e004_geometry_prefix,0,0,0,21.1180854534,1909658.66923,0,False
42669188,align_visible_path,0,0,0,21.1180854534,1909658.66923,0,False
42669188,pf_gr_path,0,0,0,17.4984942801,1311136.84746,0,False
42669188,trellis_gr_path,0,0,0,20.6557601712,1826959.95376,0,False
42669188,e006_nested_fusion,0,0,0,19.0002879072,1545848.84747,0,False
42669188,wide64_anchor,0,0,0,15.3663195662,1011082.01316,0,False
42669188,e006_affine,-15,-10,0,7.21992861883,223209.395176,224,False
42669188,e006_quadratic,-15,-10,10,6.10616814427,159655.609237,4799,False
42669188,wide64_quadratic,-15,-10,10,6.21696684498,165502.197851,4799,False
42669188,pf_quadratic,-15,-10,10,5.8323551047,145658.0795,4799,False
42669188,trellis_quadratic,-20,-10,10,8.12984539914,283016.161768,4250,False
42669188,e006_hinge_025,-15,-50,100,5.55302834986,132040.282344,5124,True
42669188,e006_hinge_050,-15,-20,50,5.65697417481,137029.80988,5340,False
42669188,e006_hinge_075,-15,-10,20,7.10257280806,216012.086395,5481,False
42669188,e006_jump_025,-15,0,-10,6.37718182926,174142.294693,4180,False
42669188,e006_jump_050,-15,-10,0,7.21992861883,223209.395176,4345,False
42669188,e006_jump_075,-15,-20,10,5.80062389159,144077.471111,4118,False
42669188,dtw_derivative,0,0,0,36.636891704,5747565.17205,0,False
42c538a1,last_known_tvt,0,0,0,26.1888310971,2248918.1326,0,False
42c538a1,e004_geometry_prefix,0,0,0,27.3847762999,2459007.26546,0,False
42c538a1,align_visible_path,0,0,0,14.6900519342,707600.415098,0,False
42c538a1,pf_gr_path,0,0,0,32.802613882,3528241.63469,0,False
42c538a1,trellis_gr_path,0,0,0,28.7529940692,2710862.97619,0,False
42c538a1,e006_nested_fusion,0,0,0,30.3016291197,3010740.83684,0,False
42c538a1,wide64_anchor,0,0,0,25.5629555343,2142710.73703,0,False
42c538a1,e006_affine,25,20,0,9.57967538624,300914.421878,427,False
42c538a1,e006_quadratic,25,20,-30,3.62366933428,43056.4815975,9296,False
42c538a1,wide64_quadratic,20,20,-30,3.43969466146,38795.4864149,8753,False
42c538a1,pf_quadratic,30,20,-30,3.67651572003,44321.4817461,9831,False
42c538a1,trellis_quadratic,25,20,-30,4.32608887407,61366.6323791,9296,False
42c538a1,e006_hinge_025,25,70,-120,7.14814523525,167543.719418,10274,False
42c538a1,e006_hinge_050,25,50,-120,3.05265892646,30556.1042633,10453,True
42c538a1,e006_hinge_075,25,30,-120,5.9117862367,114598.480931,10563,False
42c538a1,e006_jump_025,25,0,20,5.0229045837,82727.7615285,7930,False
42c538a1,e006_jump_050,25,20,0,9.57967538624,300914.421878,8647,False
42c538a1,e006_jump_075,25,40,-20,6.0951629288,121818.165491,8040,False
42c538a1,dtw_derivative,0,0,0,9.89364490073,320962.322694,0,False
43b06c70,last_known_tvt,0,0,0,8.76934229813,372664.0116,0,False
43b06c70,e004_geometry_prefix,0,0,0,4.77182676917,110345.022645,0,False
43b06c70,align_visible_path,0,0,0,10.2651758616,510641.606689,0,False
43b06c70,pf_gr_path,0,0,0,8.18677932785,324795.182027,0,False
43b06c70,trellis_gr_path,0,0,0,4.2408582217,87154.7210006,0,False
43b06c70,e006_nested_fusion,0,0,0,5.6582873658,155150.582319,0,False
43b06c70,wide64_anchor,0,0,0,5.81100533666,163638.676528,0,False
43b06c70,e006_affine,-5,0,0,4.79142085037,111253.080907,275,False
43b06c70,e006_quadratic,-5,0,0,4.79142085037,111253.080907,5932,False
43b06c70,wide64_quadratic,-5,0,0,4.71468333733,107718.046055,5932,False
43b06c70,pf_quadratic,-5,0,0,4.63748513787,104219.376685,5932,False
43b06c70,trellis_quadratic,0,-10,0,4.08565777527,80892.3369667,6465,False
43b06c70,e006_hinge_025,-5,0,-10,4.00669869063,77795.9122902,6461,True
43b06c70,e006_hinge_050,-5,0,-20,4.09421618735,81231.5895909,6624,False
43b06c70,e006_hinge_075,-5,0,-20,4.54298551464,100015.224454,6752,False
43b06c70,e006_jump_025,-5,0,0,4.79142085037,111253.080907,5119,False
43b06c70,e006_jump_050,-5,10,-10,4.74286216079,109009.517194,5454,False
43b06c70,e006_jump_075,-5,0,0,4.79142085037,111253.080907,5113,False
43b06c70,dtw_derivative,0,0,0,20.6633148596,2069109.12747,0,False
43c7f85a,last_known_tvt,0,0,0,11.1803701675,747254.0476,0,False
43c7f85a,e004_geometry_prefix,0,0,0,13.8953477166,1154236.35386,0,False
43c7f85a,align_visible_path,0,0,0,13.3487902794,1065221.02709,0,False
43c7f85a,pf_gr_path,0,0,0,6.11554938103,223576.866617,0,False
43c7f85a,trellis_gr_path,0,0,0,12.9827437117,1007601.66974,0,False
43c7f85a,e006_nested_fusion,0,0,0,10.8832022276,708058.774369,0,False
43c7f85a,wide64_anchor,0,0,0,7.63867158744,348812.137045,0,False
43c7f85a,e006_affine,-10,-10,0,6.761822385,273327.562474,249,False
43c7f85a,e006_quadratic,-10,-10,10,5.41775404607,175466.608126,5352,False
43c7f85a,wide64_quadratic,-5,-10,10,5.38885043936,173599.380747,5908,False
43c7f85a,pf_quadratic,0,0,10,4.58582175506,125715.912269,6491,False
43c7f85a,trellis_quadratic,-10,-10,10,4.99247475659,149000.479479,5352,False
43c7f85a,e006_hinge_025,-10,-30,60,5.95099993057,211707.284238,5779,False
43c7f85a,e006_hinge_050,-10,-20,60,3.88077980144,90031.3812623,5960,True
43c7f85a,e006_hinge_075,-10,-10,80,4.4682995996,119354.962442,6112,False
43c7f85a,e006_jump_025,-10,10,-10,5.78882468984,200325.71693,4671,False
43c7f85a,e006_jump_050,-10,10,-10,5.78661828314,200173.038003,4919,False
43c7f85a,e006_jump_075,-10,-20,10,4.24210575247,107576.867144,4593,False
43c7f85a,dtw_derivative,0,0,0,20.4106174076,2490394.7651,0,False
43e16325,last_known_tvt,0,0,0,45.7766624537,7795270.5105,0,False
43e16325,e004_geometry_prefix,0,0,0,44.4460063183,7348664.61683,0,False
43e16325,align_visible_path,0,0,0,36.3791179669,4923197.63347,0,False
43e16325,pf_gr_path,0,0,0,34.3920187552,4400056.74909,0,False
43e16325,trellis_gr_path,0,0,0,45.4281764409,7677035.47885,0,False
43e16325,e006_nested_fusion,0,0,0,39.8837644884,5917458.57153,0,False
43e16325,wide64_anchor,0,0,0,41.738999997,6480776.12918,0,False
43e16325,e006_affine,30,40,0,3.31102237224,40781.8732361,454,False
43e16325,e006_quadratic,30,40,0,3.31102237224,40781.8732361,9884,False
43e16325,wide64_quadratic,35,40,0,2.61375219112,25413.9259218,10410,False
43e16325,pf_quadratic,25,40,0,2.52643382349,23744.2684559,9349,True
43e16325,trellis_quadratic,35,50,0,4.5761384422,77900.6801169,10435,False
43e16325,e006_hinge_025,30,20,50,2.76148417745,28367.9568878,10750,False
43e16325,e006_hinge_050,30,40,10,3.19659396463,38011.752266,11044,False
43e16325,e006_hinge_075,30,40,10,3.25056863795,39306.2508685,11219,False
43e16325,e006_jump_025,30,40,0,3.31102237224,40781.8732361,8476,False
43e16325,e006_jump_050,30,40,0,3.31102237224,40781.8732361,9187,False
43e16325,e006_jump_075,30,40,0,3.31102237224,40781.8732361,8504,False
43e16325,dtw_derivative,0,0,0,14.0663930244,736051.895306,0,False
44441e54,last_known_tvt,0,0,0,3.66892975035,58649.7753,0,False
44441e54,e004_geometry_prefix,0,0,0,3.80461163736,63067.8787313,0,False
44441e54,align_visible_path,0,0,0,11.0020228858,527390.919522,0,False
44441e54,pf_gr_path,0,0,0,12.1134012189,639322.168964,0,False
44441e54,trellis_gr_path,0,0,0,3.47546384085,52627.5446967,0,False
44441e54,e006_nested_fusion,0,0,0,6.22279192479,168716.718101,0,False
44441e54,wide64_anchor,0,0,0,4.98923691449,108456.557097,0,False
44441e54,e006_affine,5,0,0,3.58637441818,56040.0889535,325,False
44441e54,e006_quadratic,5,0,0,3.58637441818,56040.0889535,7048,False
44441e54,wide64_quadratic,5,0,0,3.89832356112,66213.0091402,7048,False
44441e54,pf_quadratic,10,0,0,4.05381070545,71600.2420435,7604,False
44441e54,trellis_quadratic,0,0,0,3.47546384085,52627.5446967,6490,False
44441e54,e006_hinge_025,5,0,0,3.58637441818,56040.0889535,7692,False
44441e54,e006_hinge_050,5,0,0,3.58637441818,56040.0889535,7872,False
44441e54,e006_hinge_075,5,0,-20,3.30238416705,47516.3143508,8002,False
44441e54,e006_jump_025,5,0,0,3.58637441818,56040.0889535,6059,False
44441e54,e006_jump_050,5,0,0,3.58637441818,56040.0889535,6518,False
44441e54,e006_jump_075,5,0,0,3.58637441818,56040.0889535,6065,False
44441e54,dtw_derivative,0,0,0,2.10037961909,19221.3174294,0,True
445af6c2,last_known_tvt,0,0,0,29.954468487,5420409.1715,0,False
445af6c2,e004_geometry_prefix,0,0,0,34.4956924139,7188504.83528,0,False
445af6c2,align_visible_path,0,0,0,34.4956924139,7188504.83528,0,False
445af6c2,pf_gr_path,0,0,0,28.0002683748,4736234.79056,0,False
445af6c2,trellis_gr_path,0,0,0,33.3428612175,6716059.9672,0,False
445af6c2,e006_nested_fusion,0,0,0,32.7871514473,6494058.68946,0,False
445af6c2,wide64_anchor,0,0,0,31.1360456662,5856467.62531,0,False
445af6c2,e006_affine,-30,-20,0,7.62257592436,351004.232548,148,False
445af6c2,e006_quadratic,-30,-20,20,3.62090680913,79203.3463333,3148,False
445af6c2,wide64_quadratic,-30,-20,20,4.12267153282,102675.376648,3148,False
445af6c2,pf_quadratic,-25,-20,20,3.91151594989,92427.0403956,3683,False
445af6c2,trellis_quadratic,-30,-20,20,4.40163712606,117040.807122,3148,False
445af6c2,e006_hinge_025,-30,-70,120,4.6570799129,131019.584017,3296,False
445af6c2,e006_hinge_050,-30,-40,80,3.58982325944,77849.3462767,3463,False
445af6c2,e006_hinge_075,-30,-30,120,6.01073602122,218254.971949,3577,False
445af6c2,e006_jump_025,-30,-10,-10,3.51244285869,74529.3564615,2766,True
445af6c2,e006_jump_050,-30,-20,0,7.62257592436,351004.232548,2808,False
445af6c2,e006_jump_075,-30,-30,10,5.25353789741,166729.548715,2694,False
445af6c2,dtw_derivative,0,0,0,20.461838957,2529287.28202,0,False
4463446c,last_known_tvt,0,0,0,18.8602930598,1158193.8904,0,False
4463446c,e004_geometry_prefix,0,0,0,12.4826135303,507335.725624,0,False
4463446c,align_visible_path,0,0,0,28.2880834115,2605502.19903,0,False
4463446c,pf_gr_path,0,0,0,19.8629316244,1284609.38765,0,False
4463446c,trellis_gr_path,0,0,0,16.9464776847,935068.192873,0,False
4463446c,e006_nested_fusion,0,0,0,15.8363402764,816571.176424,0,False
4463446c,wide64_anchor,0,0,0,14.4250721386,677517.291396,0,False
4463446c,e006_affine,15,10,0,5.86351002663,111943.721454,376,False
4463446c,e006_quadratic,15,10,0,5.86351002663,111943.721454,8182,False
4463446c,wide64_quadratic,10,10,0,5.44147905787,96409.1647621,7629,False
4463446c,pf_quadratic,20,10,0,5.80904306934,109873.659378,8731,False
4463446c,trellis_quadratic,10,20,0,6.67253447043,144965.964139,7654,False
4463446c,e006_hinge_025,15,0,30,5.21457622837,88536.5178663,8918,False
4463446c,e006_hinge_050,15,10,20,5.261112751,90123.824825,9140,False
4463446c,e006_hinge_075,15,20,-60,5.04968918599,83025.9190093,9298,False
4463446c,e006_jump_025,15,10,0,5.86351002663,111943.721454,7019,False
4463446c,e006_jump_050,15,0,10,4.25799744976,59033.0456708,7579,True
4463446c,e006_jump_075,15,10,0,5.86351002663,111943.721454,7039,False
4463446c,dtw_derivative,0,0,0,10.4249081287,353857.878104,0,False
44a94013,last_known_tvt,0,0,0,23.2626092187,2653253.4865,0,False
44a94013,e004_geometry_prefix,0,0,0,22.9697472592,2586868.34471,0,False
44a94013,align_visible_path,0,0,0,32.1002848281,5052189.88648,0,False
44a94013,pf_gr_path,0,0,0,24.9916662963,3062332.33305,0,False
44a94013,trellis_gr_path,0,0,0,25.5173077995,3192505.08593,0,False
44a94013,e006_nested_fusion,0,0,0,23.8347532058,2785372.04225,0,False
44a94013,wide64_anchor,0,0,0,19.468238179,1858297.29608,0,False
44a94013,e006_affine,-20,-10,0,10.6091114401,551848.56292,199,False
44a94013,e006_quadratic,-20,-10,-10,9.73922516769,465061.841169,4248,False
44a94013,wide64_quadratic,-15,-10,-10,9.72991737479,464173.345266,4797,False
44a94013,pf_quadratic,-20,-10,-10,9.95290618766,485692.854769,4248,False
44a94013,trellis_quadratic,-25,-10,-10,11.0660826819,600412.485577,3705,False
44a94013,e006_hinge_025,-20,-10,10,10.4258692481,532949.969179,4613,False
44a94013,e006_hinge_050,-20,10,-60,9.69188905655,460552.094215,4788,False
44a94013,e006_hinge_075,-20,0,-120,7.27017079419,259149.944696,4868,True
44a94013,e006_jump_025,-20,-20,10,9.79173443128,470090.143736,3671,False
44a94013,e006_jump_050,-20,-20,10,9.20754882523,415671.218174,3806,False
44a94013,e006_jump_075,-20,0,-10,10.0722742621,497412.825296,3688,False
44a94013,dtw_derivative,0,0,0,11.8600750252,689662.744196,0,False
45fb3e21,last_known_tvt,0,0,0,25.1596300541,2309842.4863,0,False
45fb3e21,e004_geometry_prefix,0,0,0,25.9380639199,2454985.75052,0,False
45fb3e21,align_visible_path,0,0,0,34.3506165131,4305691.75529,0,False
45fb3e21,pf_gr_path,0,0,0,16.5277496442,996784.588786,0,False
45fb3e21,trellis_gr_path,0,0,0,23.3456890031,1988782.34065,0,False
45fb3e21,e006_nested_fusion,0,0,0,21.4752385607,1682867.24414,0,False
45fb3e21,wide64_anchor,0,0,0,19.1064171265,1332086.33508,0,False
45fb3e21,e006_affine,-15,-20,0,6.12261460615,136787.908687,223,False
45fb3e21,e006_quadratic,-15,-20,0,6.12261460615,136787.908687,4773,False
45fb3e21,wide64_quadratic,-10,-20,0,6.43983867145,151329.584195,5326,False
45fb3e21,pf_quadratic,-10,-20,0,5.72903678816,119766.976336,5326,False
45fb3e21,trellis_quadratic,-15,-30,0,7.07013597523,182401.916062,4748,False
45fb3e21,e006_hinge_025,-15,-10,-30,5.36904943241,105188.598406,5211,False
45fb3e21,e006_hinge_050,-15,-20,-10,5.81534946599,123402.938063,5334,False
45fb3e21,e006_hinge_075,-15,-30,70,4.92500612088,88508.9956259,5436,False
45fb3e21,e006_jump_025,-15,-20,0,6.12261460615,136787.908687,4137,False
45fb3e21,e006_jump_050,-15,-10,-10,3.05743706269,34110.5651606,4344,True
45fb3e21,e006_jump_075,-15,-20,0,6.12261460615,136787.908687,4117,False
45fb3e21,dtw_derivative,0,0,0,12.5854098502,577974.382468,0,False
460f859e,last_known_tvt,0,0,0,20.0120699153,1336011.0955,0,False
460f859e,e004_geometry_prefix,0,0,0,18.8834221134,1189562.99205,0,False
460f859e,align_visible_path,0,0,0,31.9398366394,3403230.95694,0,False
460f859e,pf_gr_path,0,0,0,20.9698311305,1466952.01565,0,False
460f859e,trellis_gr_path,0,0,0,18.8916736418,1190602.83085,0,False
460f859e,e006_nested_fusion,0,0,0,19.7343313467,1299184.62923,0,False
460f859e,wide64_anchor,0,0,0,23.0065192458,1765744.55916,0,False
460f859e,e006_affine,-5,-20,0,14.5634195073,707542.874318,273,False
460f859e,e006_quadratic,-5,-20,-40,9.94139028956,329701.019607,5878,False
460f859e,wide64_quadratic,-10,-20,-40,10.1309580977,342394.736754,5322,False
460f859e,pf_quadratic,-5,-20,-40,10.1555139815,344056.572663,5878,False
460f859e,trellis_quadratic,-5,-20,-30,12.2949365733,504287.992377,5879,False
460f859e,e006_hinge_025,-5,30,-120,10.998907605,403575.830928,6525,False
460f859e,e006_hinge_050,-5,10,-120,8.82175916954,259618.978644,6639,True
460f859e,e006_hinge_075,-5,-20,-60,13.9512921669,649314.213228,6698,False
460f859e,e006_jump_025,-5,-40,20,9.08952531989,275618.553724,5034,False
460f859e,e006_jump_050,-5,-10,-10,13.5423830915,611809.522367,5404,False
460f859e,e006_jump_075,-5,0,-20,11.3046340489,426323.289267,5111,False
460f859e,dtw_derivative,0,0,0,26.3485833326,2316010.80636,0,False
4630ab92,last_known_tvt,0,0,0,10.8805501787,399317.2334,0,False
4630ab92,e004_geometry_prefix,0,0,0,13.6118930856,624961.695368,0,False
4630ab92,align_visible_path,0,0,0,13.2147614273,589026.718741,0,False
4630ab92,pf_gr_path,0,0,0,8.50276085886,243857.586118,0,False
4630ab92,trellis_gr_path,0,0,0,16.0254164325,866233.527002,0,False
4630ab92,e006_nested_fusion,0,0,0,11.3493383865,434467.636152,0,False
4630ab92,wide64_anchor,0,0,0,12.306066382,510804.657033,0,False
4630ab92,e006_affine,-10,-10,0,5.57381089446,104790.231884,249,False
4630ab92,e006_quadratic,-10,-10,10,5.00432937152,84471.092923,5352,False
4630ab92,wide64_quadratic,-10,-10,10,4.75951296456,76408.4464244,5352,False
4630ab92,pf_quadratic,-5,-10,10,5.07974623076,87036.2908267,5908,False
4630ab92,trellis_quadratic,-10,-10,0,8.99295114166,272785.203207,5351,False
4630ab92,e006_hinge_025,-10,-10,0,5.57381089446,104790.231884,5823,False
4630ab92,e006_hinge_050,-10,-20,40,5.30127009961,94792.9863287,5958,False
4630ab92,e006_hinge_075,-10,-20,110,3.76051623528,47699.2199862,6090,True
4630ab92,e006_jump_025,-10,-10,0,5.57381089446,104790.231884,4628,False
4630ab92,e006_jump_050,-10,10,-10,5.53297403782,103260.353145,4919,False
4630ab92,e006_jump_075,-10,-20,10,5.1704746317,90173.134104,4593,False
4630ab92,dtw_derivative,0,0,0,24.1442964478,1966280.40288,0,False
463c38f2,last_known_tvt,0,0,0,6.31634678998,177937.216,0,False
463c38f2,e004_geometry_prefix,0,0,0,7.25501238764,234753.013162,0,False
463c38f2,align_visible_path,0,0,0,31.1744982692,4334448.06681,0,False
463c38f2,pf_gr_path,0,0,0,15.8171323213,1115810.26992,0,False
463c38f2,trellis_gr_path,0,0,0,8.05198098928,289161.414418,0,False
463c38f2,e006_nested_fusion,0,0,0,8.82006812156,346959.463443,0,False
463c38f2,wide64_anchor,0,0,0,8.53758567949,325091.046786,0,False
463c38f2,e006_affine,5,10,0,6.22088990414,172599.641549,326,False
463c38f2,e006_quadratic,5,10,10,5.58056151513,138896.294036,7074,False
463c38f2,wide64_quadratic,5,10,10,5.78960031471,149496.844246,7074,False
463c38f2,pf_quadratic,10,10,10,6.27538494807,175636.834859,7630,False
463c38f2,trellis_quadratic,-5,0,10,6.33251523945,178849.34169,5933,False
463c38f2,e006_hinge_025,5,-20,70,4.89797076277,106995.924465,7649,False
463c38f2,e006_hinge_050,5,0,40,5.34180670256,127265.64886,7876,False
463c38f2,e006_hinge_075,5,10,0,6.22088990414,172599.641549,8029,False
463c38f2,e006_jump_025,5,20,-10,4.68242407842,97785.9248157,6102,True
463c38f2,e006_jump_050,5,-10,10,4.92118488969,108012.550805,6494,False
463c38f2,e006_jump_075,5,10,0,6.22088990414,172599.641549,6087,False
463c38f2,dtw_derivative,0,0,0,12.4789772409,694532.933489,0,False
4654e7de,last_known_tvt,0,0,0,5.26220613258,148782.7403,0,False
4654e7de,e004_geometry_prefix,0,0,0,6.4342026259,222436.630516,0,False
4654e7de,align_visible_path,0,0,0,14.9768695602,1205199.47905,0,False
4654e7de,pf_gr_path,0,0,0,15.5970834899,1307084.40896,0,False
4654e7de,trellis_gr_path,0,0,0,6.22610481241,208281.019839,0,False
4654e7de,e006_nested_fusion,0,0,0,5.45298708807,159766.521345,0,False
4654e7de,wide64_anchor,0,0,0,6.56217862963,231373.138097,0,False
4654e7de,e006_affine,-5,0,0,5.43427786183,158672.082601,275,False
4654e7de,e006_quadratic,-5,0,10,4.36785780157,102507.070676,5933,False
4654e7de,wide64_quadratic,5,0,10,3.6397177963,71179.0627062,7049,False
4654e7de,pf_quadratic,-15,0,10,3.60910161121,69986.6263864,4824,True
4654e7de,trellis_quadratic,-5,0,10,4.85925061251,126868.976636,5933,False
4654e7de,e006_hinge_025,-5,-20,50,5.06123456542,137635.280188,6417,False
4654e7de,e006_hinge_050,-5,-10,40,4.23292165742,96271.4031967,6605,False
4654e7de,e006_hinge_075,-5,-10,100,4.77759575646,122640.988173,6739,False
4654e7de,e006_jump_025,-5,0,0,5.43427786183,158672.082601,5119,False
4654e7de,e006_jump_050,-5,0,0,5.43427786183,158672.082601,5430,False
4654e7de,e006_jump_075,-5,-10,10,5.13098522942,141455.021638,5092,False
4654e7de,dtw_derivative,0,0,0,22.530325873,2727418.53252,0,False
466fc788,last_known_tvt,0,0,0,16.9667798228,1783940.414,0,False
466fc788,e004_geometry_prefix,0,0,0,19.0336228576,2245041.71793,0,False
466fc788,align_visible_path,0,0,0,19.0336228576,2245041.71793,0,False
466fc788,pf_gr_path,0,0,0,14.7001319211,1339133.76505,0,False
466fc788,trellis_gr_path,0,0,0,18.5002056573,2120970.40521,0,False
466fc788,e006_nested_fusion,0,0,0,16.6097607388,1709654.08871,0,False
466fc788,wide64_anchor,0,0,0,11.8408004335,868847.626758,0,False
466fc788,e006_affine,15,10,0,8.951623974,496575.350271,376,False
466fc788,e006_quadratic,15,10,0,8.951623974,496575.350271,8182,False
466fc788,wide64_quadratic,5,10,0,9.05349016742,507941.345059,7073,False
466fc788,pf_quadratic,10,10,0,9.10100882992,513287.357593,7629,False
466fc788,trellis_quadratic,15,10,0,7.6339750074,361146.128641,8182,True
466fc788,e006_hinge_025,15,40,-80,8.34132623195,431173.151339,9007,False
466fc788,e006_hinge_050,15,0,30,8.61412376489,459836.785684,9116,False
466fc788,e006_hinge_075,15,10,-20,8.89328571541,490124.019466,9277,False
466fc788,e006_jump_025,15,10,0,8.951623974,496575.350271,7019,False
466fc788,e006_jump_050,15,20,-10,8.88073869605,488742.020123,7627,False
466fc788,e006_jump_075,15,10,0,8.951623974,496575.350271,7039,False
466fc788,dtw_derivative,0,0,0,28.7140940565,5109421.52681,0,False
46a301e9,last_known_tvt,0,0,0,10.7141229601,944282.5358,0,False
46a301e9,e004_geometry_prefix,0,0,0,15.0004774092,1850967.81693,0,False
46a301e9,align_visible_path,0,0,0,15.0004774092,1850967.81693,0,False
46a301e9,pf_gr_path,0,0,0,15.1232825663,1881398.69532,0,False
46a301e9,trellis_gr_path,0,0,0,15.6230610888,2007802.39081,0,False
46a301e9,e006_nested_fusion,0,0,0,14.3930725652,1704102.5845,0,False
46a301e9,wide64_anchor,0,0,0,10.4164455501,892540.231545,0,False
46a301e9,e006_affine,-15,0,0,4.6318408949,176480.193323,225,False
46a301e9,e006_quadratic,-15,0,0,4.6318408949,176480.193323,4823,False
46a301e9,wide64_quadratic,-10,0,0,4.48030508415,165121.597381,5376,False
46a301e9,pf_quadratic,-15,0,0,4.47719921195,164892.742957,4823,True
46a301e9,trellis_quadratic,-15,0,0,4.67319372489,179645.47187,4823,False
46a301e9,e006_hinge_025,-15,-10,20,4.57635903357,172277.628046,5216,False
46a301e9,e006_hinge_050,-15,0,0,4.6318408949,176480.193323,5385,False
46a301e9,e006_hinge_075,-15,0,0,4.6318408949,176480.193323,5504,False
46a301e9,e006_jump_025,-15,0,0,4.6318408949,176480.193323,4181,False
46a301e9,e006_jump_050,-15,0,0,4.6318408949,176480.193323,4370,False
46a301e9,e006_jump_075,-15,0,0,4.6318408949,176480.193323,4161,False
46a301e9,dtw_derivative,0,0,0,6.1055857709,306650.288986,0,False
46a7190b,last_known_tvt,0,0,0,13.3103747154,746755.0064,0,False
46a7190b,e004_geometry_prefix,0,0,0,14.1448459205,843323.147676,0,False
46a7190b,align_visible_path,0,0,0,12.3239234527,640170.361269,0,False
46a7190b,pf_gr_path,0,0,0,12.1951900702,626866.015472,0,False
46a7190b,trellis_gr_path,0,0,0,12.3891939654,646969.315774,0,False
46a7190b,e006_nested_fusion,0,0,0,14.2041275693,850406.766615,0,False
46a7190b,wide64_anchor,0,0,0,13.7102856898,792301.700527,0,False
46a7190b,e006_affine,10,10,0,5.29803621896,118311.626482,351,False
46a7190b,e006_quadratic,10,10,0,5.29803621896,118311.626482,7629,False
46a7190b,wide64_quadratic,10,10,0,5.23146405387,115357.031059,7629,False
46a7190b,pf_quadratic,5,10,0,6.00118760698,151800.075106,7073,False
46a7190b,trellis_quadratic,10,10,0,5.55163906707,129909.235035,7629,False
46a7190b,e006_hinge_025,10,10,10,4.97055827207,104137.684794,8332,False
46a7190b,e006_hinge_050,10,10,20,4.75268127704,95208.3328384,8521,True
46a7190b,e006_hinge_075,10,10,20,5.16639911809,112505.430557,8656,False
46a7190b,e006_jump_025,10,10,0,5.29803621896,118311.626482,6550,False
46a7190b,e006_jump_050,10,10,0,5.29803621896,118311.626482,7078,False
46a7190b,e006_jump_075,10,10,0,5.29803621896,118311.626482,6564,False
46a7190b,dtw_derivative,0,0,0,28.4903253328,3421309.75736,0,False
46d24a09,last_known_tvt,0,0,0,21.0344271971,1968447.2703,0,False
46d24a09,e004_geometry_prefix,0,0,0,20.042977799,1787256.54681,0,False
46d24a09,align_visible_path,0,0,0,38.6001883881,6628896.74447,0,False
46d24a09,pf_gr_path,0,0,0,25.3459063622,2858104.19851,0,False
46d24a09,trellis_gr_path,0,0,0,20.8861024368,1940784.04448,0,False
46d24a09,e006_nested_fusion,0,0,0,19.7504177289,1735461.47308,0,False
46d24a09,wide64_anchor,0,0,0,17.265439992,1326226.51521,0,False
46d24a09,e006_affine,15,0,0,10.2013751299,462998.774652,375,False
46d24a09,e006_quadratic,15,0,-10,9.49498353382,401098.315056,8156,False
46d24a09,wide64_quadratic,15,0,-10,9.32044116909,386487.404336,8156,False
46d24a09,pf_quadratic,25,0,-10,9.32372871308,386760.099245,9248,False
46d24a09,trellis_quadratic,20,0,-10,10.2562053189,467989.186825,8705,False
46d24a09,e006_hinge_025,15,30,-60,9.56674481859,407184.075981,8984,False
46d24a09,e006_hinge_050,15,20,-60,9.0771924745,366577.237902,9157,False
46d24a09,e006_hinge_075,15,10,-70,9.23808658499,379687.642452,9272,False
46d24a09,e006_jump_025,15,0,0,10.2013751299,462998.774652,6997,False
46d24a09,e006_jump_050,15,-10,10,8.4617351919,318552.681975,7554,False
46d24a09,e006_jump_075,15,20,-10,7.91768530199,278906.655668,7060,True
46d24a09,dtw_derivative,0,0,0,9.07539924628,366432.415211,0,False
46d41ff6,last_known_tvt,0,0,0,7.15271931299,404226.1706,0,False
46d41ff6,e004_geometry_prefix,0,0,0,7.54939461671,450304.530081,0,False
46d41ff6,align_visible_path,0,0,0,8.76410629631,606872.327026,0,False
46d41ff6,pf_gr_path,0,0,0,6.47986291305,331752.113262,0,False
46d41ff6,trellis_gr_path,0,0,0,8.03916763519,510627.536723,0,False
46d41ff6,e006_nested_fusion,0,0,0,7.61018461892,457585.703389,0,False
46d41ff6,wide64_anchor,0,0,0,6.51416651682,335273.921095,0,False
46d41ff6,e006_affine,-5,0,0,6.509290266,334772.16302,275,False
46d41ff6,e006_quadratic,-5,0,10,5.29049734815,221143.95067,5933,False
46d41ff6,wide64_quadratic,0,0,10,5.29649580691,221645.708745,6491,False
46d41ff6,pf_quadratic,0,0,10,5.25424835687,218123.900912,6491,False
46d41ff6,trellis_quadratic,-5,0,10,5.96575869739,281198.777278,5933,False
46d41ff6,e006_hinge_025,-5,-30,70,5.76481515046,262574.673474,6394,False
46d41ff6,e006_hinge_050,-5,-20,70,4.93735676899,192606.56322,6583,False
46d41ff6,e006_hinge_075,-5,-10,80,5.99634396534,284089.469651,6737,False
46d41ff6,e006_jump_025,-5,10,-10,3.9854810172,125499.949673,5140,True
46d41ff6,e006_jump_050,-5,0,0,6.509290266,334772.16302,5430,False
46d41ff6,e006_jump_075,-5,-10,10,6.44253291875,327940.726463,5092,False
46d41ff6,dtw_derivative,0,0,0,19.9028636295,3129775.57114,0,False
46dfcfca,last_known_tvt,0,0,0,23.3069159319,1958823.6629,0,False
46dfcfca,e004_geometry_prefix,0,0,0,22.7528328699,1866795.2014,0,False
46dfcfca,align_visible_path,0,0,0,7.68207292638,212805.365473,0,False
46dfcfca,pf_gr_path,0,0,0,11.4687605214,474306.079235,0,False
46dfcfca,trellis_gr_path,0,0,0,24.1966032133,2111225.03906,0,False
46dfcfca,e006_nested_fusion,0,0,0,18.3911963811,1219679.3922,0,False
46dfcfca,wide64_anchor,0,0,0,11.1370709841,447267.866481,0,False
46dfcfca,e006_affine,15,10,0,5.47351949566,108033.652904,376,False
46dfcfca,e006_quadratic,15,10,0,5.47351949566,108033.652904,8182,False
46dfcfca,wide64_quadratic,10,10,0,5.24297185199,99124.4463498,7629,False
46dfcfca,pf_quadratic,10,10,0,5.40741063413,105439.763696,7629,False
46dfcfca,trellis_quadratic,20,10,0,8.12318886246,237946.227446,8731,False
46dfcfca,e006_hinge_025,15,30,-50,4.86965670287,85511.0843921,8985,True
46dfcfca,e006_hinge_050,15,10,-10,5.46879761717,107847.337044,9137,False
46dfcfca,e006_hinge_075,15,10,10,5.43508712487,106521.86043,9280,False
46dfcfca,e006_jump_025,15,10,0,5.47351949566,108033.652904,7019,False
46dfcfca,e006_jump_050,15,20,-10,5.3266743522,102314.695514,7627,False
46dfcfca,e006_jump_075,15,10,0,5.47351949566,108033.652904,7039,False
46dfcfca,dtw_derivative,0,0,0,18.2168614906,1196665.6775,0,False
47222616,last_known_tvt,0,0,0,12.728028061,713783.8888,0,False
47222616,e004_geometry_prefix,0,0,0,15.2471036298,1024281.18905,0,False
47222616,align_visible_path,0,0,0,19.4671153449,1669735.56283,0,False
47222616,pf_gr_path,0,0,0,9.4647473428,394695.834611,0,False
47222616,trellis_gr_path,0,0,0,15.0855025358,1002683.93605,0,False
47222616,e006_nested_fusion,0,0,0,12.2846745826,664923.689622,0,False
47222616,wide64_anchor,0,0,0,11.1442412661,547199.263623,0,False
47222616,e006_affine,10,10,0,5.53645871419,135054.364664,351,False
47222616,e006_quadratic,10,10,0,5.53645871419,135054.364664,7629,False
47222616,wide64_quadratic,5,10,0,5.93654850598,155278.93157,7073,False
47222616,pf_quadratic,5,10,0,5.41536664878,129211.219315,7073,True
47222616,trellis_quadratic,10,10,0,7.01294639707,216693.324043,7629,False
47222616,e006_hinge_025,10,10,0,5.53645871419,135054.364664,8331,False
47222616,e006_hinge_050,10,10,10,5.52534124262,134512.518104,8520,False
47222616,e006_hinge_075,10,10,-10,5.48387412025,132501.088866,8653,False
47222616,e006_jump_025,10,10,0,5.53645871419,135054.364664,6550,False
47222616,e006_jump_050,10,10,0,5.53645871419,135054.364664,7078,False
47222616,e006_jump_075,10,10,0,5.53645871419,135054.364664,6564,False
47222616,dtw_derivative,0,0,0,30.4095029064,4074395.04205,0,False
47ee27ab,last_known_tvt,0,0,0,7.81113384791,390305.3553,0,False
47ee27ab,e004_geometry_prefix,0,0,0,7.80877809316,390069.966927,0,False
47ee27ab,align_visible_path,0,0,0,7.80877809316,390069.966927,0,False
47ee27ab,pf_gr_path,0,0,0,8.02365470402,411832.685676,0,False
47ee27ab,trellis_gr_path,0,0,0,7.5812847302,367673.192592,0,False
47ee27ab,e006_nested_fusion,0,0,0,7.88429693281,397651.197584,0,False
47ee27ab,wide64_anchor,0,0,0,7.60481758537,369959.303492,0,False
47ee27ab,e006_affine,5,-10,0,6.81667576397,297249.83701,324,False
47ee27ab,e006_quadratic,5,-10,-10,6.14858027097,241838.836713,7022,False
47ee27ab,wide64_quadratic,0,-10,-10,5.79985042739,215183.981078,6464,False
47ee27ab,pf_quadratic,5,-10,-10,5.95652409974,226966.707307,7022,False
47ee27ab,trellis_quadratic,0,-10,-10,5.41555015526,187612.389748,6464,True
47ee27ab,e006_hinge_025,5,10,-40,6.28856948219,252976.440928,7713,False
47ee27ab,e006_hinge_050,5,0,-30,6.16881477518,243433.201848,7869,False
47ee27ab,e006_hinge_075,5,0,-90,5.56981757278,198453.285278,7995,False
47ee27ab,e006_jump_025,5,-10,0,6.81667576397,297249.83701,6037,False
47ee27ab,e006_jump_050,5,-20,10,6.02207899383,231989.990305,6469,False
47ee27ab,e006_jump_075,5,0,-10,6.73904214211,290517.765489,6064,False
47ee27ab,dtw_derivative,0,0,0,14.1204449584,1275478.42038,0,False
481de5fc,last_known_tvt,0,0,0,13.661013098,1110781.7558,0,False
481de5fc,e004_geometry_prefix,0,0,0,14.1740944082,1195786.27604,0,False
481de5fc,align_visible_path,0,0,0,23.5271146448,3294581.53513,0,False
481de5fc,pf_gr_path,0,0,0,21.3371162627,2709782.10099,0,False
481de5fc,trellis_gr_path,0,0,0,12.6528454651,952882.454259,0,False
481de5fc,e006_nested_fusion,0,0,0,17.2936132776,1780059.04628,0,False
481de5fc,wide64_anchor,0,0,0,19.4807884989,2258790.66945,0,False
481de5fc,e006_affine,-15,0,0,6.5705452773,256960.132315,225,False
481de5fc,e006_quadratic,-15,0,10,5.43831615205,176032.081855,4824,False
481de5fc,wide64_quadratic,-20,0,10,5.58367719021,185568.18814,4275,False
481de5fc,pf_quadratic,-20,0,10,5.40133123595,173645.904525,4275,False
481de5fc,trellis_quadratic,-10,0,10,6.54698134059,255120.36574,5377,False
481de5fc,e006_hinge_025,-15,-40,90,4.41202180259,115861.253372,5148,False
481de5fc,e006_hinge_050,-15,-20,70,5.4314482055,175587.747433,5342,False
481de5fc,e006_hinge_075,-15,-10,70,6.35913382416,240690.445978,5486,False
481de5fc,e006_jump_025,-15,10,-10,5.79389780826,199804.186789,4202,False
481de5fc,e006_jump_050,-15,-20,10,6.35032229479,240023.883011,4321,False
481de5fc,e006_jump_075,-15,-10,10,5.70049689859,193414.19743,4140,False
481de5fc,dtw_derivative,0,0,0,3.14382611904,58827.4411526,0,True
48c1f673,last_known_tvt,0,0,0,18.4801430963,996201.2644,0,False
48c1f673,e004_geometry_prefix,0,0,0,22.1018385366,1424929.02496,0,False
48c1f673,align_visible_path,0,0,0,12.6400272014,466049.929081,0,False
48c1f673,pf_gr_path,0,0,0,25.9245917093,1960470.35609,0,False
48c1f673,trellis_gr_path,0,0,0,24.0785880368,1691213.59819,0,False
48c1f673,e006_nested_fusion,0,0,0,24.342952856,1728553.97488,0,False
48c1f673,wide64_anchor,0,0,0,17.5565166264,899110.63225,0,False
48c1f673,e006_affine,20,10,0,7.31845787466,156234.01146,401,False
48c1f673,e006_quadratic,20,10,-20,3.60820432877,37976.8269408,8729,False
48c1f673,wide64_quadratic,15,10,-20,2.97324923978,25786.895609,8180,True
48c1f673,pf_quadratic,25,10,-20,3.24303716355,30678.9350588,9272,False
48c1f673,trellis_quadratic,20,20,-20,5.33355545702,82979.3558928,8754,False
48c1f673,e006_hinge_025,20,60,-110,5.31764765054,82485.1073536,9656,False
48c1f673,e006_hinge_050,20,30,-70,3.47952854161,35316.4657493,9797,False
48c1f673,e006_hinge_075,20,20,-110,4.45227003271,57822.8405317,9917,False
48c1f673,e006_jump_025,20,0,10,4.03748279934,47550.7968743,7465,False
48c1f673,e006_jump_050,20,10,0,7.31845787466,156234.01146,8118,False
48c1f673,e006_jump_075,20,20,-10,4.94903530867,71445.9365689,7531,False
48c1f673,dtw_derivative,0,0,0,37.4420482312,4089362.64826,0,False
4936af16,last_known_tvt,0,0,0,5.12683088404,104901.0201,0,False
4936af16,e004_geometry_prefix,0,0,0,8.19517479936,268039.111958,0,False
4936af16,align_visible_path,0,0,0,17.221719113,1183681.14835,0,False
4936af16,pf_gr_path,0,0,0,12.6824590388,641931.466174,0,False
4936af16,trellis_gr_path,0,0,0,8.38827534441,280819.384545,0,False
4936af16,e006_nested_fusion,0,0,0,10.0774395143,405305.155576,0,False
4936af16,wide64_anchor,0,0,0,8.38975757614,280918.636456,0,False
4936af16,e006_affine,-10,-10,0,4.42730470505,78227.6985628,249,False
4936af16,e006_quadratic,-10,-10,0,4.42730470505,78227.6985628,5351,False
4936af16,wide64_quadratic,-5,-10,0,4.47743519727,80009.2769496,5907,False
4936af16,pf_quadratic,-10,-10,0,4.22240953727,71154.5105209,5351,False
4936af16,trellis_quadratic,-5,-10,0,4.72913927743,89257.7503967,5907,False
4936af16,e006_hinge_025,-10,-10,10,4.00083654198,63882.7119053,5824,False
4936af16,e006_hinge_050,-10,-10,10,3.96401894327,62712.3637147,5980,False
4936af16,e006_hinge_075,-10,-10,30,3.85014847529,59161.1603377,6107,True
4936af16,e006_jump_025,-10,-10,0,4.42730470505,78227.6985628,4628,False
4936af16,e006_jump_050,-10,-10,0,4.42730470505,78227.6985628,4870,False
4936af16,e006_jump_075,-10,-10,0,4.42730470505,78227.6985628,4614,False
4936af16,dtw_derivative,0,0,0,14.8317197513,877939.823924,0,False
493b5b31,last_known_tvt,0,0,0,20.8062592531,2022077.881,0,False
493b5b31,e004_geometry_prefix,0,0,0,29.3311201941,4018529.55192,0,False
493b5b31,align_visible_path,0,0,0,40.7228784539,7746166.06692,0,False
493b5b31,pf_gr_path,0,0,0,30.5980326879,4373175.19201,0,False
493b5b31,trellis_gr_path,0,0,0,30.3601313487,4305436.21522,0,False
493b5b31,e006_nested_fusion,0,0,0,30.0284840367,4211886.7259,0,False
493b5b31,wide64_anchor,0,0,0,22.5117475984,2367163.68108,0,False
493b5b31,e006_affine,25,30,0,6.33891881264,187689.616192,428,False
493b5b31,e006_quadratic,25,30,-10,5.10449888609,121707.150369,9323,False
493b5b31,wide64_quadratic,15,30,-10,5.21153182366,126864.658706,8231,False
493b5b31,pf_quadratic,25,30,-10,5.21575844505,127070.51999,9323,False
493b5b31,trellis_quadratic,25,30,-10,5.61474701938,147255.069092,9323,False
493b5b31,e006_hinge_025,25,50,-60,5.11625183725,122268.249499,10230,False
493b5b31,e006_hinge_050,25,40,-60,4.14389634569,80209.8371112,10434,False
493b5b31,e006_hinge_075,25,30,-70,4.36586619155,89032.9388914,10568,False
493b5b31,e006_jump_025,25,10,10,3.85997309163,69595.0612845,7951,True
493b5b31,e006_jump_050,25,30,0,6.33891881264,187689.616192,8671,False
493b5b31,e006_jump_075,25,40,-10,5.07207812172,120166.036105,8041,False
493b5b31,dtw_derivative,0,0,0,18.1416591122,1537318.56405,0,False
49dbc14c,last_known_tvt,0,0,0,5.47241619378,115956.0966,0,False
49dbc14c,e004_geometry_prefix,0,0,0,7.40271043603,212186.071608,0,False
49dbc14c,align_visible_path,0,0,0,16.7562844132,1087153.31673,0,False
49dbc14c,pf_gr_path,0,0,0,12.3872140768,594131.577049,0,False
49dbc14c,trellis_gr_path,0,0,0,6.33504284088,155394.076905,0,False
49dbc14c,e006_nested_fusion,0,0,0,8.70759792111,293583.796744,0,False
49dbc14c,wide64_anchor,0,0,0,5.84795251606,132416.780296,0,False
49dbc14c,e006_affine,-10,-10,0,4.21690202805,68852.9212292,249,False
49dbc14c,e006_quadratic,-10,-10,0,4.21690202805,68852.9212292,5351,False
49dbc14c,wide64_quadratic,-5,-10,0,3.6323480846,51086.984497,5907,False
49dbc14c,pf_quadratic,-10,-10,0,3.80774923117,56139.9506914,5351,False
49dbc14c,trellis_quadratic,-5,0,0,3.57856964852,49585.454344,5932,False
49dbc14c,e006_hinge_025,-10,-20,30,3.07890867878,36705.3157417,5801,False
49dbc14c,e006_hinge_050,-10,-10,20,2.9866989844,34539.6758283,5981,True
49dbc14c,e006_hinge_075,-10,-10,30,3.57975767874,49618.3830291,6107,False
49dbc14c,e006_jump_025,-10,-10,0,4.21690202805,68852.9212292,4628,False
49dbc14c,e006_jump_050,-10,-10,0,4.21690202805,68852.9212292,4870,False
49dbc14c,e006_jump_075,-10,-10,0,4.21690202805,68852.9212292,4614,False
49dbc14c,dtw_derivative,0,0,0,5.284994113,108149.462263,0,False
4a035ec2,last_known_tvt,0,0,0,18.3781750393,874115.9384,0,False
4a035ec2,e004_geometry_prefix,0,0,0,18.1665780067,854103.552152,0,False
4a035ec2,align_visible_path,0,0,0,36.1283885662,3378014.0715,0,False
4a035ec2,pf_gr_path,0,0,0,17.1635062077,762388.426545,0,False
4a035ec2,trellis_gr_path,0,0,0,17.0210400419,749784.501031,0,False
4a035ec2,e006_nested_fusion,0,0,0,17.8627388579,825772.413437,0,False
4a035ec2,wide64_anchor,0,0,0,17.3723322088,781053.033454,0,False
4a035ec2,e006_affine,-15,-20,0,3.68386818244,35121.4498251,223,False
4a035ec2,e006_quadratic,-15,-20,10,3.63389102219,34174.9643315,4774,False
4a035ec2,wide64_quadratic,-15,-20,10,3.82275717054,37819.6665321,4774,False
4a035ec2,pf_quadratic,-15,-20,10,3.94820893919,40342.6597055,4774,False
4a035ec2,trellis_quadratic,-10,-20,0,4.15514898704,44682.5009144,5326,False
4a035ec2,e006_hinge_025,-15,-10,-20,3.60752943732,33680.9272432,5212,False
4a035ec2,e006_hinge_050,-15,-20,10,3.10585229241,24964.6721804,5336,False
4a035ec2,e006_hinge_075,-15,-20,30,3.02298444621,23650.2696818,5457,True
4a035ec2,e006_jump_025,-15,-20,0,3.68386818244,35121.4498251,4137,False
4a035ec2,e006_jump_050,-15,-20,0,3.68386818244,35121.4498251,4320,False
4a035ec2,e006_jump_075,-15,-20,0,3.68386818244,35121.4498251,4117,False
4a035ec2,dtw_derivative,0,0,0,23.9917871614,1489667.9429,0,False
4a335117,last_known_tvt,0,0,0,25.0147341797,3138070.6843,0,False
4a335117,e004_geometry_prefix,0,0,0,12.4506388501,777417.314997,0,False
4a335117,align_visible_path,0,0,0,13.1506968408,867298.249405,0,False
4a335117,pf_gr_path,0,0,0,11.3604222648,647231.858082,0,False
4a335117,trellis_gr_path,0,0,0,13.2915071429,885970.773084,0,False
4a335117,e006_nested_fusion,0,0,0,11.7949878303,697695.515648,0,False
4a335117,wide64_anchor,0,0,0,11.5713892341,671493.699764,0,False
4a335117,e006_affine,5,-10,0,11.3971648021,651425.258116,324,False
4a335117,e006_quadratic,5,-10,0,11.3971648021,651425.258116,7023,False
4a335117,wide64_quadratic,0,-10,0,11.3951133172,651190.766672,6465,False
4a335117,pf_quadratic,0,-10,0,11.2725453895,637257.45198,6465,False
4a335117,trellis_quadratic,5,-10,0,12.0194242205,724499.791346,7023,False
4a335117,e006_hinge_025,5,20,-60,10.4749192836,550265.529002,7736,False
4a335117,e006_hinge_050,5,0,-30,10.8277118404,587955.308654,7869,False
4a335117,e006_hinge_075,5,-10,70,10.4460480475,547236.397853,7986,False
4a335117,e006_jump_025,5,-20,10,11.0706199474,614631.509486,6016,False
4a335117,e006_jump_050,5,10,-10,9.80417602433,482051.165593,6542,True
4a335117,e006_jump_075,5,10,-10,11.3391001693,644804.591142,6086,False
4a335117,dtw_derivative,0,0,0,19.0556659626,1821038.80247,0,False
4a8ecc0b,last_known_tvt,0,0,0,11.2119048008,730230.855,0,False
4a8ecc0b,e004_geometry_prefix,0,0,0,14.8253770677,1276770.59641,0,False
4a8ecc0b,align_visible_path,0,0,0,22.9230451757,3052431.99474,0,False
4a8ecc0b,pf_gr_path,0,0,0,20.3817838694,2413158.01347,0,False
4a8ecc0b,trellis_gr_path,0,0,0,15.3407032171,1367073.65072,0,False
4a8ecc0b,e006_nested_fusion,0,0,0,17.4032062163,1759381.0466,0,False
4a8ecc0b,wide64_anchor,0,0,0,12.5886311143,920573.336024,0,False
4a8ecc0b,e006_affine,15,10,0,9.17429312196,488929.903757,376,False
4a8ecc0b,e006_quadratic,15,10,-10,8.2540153226,395760.018805,8181,False
4a8ecc0b,wide64_quadratic,5,10,-10,8.22380950061,392868.727058,7072,False
4a8ecc0b,pf_quadratic,15,10,-10,8.41731870587,411574.935626,8181,False
4a8ecc0b,trellis_quadratic,10,10,-10,8.80646835775,450510.517594,7628,False
4a8ecc0b,e006_hinge_025,15,10,0,9.17429312196,488929.903757,8940,False
4a8ecc0b,e006_hinge_050,15,30,-80,7.22456070972,303196.557698,9180,True
4a8ecc0b,e006_hinge_075,15,20,-100,8.29048826687,399265.324839,9294,False
4a8ecc0b,e006_jump_025,15,0,10,8.0636172878,377712.355146,6998,False
4a8ecc0b,e006_jump_050,15,10,0,9.17429312196,488929.903757,7603,False
4a8ecc0b,e006_jump_075,15,20,-10,8.04388605173,375866.133242,7060,False
4a8ecc0b,dtw_derivative,0,0,0,35.1721406948,7186194.70545,0,False
4b462989,last_known_tvt,0,0,0,6.60502458547,135503.4424,0,False
4b462989,e004_geometry_prefix,0,0,0,8.64634520869,232202.340663,0,False
4b462989,align_visible_path,0,0,0,7.5614429687,177586.853802,0,False
4b462989,pf_gr_path,0,0,0,7.91524899866,194594.523803,0,False
4b462989,trellis_gr_path,0,0,0,10.0372558572,312918.644975,0,False
4b462989,e006_nested_fusion,0,0,0,6.67104945813,138226.010111,0,False
4b462989,wide64_anchor,0,0,0,6.57178822554,134143.171895,0,False
4b462989,e006_affine,0,10,0,5.08598851363,80343.7690735,301,False
4b462989,e006_quadratic,0,10,10,4.11453312357,52582.6630543,6516,False
4b462989,wide64_quadratic,0,10,10,3.95156708578,48499.8248383,6516,False
4b462989,pf_quadratic,5,10,10,3.97358937892,49041.9153874,7074,False
4b462989,trellis_quadratic,-5,10,10,5.3185631913,87859.7773881,5958,False
4b462989,e006_hinge_025,0,-30,90,2.64592257448,21744.814875,7011,True
4b462989,e006_hinge_050,0,0,30,4.03379039449,50539.1701245,7252,False
4b462989,e006_hinge_075,0,10,0,5.08598851363,80343.7690735,7404,False
4b462989,e006_jump_025,0,20,-10,4.33081672622,58256.0537411,5632,False
4b462989,e006_jump_050,0,-10,10,4.83210645545,72522.7791869,5950,False
4b462989,e006_jump_075,0,0,10,5.01504488539,78117.997179,5590,False
4b462989,dtw_derivative,0,0,0,8.14565583313,206088.408004,0,False
4b831d20,last_known_tvt,0,0,0,16.4033259348,1967433.2718,0,False
4b831d20,e004_geometry_prefix,0,0,0,18.5553447085,2517527.57575,0,False
4b831d20,align_visible_path,0,0,0,16.9611304586,2103515.76832,0,False
4b831d20,pf_gr_path,0,0,0,8.83733989223,571056.790423,0,False
4b831d20,trellis_gr_path,0,0,0,17.9211443967,2348376.14935,0,False
4b831d20,e006_nested_fusion,0,0,0,13.037346683,1242838.25119,0,False
4b831d20,wide64_anchor,0,0,0,12.5445717242,1150662.23749,0,False
4b831d20,e006_affine,-10,-10,0,8.10301379559,480097.383763,249,False
4b831d20,e006_quadratic,-10,-10,-20,4.89969201601,175539.0513,5349,False
4b831d20,wide64_quadratic,-10,-10,-20,5.15262139812,194129.997176,5349,False
4b831d20,pf_quadratic,0,-10,-20,5.6659319083,234735.559456,6463,False
4b831d20,trellis_quadratic,-15,-10,-20,6.08480224006,270725.471414,4796,False
4b831d20,e006_hinge_025,-10,40,-120,6.00838629527,263968.361344,5936,False
4b831d20,e006_hinge_050,-10,10,-80,4.31417212288,136091.537046,6021,True
4b831d20,e006_hinge_075,-10,0,-110,6.47561825793,306618.715885,6118,False
4b831d20,e006_jump_025,-10,-20,10,4.95247005755,179341.129114,4607,False
4b831d20,e006_jump_050,-10,-10,0,8.10301379559,480097.383763,4870,False
4b831d20,e006_jump_075,-10,0,-10,5.81615342577,247347.708594,4635,False
4b831d20,dtw_derivative,0,0,0,26.4309812964,5108139.59899,0,False
4c2208f5,last_known_tvt,0,0,0,37.3818851073,7523630.3192,0,False
4c2208f5,e004_geometry_prefix,0,0,0,33.5183661338,6048820.99482,0,False
4c2208f5,align_visible_path,0,0,0,24.3836988524,3201136.72019,0,False
4c2208f5,pf_gr_path,0,0,0,24.0246901074,3107567.99594,0,False
4c2208f5,trellis_gr_path,0,0,0,36.1847268565,7049456.72015,0,False
4c2208f5,e006_nested_fusion,0,0,0,28.6699038645,4425450.87883,0,False
4c2208f5,wide64_anchor,0,0,0,27.7028890166,4131951.12232,0,False
4c2208f5,e006_affine,25,0,0,11.4451518551,705258.241306,425,False
4c2208f5,e006_quadratic,25,0,-30,7.95799662726,340967.16036,9246,False
4c2208f5,wide64_quadratic,25,0,-30,7.85224544411,331965.371842,9246,False
4c2208f5,pf_quadratic,20,0,-30,7.69830681336,319076.987236,8703,False
4c2208f5,trellis_quadratic,35,10,-30,9.29733100242,465394.91853,10332,False
4c2208f5,e006_hinge_025,25,50,-110,6.92291920095,258037.946455,10225,False
4c2208f5,e006_hinge_050,25,30,-100,9.03614758845,439614.170086,10405,False
4c2208f5,e006_hinge_075,25,10,-100,9.76362366554,513247.820691,10515,False
4c2208f5,e006_jump_025,25,-20,20,9.06133590289,442068.440129,7887,False
4c2208f5,e006_jump_050,25,20,-10,10.5898307931,603786.075369,8646,False
4c2208f5,e006_jump_075,25,20,-10,10.1467815526,554321.434914,8001,False
4c2208f5,dtw_derivative,0,0,0,6.70204950363,241835.645284,0,True
4c3168cf,last_known_tvt,0,0,0,4.39856414567,83851.4866,0,False
4c3168cf,e004_geometry_prefix,0,0,0,6.16097464637,164508.275643,0,False
4c3168cf,align_visible_path,0,0,0,15.1054925102,988914.367832,0,False
4c3168cf,pf_gr_path,0,0,0,5.50526026408,131354.397753,0,False
4c3168cf,trellis_gr_path,0,0,0,5.56579435339,134258.941443,0,False
4c3168cf,e006_nested_fusion,0,0,0,4.78430342213,99203.3497247,0,False
4c3168cf,wide64_anchor,0,0,0,4.93273773854,105454.461522,0,False
4c3168cf,e006_affine,5,0,0,3.97710788326,68552.5557568,325,False
4c3168cf,e006_quadratic,5,0,0,3.97710788326,68552.5557568,7048,False
4c3168cf,wide64_quadratic,5,0,0,3.88392590075,65377.8716646,7048,False
4c3168cf,pf_quadratic,-5,-10,0,4.14638606609,74512.370451,5907,False
4c3168cf,trellis_quadratic,5,0,0,3.85283816216,64335.4644909,7048,False
4c3168cf,e006_hinge_025,5,10,-30,3.13681620589,42644.8953519,7714,True
4c3168cf,e006_hinge_050,5,0,-10,3.39894269448,50069.8847826,7871,False
4c3168cf,e006_hinge_075,5,0,-30,3.58366488871,55660.0625859,8001,False
4c3168cf,e006_jump_025,5,0,0,3.97710788326,68552.5557568,6059,False
4c3168cf,e006_jump_050,5,0,0,3.97710788326,68552.5557568,6518,False
4c3168cf,e006_jump_075,5,0,0,3.97710788326,68552.5557568,6065,False
4c3168cf,dtw_derivative,0,0,0,18.4187250564,1470307.04134,0,False
4c3df468,last_known_tvt,0,0,0,20.7306138365,2317257.0234,0,False
4c3df468,e004_geometry_prefix,0,0,0,13.8805616897,1038876.60129,0,False
4c3df468,align_visible_path,0,0,0,31.8966947141,5485816.12884,0,False
4c3df468,pf_gr_path,0,0,0,19.0607087233,1958970.84705,0,False
4c3df468,trellis_gr_path,0,0,0,15.467118402,1289937.60496,0,False
4c3df468,e006_nested_fusion,0,0,0,13.5835728794,994896.534099,0,False
4c3df468,wide64_anchor,0,0,0,12.0431702704,782044.627272,0,False
4c3df468,e006_affine,10,0,0,9.05582168941,442186.631689,350,False
4c3df468,e006_quadratic,10,0,-30,4.85137407218,126905.197453,7601,False
4c3df468,wide64_quadratic,10,0,-30,5.269077841,149699.07354,7601,False
4c3df468,pf_quadratic,15,0,-30,5.1543105252,143248.816411,8154,False
4c3df468,trellis_quadratic,10,-10,-20,6.74451740661,245274.073139,7577,False
4c3df468,e006_hinge_025,10,40,-100,6.40820707503,221423.115805,8396,False
4c3df468,e006_hinge_050,10,20,-100,3.27164716268,57714.2164468,8534,True
4c3df468,e006_hinge_075,10,10,-120,7.07763606383,270101.090703,8642,False
4c3df468,e006_jump_025,10,-10,10,6.79772323077,249159.149731,6507,False
4c3df468,e006_jump_050,10,0,0,9.05582168941,442186.631689,7053,False
4c3df468,e006_jump_075,10,20,-20,5.1338929767,142116.173463,6584,False
4c3df468,dtw_derivative,0,0,0,46.3705775232,11594042.6394,0,False
4caa7289,last_known_tvt,0,0,0,9.67985328304,505602.8235,0,False
4caa7289,e004_geometry_prefix,0,0,0,10.5248713459,597730.659309,0,False
4caa7289,align_visible_path,0,0,0,42.2429637654,9628989.26153,0,False
4caa7289,pf_gr_path,0,0,0,33.0958087943,5910414.49239,0,False
4caa7289,trellis_gr_path,0,0,0,12.6337228334,861260.700394,0,False
4caa7289,e006_nested_fusion,0,0,0,18.553300822,1857437.94562,0,False
4caa7289,wide64_anchor,0,0,0,17.0167429967,1562517.24979,0,False
4caa7289,e006_affine,15,10,0,3.89925746048,82041.9103779,376,False
4caa7289,e006_quadratic,15,10,0,3.89925746048,82041.9103779,8182,False
4caa7289,wide64_quadratic,15,10,0,3.43620775225,63713.3979749,8182,False
4caa7289,pf_quadratic,30,20,0,3.50419591583,66259.5831331,9834,False
4caa7289,trellis_quadratic,10,10,10,4.9988282291,134836.778651,7630,False
4caa7289,e006_hinge_025,15,0,30,3.48671673912,65600.2167672,8918,False
4caa7289,e006_hinge_050,15,10,10,3.40991237509,62742.0029815,9139,True
4caa7289,e006_hinge_075,15,10,20,3.77632662762,76950.4285405,9281,False
4caa7289,e006_jump_025,15,10,0,3.89925746048,82041.9103779,7019,False
4caa7289,e006_jump_050,15,10,0,3.89925746048,82041.9103779,7603,False
4caa7289,e006_jump_075,15,10,0,3.89925746048,82041.9103779,7039,False
4caa7289,dtw_derivative,0,0,0,44.9227888592,10889435.3502,0,False
4cd1ac61,last_known_tvt,0,0,0,14.7445777514,975920.1505,0,False
4cd1ac61,e004_geometry_prefix,0,0,0,11.3200979324,575241.186611,0,False
4cd1ac61,align_visible_path,0,0,0,20.9722724624,1974424.75673,0,False
4cd1ac61,pf_gr_path,0,0,0,14.806150082,984087.918247,0,False
4cd1ac61,trellis_gr_path,0,0,0,11.7216143355,616771.733162,0,False
4cd1ac61,e006_nested_fusion,0,0,0,12.6001084139,712685.904138,0,False
4cd1ac61,wide64_anchor,0,0,0,9.14978916719,375812.983058,0,False
4cd1ac61,e006_affine,10,10,0,4.09331131099,75214.0815268,351,False
4cd1ac61,e006_quadratic,10,10,0,4.09331131099,75214.0815268,7629,False
4cd1ac61,wide64_quadratic,10,10,0,3.84225296313,66270.6932609,7629,False
4cd1ac61,pf_quadratic,15,0,0,3.45369426524,53544.8103049,8157,False
4cd1ac61,trellis_quadratic,10,0,0,4.37540471457,85938.1630429,7604,False
4cd1ac61,e006_hinge_025,10,20,-40,2.65842721757,31724.8191321,8352,True
4cd1ac61,e006_hinge_050,10,10,-20,2.70584058132,32866.5423261,8517,False
4cd1ac61,e006_hinge_075,10,10,-40,3.28619842845,48477.1603989,8650,False
4cd1ac61,e006_jump_025,10,10,0,4.09331131099,75214.0815268,6550,False
4cd1ac61,e006_jump_050,10,10,0,4.09331131099,75214.0815268,7078,False
4cd1ac61,e006_jump_075,10,10,0,4.09331131099,75214.0815268,6564,False
4cd1ac61,dtw_derivative,0,0,0,41.58987373,7764702.29238,0,False
4cecf7b3,last_known_tvt,0,0,0,8.79691473408,465784.5815,0,False
4cecf7b3,e004_geometry_prefix,0,0,0,11.177076073,751935.790809,0,False
4cecf7b3,align_visible_path,0,0,0,11.177076073,751935.790809,0,False
4cecf7b3,pf_gr_path,0,0,0,13.3163638531,1067322.46298,0,False
4cecf7b3,trellis_gr_path,0,0,0,11.5256379601,799565.948608,0,False
4cecf7b3,e006_nested_fusion,0,0,0,13.3899083898,1079144.38341,0,False
4cecf7b3,wide64_anchor,0,0,0,15.561845829,1457627.52349,0,False
4cecf7b3,e006_affine,-10,0,0,8.43755690877,428506.854498,250,False
4cecf7b3,e006_quadratic,-10,0,10,8.10161154825,395063.744156,5377,False
4cecf7b3,wide64_quadratic,-15,0,10,8.31566903287,416215.965464,4824,False
4cecf7b3,pf_quadratic,-10,0,10,8.08876614793,393811.961393,5377,False
4cecf7b3,trellis_quadratic,-5,-10,10,8.35887287417,420552.078718,5908,False
4cecf7b3,e006_hinge_025,-10,-20,40,8.11895075024,396756.597573,5802,False
4cecf7b3,e006_hinge_050,-10,-10,30,7.66837599005,353941.217765,5982,False
4cecf7b3,e006_hinge_075,-10,-10,70,8.05242771845,390281.543217,6111,False
4cecf7b3,e006_jump_025,-10,0,0,8.43755690877,428506.854498,4650,False
4cecf7b3,e006_jump_050,-10,10,-10,8.4139947525,426116.957017,4919,False
4cecf7b3,e006_jump_075,-10,-10,10,7.19313371369,311430.118018,4615,True
4cecf7b3,dtw_derivative,0,0,0,14.7174703606,1303739.07763,0,False
4ddde4c1,last_known_tvt,0,0,0,4.58488124428,94006.5203,0,False
4ddde4c1,e004_geometry_prefix,0,0,0,3.4172385324,52221.8658056,0,False
4ddde4c1,align_visible_path,0,0,0,3.4172385324,52221.8658056,0,False
4ddde4c1,pf_gr_path,0,0,0,3.98614525863,71057.1911904,0,False
4ddde4c1,trellis_gr_path,0,0,0,2.9963072017,40148.9758196,0,False
4ddde4c1,e006_nested_fusion,0,0,0,3.58202700966,57379.8630506,0,False
4ddde4c1,wide64_anchor,0,0,0,3.50150140375,54829.0100239,0,False
4ddde4c1,e006_affine,0,0,0,3.58202700966,57379.8630506,300,False
4ddde4c1,e006_quadratic,0,0,10,3.46114672065,53572.487773,6491,False
4ddde4c1,wide64_quadratic,0,0,10,3.37774054724,51021.6347463,6491,False
4ddde4c1,pf_quadratic,0,0,10,3.8778825597,67249.8159126,6491,False
4ddde4c1,trellis_quadratic,0,0,0,2.9963072017,40148.9758196,6490,False
4ddde4c1,e006_hinge_025,0,-10,30,2.34599322586,24612.4758129,7055,True
4ddde4c1,e006_hinge_050,0,0,20,2.7169669752,33011.8994821,7251,False
4ddde4c1,e006_hinge_075,0,0,30,2.83236710198,35875.7408064,7382,False
4ddde4c1,e006_jump_025,0,0,0,3.58202700966,57379.8630506,5589,False
4ddde4c1,e006_jump_050,0,0,0,3.58202700966,57379.8630506,5974,False
4ddde4c1,e006_jump_075,0,0,0,3.58202700966,57379.8630506,5589,False
4ddde4c1,dtw_derivative,0,0,0,15.4652033758,1069579.48911,0,False
4e050c92,last_known_tvt,0,0,0,6.76068354512,169343.8496,0,False
4e050c92,e004_geometry_prefix,0,0,0,9.66470687953,346071.301344,0,False
4e050c92,align_visible_path,0,0,0,9.66470687953,346071.301344,0,False
4e050c92,pf_gr_path,0,0,0,7.98499056449,236231.075337,0,False
4e050c92,trellis_gr_path,0,0,0,8.81994460387,288217.221531,0,False
4e050c92,e006_nested_fusion,0,0,0,7.77264891239,223834.133482,0,False
4e050c92,wide64_anchor,0,0,0,6.82093319907,172375.605562,0,False
4e050c92,e006_affine,-5,-10,0,4.09660846946,62178.0545272,274,False
4e050c92,e006_quadratic,-5,-10,-10,3.27424262678,39720.0630063,5906,False
4e050c92,wide64_quadratic,-5,-10,-10,3.16053606996,37009.2014644,5906,False
4e050c92,pf_quadratic,-5,-10,-10,3.41790424317,43282.0671844,5906,False
4e050c92,trellis_quadratic,-5,-10,-10,3.95412352098,57928.0188951,5906,False
4e050c92,e006_hinge_025,-5,10,-40,2.76513937349,28328.4142716,6483,False
4e050c92,e006_hinge_050,-5,0,-30,2.67757990495,26562.753516,6623,True
4e050c92,e006_hinge_075,-5,0,-60,2.98031207044,32908.7734379,6748,False
4e050c92,e006_jump_025,-5,-20,10,3.94297224482,57601.7466073,5076,False
4e050c92,e006_jump_050,-5,-10,0,4.09660846946,62178.0545272,5405,False
4e050c92,e006_jump_075,-5,0,-10,4.05730621808,60990.7235336,5112,False
4e050c92,dtw_derivative,0,0,0,20.8347635955,1608293.72098,0,False
4ed93db6,last_known_tvt,0,0,0,9.13430456606,388559.2162,0,False
4ed93db6,e004_geometry_prefix,0,0,0,9.49023036499,419430.247876,0,False
4ed93db6,align_visible_path,0,0,0,15.5165108508,1121229.14154,0,False
4ed93db6,pf_gr_path,0,0,0,6.59123346241,202320.377795,0,False
4ed93db6,trellis_gr_path,0,0,0,10.0244461498,467979.697485,0,False
4ed93db6,e006_nested_fusion,0,0,0,7.50072096437,262006.615387,0,False
4ed93db6,wide64_anchor,0,0,0,9.05739177382,382043.262132,0,False
4ed93db6,e006_affine,-5,-10,0,2.75691863131,35395.9957818,274,False
4ed93db6,e006_quadratic,-5,-10,0,2.75691863131,35395.9957818,5907,False
4ed93db6,wide64_quadratic,-5,-10,0,2.37252719998,26213.7189103,5907,False
4ed93db6,pf_quadratic,0,-10,0,2.10504192377,20636.1053893,6465,True
4ed93db6,trellis_quadratic,-5,-10,0,4.51983718261,95137.5184285,5907,False
4ed93db6,e006_hinge_025,-5,-10,0,2.75691863131,35395.9957818,6437,False
4ed93db6,e006_hinge_050,-5,-10,0,2.75691863131,35395.9957818,6601,False
4ed93db6,e006_hinge_075,-5,-10,0,2.75691863131,35395.9957818,6729,False
4ed93db6,e006_jump_025,-5,-10,0,2.75691863131,35395.9957818,5097,False
4ed93db6,e006_jump_050,-5,-10,0,2.75691863131,35395.9957818,5405,False
4ed93db6,e006_jump_075,-5,-10,0,2.75691863131,35395.9957818,5091,False
4ed93db6,dtw_derivative,0,0,0,17.5093998924,1427738.79694,0,False
4f3eb9e9,last_known_tvt,0,0,0,33.0789281264,5139530.1377,0,False
4f3eb9e9,e004_geometry_prefix,0,0,0,34.8247351379,5696343.94737,0,False
4f3eb9e9,align_visible_path,0,0,0,23.1559136147,2518514.18705,0,False
4f3eb9e9,pf_gr_path,0,0,0,24.3783776819,2791451.9866,0,False
4f3eb9e9,trellis_gr_path,0,0,0,35.9374356566,6066172.12555,0,False
4f3eb9e9,e006_nested_fusion,0,0,0,29.6086945064,4117741.49039,0,False
4f3eb9e9,wide64_anchor,0,0,0,28.1155700077,3712909.3454,0,False
4f3eb9e9,e006_affine,20,30,0,8.49941826432,339311.800578,403,False
4f3eb9e9,e006_quadratic,20,30,0,8.49941826432,339311.800578,8781,False
4f3eb9e9,wide64_quadratic,20,30,0,8.70687970938,356078.415823,8781,False
4f3eb9e9,pf_quadratic,15,30,0,8.54368778169,342855.640479,8232,False
4f3eb9e9,trellis_quadratic,25,40,0,9.36573778831,412006.957169,9349,False
4f3eb9e9,e006_hinge_025,20,0,80,7.30602815834,250716.688875,9525,False
4f3eb9e9,e006_hinge_050,20,30,20,8.13203309948,310612.433069,9806,False
4f3eb9e9,e006_hinge_075,20,40,-80,7.01713539287,231281.168305,9970,False
4f3eb9e9,e006_jump_025,20,30,0,8.49941826432,339311.800578,7529,False
4f3eb9e9,e006_jump_050,20,20,10,5.02252254332,118485.266483,8144,True
4f3eb9e9,e006_jump_075,20,30,0,8.49941826432,339311.800578,7553,False
4f3eb9e9,dtw_derivative,0,0,0,24.0718785532,2721701.71827,0,False
4f4ac5ce,last_known_tvt,0,0,0,8.25061210203,351390.7615,0,False
4f4ac5ce,e004_geometry_prefix,0,0,0,7.71799901485,307487.480391,0,False
4f4ac5ce,align_visible_path,0,0,0,13.4105055889,928342.6497,0,False
4f4ac5ce,pf_gr_path,0,0,0,7.4764665733,288543.165601,0,False
4f4ac5ce,trellis_gr_path,0,0,0,8.70765913634,391400.01725,0,False
4f4ac5ce,e006_nested_fusion,0,0,0,7.58337223534,296853.892881,0,False
4f4ac5ce,wide64_anchor,0,0,0,9.13844448817,431084.647479,0,False
4f4ac5ce,e006_affine,0,10,0,5.06278333309,132311.222952,301,False
4f4ac5ce,e006_quadratic,0,10,0,5.06278333309,132311.222952,6515,False
4f4ac5ce,wide64_quadratic,5,10,0,4.9946561069,128774.29565,7073,False
4f4ac5ce,pf_quadratic,0,10,0,5.04283074698,131270.392708,6515,False
4f4ac5ce,trellis_quadratic,0,10,-10,6.33912686494,207432.540814,6514,False
4f4ac5ce,e006_hinge_025,0,0,20,5.04104690735,131177.538546,7079,False
4f4ac5ce,e006_hinge_050,0,10,0,5.06278333309,132311.222952,7274,False
4f4ac5ce,e006_hinge_075,0,10,-10,5.0193531661,130050.943835,7403,False
4f4ac5ce,e006_jump_025,0,10,0,5.06278333309,132311.222952,5611,False
4f4ac5ce,e006_jump_050,0,-10,10,4.66028346891,112109.565259,5950,True
4f4ac5ce,e006_jump_075,0,10,0,5.06278333309,132311.222952,5611,False
4f4ac5ce,dtw_derivative,0,0,0,79.5670601121,32680193.8373,0,False
4f4afcc6,last_known_tvt,0,0,0,8.32420411536,391155.4521,0,False
4f4afcc6,e004_geometry_prefix,0,0,0,8.95985389215,453174.852085,0,False
4f4afcc6,align_visible_path,0,0,0,11.8957937993,798823.442597,0,False
4f4afcc6,pf_gr_path,0,0,0,9.60450051432,520731.098082,0,False
4f4afcc6,trellis_gr_path,0,0,0,9.84712480288,547372.318558,0,False
4f4afcc6,e006_nested_fusion,0,0,0,8.60844106753,418324.179226,0,False
4f4afcc6,wide64_anchor,0,0,0,8.89227703954,446364.775901,0,False
4f4afcc6,e006_affine,0,-10,0,6.44546003111,234515.626046,299,False
4f4afcc6,e006_quadratic,0,-10,0,6.44546003111,234515.626046,6465,False
4f4afcc6,wide64_quadratic,0,-10,0,6.81991850005,262556.222721,6465,False
4f4afcc6,pf_quadratic,5,-10,0,6.3774529235,229592.908192,7023,False
4f4afcc6,trellis_quadratic,0,-10,0,7.5102293943,318398.014658,6465,False
4f4afcc6,e006_hinge_025,0,20,-70,5.4676454206,168758.101685,7120,True
4f4afcc6,e006_hinge_050,0,-10,0,6.44546003111,234515.626046,7224,False
4f4afcc6,e006_hinge_075,0,-10,0,6.44546003111,234515.626046,7354,False
4f4afcc6,e006_jump_025,0,-10,0,6.44546003111,234515.626046,5567,False
4f4afcc6,e006_jump_050,0,-10,0,6.44546003111,234515.626046,5949,False
4f4afcc6,e006_jump_075,0,-10,0,6.44546003111,234515.626046,5567,False
4f4afcc6,dtw_derivative,0,0,0,53.8075925648,16343725.8645,0,False
4f69febf,last_known_tvt,0,0,0,14.9412457904,1218894.9087,0,False
4f69febf,e004_geometry_prefix,0,0,0,16.2338256355,1438912.53742,0,False
4f69febf,align_visible_path,0,0,0,6.65746091641,241996.95076,0,False
4f69febf,pf_gr_path,0,0,0,8.70693123637,413926.15749,0,False
4f69febf,trellis_gr_path,0,0,0,16.7236394819,1527053.44167,0,False
4f69febf,e006_nested_fusion,0,0,0,12.5169586463,855441.425492,0,False
4f69febf,wide64_anchor,0,0,0,7.51397180965,308270.357065,0,False
4f69febf,e006_affine,10,10,0,4.21901301461,97188.3866632,351,False
4f69febf,e006_quadratic,10,10,0,4.21901301461,97188.3866632,7629,False
4f69febf,wide64_quadratic,5,10,0,4.00433685876,87549.5366844,7073,False
4f69febf,pf_quadratic,10,0,0,4.58592186456,114827.509239,7604,False
4f69febf,trellis_quadratic,15,10,0,4.25430446753,98821.1215033,8182,False
4f69febf,e006_hinge_025,10,10,-10,3.25559812204,57870.098462,8330,True
4f69febf,e006_hinge_050,10,10,-20,3.54373351596,68566.9378874,8517,False
4f69febf,e006_hinge_075,10,10,-40,3.48959901821,66488.065141,8650,False
4f69febf,e006_jump_025,10,10,0,4.21901301461,97188.3866632,6550,False
4f69febf,e006_jump_050,10,10,0,4.21901301461,97188.3866632,7078,False
4f69febf,e006_jump_075,10,10,0,4.21901301461,97188.3866632,6564,False
4f69febf,dtw_derivative,0,0,0,50.5973335732,13978092.2994,0,False
4fbe9c06,last_known_tvt,0,0,0,12.700621635,1014129.5012,0,False
4fbe9c06,e004_geometry_prefix,0,0,0,13.1004130542,1078980.10912,0,False
4fbe9c06,align_visible_path,0,0,0,21.3929091905,2877286.81557,0,False
4fbe9c06,pf_gr_path,0,0,0,10.3550499262,674136.519774,0,False
4fbe9c06,trellis_gr_path,0,0,0,14.2781967596,1281711.2173,0,False
4fbe9c06,e006_nested_fusion,0,0,0,10.9522003878,754130.008989,0,False
4fbe9c06,wide64_anchor,0,0,0,12.0264121479,909317.661987,0,False
4fbe9c06,e006_affine,-5,0,0,9.16798307496,528434.381197,275,False
4fbe9c06,e006_quadratic,-5,0,30,5.08229207661,162391.278332,5935,False
4fbe9c06,wide64_quadratic,-10,0,30,5.40591659424,183730.874466,5379,False
4fbe9c06,pf_quadratic,-5,0,30,4.85245867683,148035.935208,5935,False
4fbe9c06,trellis_quadratic,-10,0,20,6.46733400984,262962.634608,5378,False
4fbe9c06,e006_hinge_025,-5,-40,90,7.84712602409,387137.03105,6371,False
4fbe9c06,e006_hinge_050,-5,-30,110,4.75960022184,142424.404587,6562,True
4fbe9c06,e006_hinge_075,-5,-10,120,4.8989703448,150887.436932,6741,False
4fbe9c06,e006_jump_025,-5,10,-10,6.34059557546,252757.218205,5140,False
4fbe9c06,e006_jump_050,-5,0,0,9.16798307496,528434.381197,5430,False
4fbe9c06,e006_jump_075,-5,-10,10,6.45506457451,261965.827403,5092,False
4fbe9c06,dtw_derivative,0,0,0,8.07564254163,410013.007467,0,False
504c8b08,last_known_tvt,0,0,0,20.6567768267,2716814.3646,0,False
504c8b08,e004_geometry_prefix,0,0,0,21.4601550339,2932247.06372,0,False
504c8b08,align_visible_path,0,0,0,12.6636317097,1021060.30596,0,False
504c8b08,pf_gr_path,0,0,0,22.2146417916,3142052.80332,0,False
504c8b08,trellis_gr_path,0,0,0,21.2491231249,2874861.16218,0,False
504c8b08,e006_nested_fusion,0,0,0,21.8353206079,3035666.06627,0,False
504c8b08,wide64_anchor,0,0,0,21.8956223592,3052456.1792,0,False
504c8b08,e006_affine,-20,-10,0,4.34643697784,120282.2722,199,False
504c8b08,e006_quadratic,-20,-10,0,4.34643697784,120282.2722,4249,False
504c8b08,wide64_quadratic,-20,-10,0,4.35272699977,120630.661274,4249,False
504c8b08,pf_quadratic,-20,-10,0,4.70888991558,141179.592857,4249,False
504c8b08,trellis_quadratic,-20,-10,-10,6.70769631233,286471.639574,4248,False
504c8b08,e006_hinge_025,-20,-20,20,4.09156892152,106589.541037,4589,True
504c8b08,e006_hinge_050,-20,-10,0,4.34643697784,120282.2722,4744,False
504c8b08,e006_hinge_075,-20,-10,-20,4.12662247864,108423.726288,4853,False
504c8b08,e006_jump_025,-20,-10,0,4.34643697784,120282.2722,3692,False
504c8b08,e006_jump_050,-20,-10,0,4.34643697784,120282.2722,3830,False
504c8b08,e006_jump_075,-20,-10,0,4.34643697784,120282.2722,3667,False
504c8b08,dtw_derivative,0,0,0,30.1582197716,5790902.50541,0,False
511e1db0,last_known_tvt,0,0,0,2.64665563509,26765.2875,0,False
511e1db0,e004_geometry_prefix,0,0,0,1.94508087153,14456.1405994,0,True
511e1db0,align_visible_path,0,0,0,1.94508087153,14456.1405994,0,False
511e1db0,pf_gr_path,0,0,0,6.41915965735,157446.63851,0,False
511e1db0,trellis_gr_path,0,0,0,5.54907929137,117657.305632,0,False
511e1db0,e006_nested_fusion,0,0,0,5.06853248711,98161.57243,0,False
511e1db0,wide64_anchor,0,0,0,9.4307546509,339836.428284,0,False
511e1db0,e006_affine,5,0,0,2.33926586669,20909.1416819,325,False
511e1db0,e006_quadratic,5,0,0,2.33926586669,20909.1416819,7048,False
511e1db0,wide64_quadratic,10,0,0,2.44304559537,22805.5306755,7604,False
511e1db0,pf_quadratic,5,0,0,2.73078240775,28493.856346,7048,False
511e1db0,trellis_quadratic,0,0,0,5.54907929137,117657.305632,6490,False
511e1db0,e006_hinge_025,5,10,-20,2.13877248337,17478.5826979,7715,False
511e1db0,e006_hinge_050,5,0,10,2.20415111796,18563.4960982,7873,False
511e1db0,e006_hinge_075,5,0,20,2.12077294977,17185.6272729,8006,False
511e1db0,e006_jump_025,5,0,0,2.33926586669,20909.1416819,6059,False
511e1db0,e006_jump_050,5,0,0,2.33926586669,20909.1416819,6518,False
511e1db0,e006_jump_075,5,0,0,2.33926586669,20909.1416819,6065,False
511e1db0,dtw_derivative,0,0,0,19.9305860239,1517809.17861,0,False
512943b2,last_known_tvt,0,0,0,4.03297867357,81796.2675,0,False
512943b2,e004_geometry_prefix,0,0,0,6.05183809805,184185.839411,0,False
512943b2,align_visible_path,0,0,0,15.1273593159,1150821.27235,0,False
512943b2,pf_gr_path,0,0,0,7.28544461793,266927.7698,0,False
512943b2,trellis_gr_path,0,0,0,9.60210051691,463675.48138,0,False
512943b2,e006_nested_fusion,0,0,0,6.83008089885,234602.875572,0,False
512943b2,wide64_anchor,0,0,0,7.83187538799,308470.170356,0,False
512943b2,e006_affine,-5,-10,0,3.89031111893,76111.5041079,274,False
512943b2,e006_quadratic,-5,-10,-10,3.88860562694,76044.7849673,5906,False
512943b2,wide64_quadratic,-5,-10,-10,4.19787118823,88621.6541176,5906,False
512943b2,pf_quadratic,-5,-10,-10,3.7082702622,69155.1284692,5906,False
512943b2,trellis_quadratic,-10,0,-10,5.34850970622,143862.370514,5375,False
512943b2,e006_hinge_025,-5,0,-10,2.78415846484,38982.4863992,6461,False
512943b2,e006_hinge_050,-5,0,-20,2.52448278242,32049.8839798,6624,False
512943b2,e006_hinge_075,-5,0,-60,2.05693711653,21277.6502254,6748,True
512943b2,e006_jump_025,-5,-10,0,3.89031111893,76111.5041079,5097,False
512943b2,e006_jump_050,-5,-10,0,3.89031111893,76111.5041079,5405,False
512943b2,e006_jump_075,-5,-10,0,3.89031111893,76111.5041079,5091,False
512943b2,dtw_derivative,0,0,0,54.1950389915,14770687.2217,0,False
5138a660,last_known_tvt,0,0,0,5.47801090581,106800.6198,0,False
5138a660,e004_geometry_prefix,0,0,0,8.89284305577,281455.17845,0,False
5138a660,align_visible_path,0,0,0,6.23683519182,138438.384914,0,False
5138a660,pf_gr_path,0,0,0,5.47697220154,106760.121983,0,False
5138a660,trellis_gr_path,0,0,0,10.0331102243,358260.687451,0,False
5138a660,e006_nested_fusion,0,0,0,5.1237139949,93432.4521163,0,False
5138a660,wide64_anchor,0,0,0,5.33275683648,101211.893603,0,False
5138a660,e006_affine,0,-10,0,3.59828655075,46080.7436546,299,False
5138a660,e006_quadratic,0,-10,-10,3.42265811845,41692.2208123,6464,False
5138a660,wide64_quadratic,0,-10,-10,3.72832924663,49471.6622988,6464,False
5138a660,pf_quadratic,5,-10,-10,3.9638469997,55919.3035287,7022,False
5138a660,trellis_quadratic,-10,0,0,6.14276836902,134293.893915,5376,False
5138a660,e006_hinge_025,0,10,-40,2.64991180833,24991.4139946,7098,False
5138a660,e006_hinge_050,0,0,-30,2.52265566071,22648.7342422,7246,True
5138a660,e006_hinge_075,0,-10,10,3.52878584103,44317.8407326,7355,False
5138a660,e006_jump_025,0,-20,10,3.41837094447,41587.8400339,5546,False
5138a660,e006_jump_050,0,-10,0,3.59828655075,46080.7436546,5949,False
5138a660,e006_jump_075,0,-10,0,3.59828655075,46080.7436546,5567,False
5138a660,dtw_derivative,0,0,0,18.5388149129,1223184.37615,0,False
516088b7,last_known_tvt,0,0,0,6.37160320516,269769.2406,0,False
516088b7,e004_geometry_prefix,0,0,0,6.63692839483,292704.399052,0,False
516088b7,align_visible_path,0,0,0,6.63692839483,292704.399052,0,False
516088b7,pf_gr_path,0,0,0,6.08610826858,246135.543579,0,False
516088b7,trellis_gr_path,0,0,0,7.01403966404,326912.419756,0,False
516088b7,e006_nested_fusion,0,0,0,6.2681673817,261081.533849,0,False
516088b7,wide64_anchor,0,0,0,6.2533522231,259848.831204,0,False
516088b7,e006_affine,0,0,0,6.2681673817,261081.533849,300,False
516088b7,e006_quadratic,0,0,-10,6.0811426355,245734.065281,6489,False
516088b7,wide64_quadratic,0,0,-10,6.06587070869,244501.362635,6489,False
516088b7,pf_quadratic,0,0,-10,5.89330868743,230788.075011,6489,False
516088b7,trellis_quadratic,5,0,-10,6.09849241939,247138.247051,7047,False
516088b7,e006_hinge_025,0,20,-50,5.56040116835,205450.516362,7122,False
516088b7,e006_hinge_050,0,0,-10,5.9026165028,231517.658093,7248,False
516088b7,e006_hinge_075,0,0,-20,6.07557806569,245284.551491,7377,False
516088b7,e006_jump_025,0,0,0,6.2681673817,261081.533849,5589,False
516088b7,e006_jump_050,0,10,-10,5.47573725549,199241.676474,5998,True
516088b7,e006_jump_075,0,0,0,6.2681673817,261081.533849,5589,False
516088b7,dtw_derivative,0,0,0,12.8105121165,1090505.77146,0,False
521a7819,last_known_tvt,0,0,0,25.3618615755,3344764.9174,0,False
521a7819,e004_geometry_prefix,0,0,0,34.8800478709,6326412.24529,0,False
521a7819,align_visible_path,0,0,0,44.5455685894,10318399.9409,0,False
521a7819,pf_gr_path,0,0,0,32.8162873181,5599925.30937,0,False
521a7819,trellis_gr_path,0,0,0,33.7266853091,5914944.37008,0,False
521a7819,e006_nested_fusion,0,0,0,31.6051120568,5194192.16223,0,False
521a7819,wide64_anchor,0,0,0,34.7253061152,6270403.80092,0,False
521a7819,e006_affine,-30,-10,0,7.72705994907,310478.768374,149,False
521a7819,e006_quadratic,-30,-10,20,3.84181812229,76749.7457207,3173,True
521a7819,wide64_quadratic,-35,-10,20,4.18426687553,91042.0642854,2647,False
521a7819,pf_quadratic,-30,-10,20,4.07144164834,86198.5128982,3173,False
521a7819,trellis_quadratic,-30,-10,20,6.64255010496,229442.053864,3173,False
521a7819,e006_hinge_025,-30,-60,120,5.12211113072,136427.316664,3321,False
521a7819,e006_hinge_050,-30,-30,80,5.0192166571,131001.186425,3488,False
521a7819,e006_hinge_075,-30,-20,120,4.21314046937,92302.8735962,3602,False
521a7819,e006_jump_025,-30,0,-10,6.37961900347,211637.600873,2788,False
521a7819,e006_jump_050,-30,-10,0,7.72705994907,310478.768374,2833,False
521a7819,e006_jump_075,-30,-20,10,5.52492762497,158729.091358,2714,False
521a7819,dtw_derivative,0,0,0,38.7293163038,7799791.69505,0,False
5254b6db,last_known_tvt,0,0,0,7.29388122952,174179.1029,0,False
5254b6db,e004_geometry_prefix,0,0,0,4.58648247954,68871.279706,0,False
5254b6db,align_visible_path,0,0,0,34.1323923255,3814276.154,0,False
5254b6db,pf_gr_path,0,0,0,17.8146428701,1039041.55293,0,False
5254b6db,trellis_gr_path,0,0,0,3.01799774595,29820.6082318,0,False
5254b6db,e006_nested_fusion,0,0,0,9.12309716168,272497.972564,0,False
5254b6db,wide64_anchor,0,0,0,10.2923062362,346819.95252,0,False
5254b6db,e006_affine,10,0,0,2.53411294401,21024.7388241,350,False
5254b6db,e006_quadratic,10,0,0,2.53411294401,21024.7388241,7604,False
5254b6db,wide64_quadratic,10,0,0,2.25366578195,16628.6769613,7604,True
5254b6db,pf_quadratic,20,0,0,4.10459893465,55159.4759245,8706,False
5254b6db,trellis_quadratic,0,0,0,3.01799774595,29820.6082318,6490,False
5254b6db,e006_hinge_025,10,10,-20,2.36015167568,18237.214362,8329,False
5254b6db,e006_hinge_050,10,0,0,2.53411294401,21024.7388241,8494,False
5254b6db,e006_hinge_075,10,0,0,2.53411294401,21024.7388241,8629,False
5254b6db,e006_jump_025,10,0,0,2.53411294401,21024.7388241,6528,False
5254b6db,e006_jump_050,10,0,0,2.53411294401,21024.7388241,7053,False
5254b6db,e006_jump_075,10,0,0,2.53411294401,21024.7388241,6542,False
5254b6db,dtw_derivative,0,0,0,46.1830792017,6983038.65811,0,False
529e88ca,last_known_tvt,0,0,0,15.2656250317,796295.3141,0,False
529e88ca,e004_geometry_prefix,0,0,0,18.27894133,1141687.00173,0,False
529e88ca,align_visible_path,0,0,0,25.893505495,2291008.38284,0,False
529e88ca,pf_gr_path,0,0,0,15.7382704027,846367.511553,0,False
529e88ca,trellis_gr_path,0,0,0,17.0589419832,994372.632917,0,False
529e88ca,e006_nested_fusion,0,0,0,17.0631487568,994863.122465,0,False
529e88ca,wide64_anchor,0,0,0,13.9930923662,669071.268275,0,False
529e88ca,e006_affine,10,20,0,8.50668720636,247266.855934,352,False
529e88ca,e006_quadratic,10,20,-10,7.55590519417,195082.350187,7653,False
529e88ca,wide64_quadratic,5,20,-10,7.59443923866,197077.208614,7097,False
529e88ca,pf_quadratic,10,20,-10,7.7400462904,204706.717745,7653,False
529e88ca,trellis_quadratic,10,20,-10,6.60078213762,148879.799938,7653,True
529e88ca,e006_hinge_025,10,10,20,8.47876871774,245646.486317,8333,False
529e88ca,e006_hinge_050,10,40,-80,6.81883873947,158878.751516,8586,False
529e88ca,e006_hinge_075,10,30,-120,6.91008047558,163159.058015,8692,False
529e88ca,e006_jump_025,10,10,10,8.29524875961,235127.706329,6551,False
529e88ca,e006_jump_050,10,0,10,7.16384145351,175362.573476,7054,False
529e88ca,e006_jump_075,10,30,-10,6.60556857286,149095.793095,6606,False
529e88ca,dtw_derivative,0,0,0,25.5704946424,2234206.12061,0,False
52f1e77a,last_known_tvt,0,0,0,14.1748808756,892518.8349,0,False
52f1e77a,e004_geometry_prefix,0,0,0,7.79407197962,269840.652741,0,False
52f1e77a,align_visible_path,0,0,0,12.1164807101,652126.043519,0,False
52f1e77a,pf_gr_path,0,0,0,9.54770579935,404926.883349,0,False
52f1e77a,trellis_gr_path,0,0,0,9.17524422644,373950.243583,0,False
52f1e77a,e006_nested_fusion,0,0,0,8.26801912422,303655.74294,0,False
52f1e77a,wide64_anchor,0,0,0,8.85698048107,348457.590601,0,False
52f1e77a,e006_affine,-5,0,0,8.08111078755,290081.929632,275,False
52f1e77a,e006_quadratic,-5,0,10,7.44001136516,245881.442403,5933,False
52f1e77a,wide64_quadratic,-5,0,10,7.14979314399,227073.005572,5933,False
52f1e77a,pf_quadratic,-5,0,10,7.22515324108,231885.012424,5933,False
52f1e77a,trellis_quadratic,0,0,10,8.3071215176,306534.726048,6491,False
52f1e77a,e006_hinge_025,-5,10,-30,8.01189603829,285134.103846,6484,False
52f1e77a,e006_hinge_050,-5,-10,40,7.27433890507,235052.900899,6605,False
52f1e77a,e006_hinge_075,-5,-10,110,5.79289732938,149063.12336,6740,False
52f1e77a,e006_jump_025,-5,0,0,8.08111078755,290081.929632,5119,False
52f1e77a,e006_jump_050,-5,30,-20,5.78539404108,148677.223463,5503,True
52f1e77a,e006_jump_075,-5,-10,10,6.68695993568,198625.954192,5092,False
52f1e77a,dtw_derivative,0,0,0,24.3843350885,2641194.53343,0,False
5305524b,last_known_tvt,0,0,0,16.6349036933,1355374.6623,0,False
5305524b,e004_geometry_prefix,0,0,0,18.2410005018,1629731.6184,0,False
5305524b,align_visible_path,0,0,0,6.56214392613,210916.36778,0,False
5305524b,pf_gr_path,0,0,0,22.2095560995,2416008.94371,0,False
5305524b,trellis_gr_path,0,0,0,19.8346918272,1926946.66942,0,False
5305524b,e006_nested_fusion,0,0,0,15.5381682735,1182547.0298,0,False
5305524b,wide64_anchor,0,0,0,13.1252513248,843789.345021,0,False
5305524b,e006_affine,-15,-10,0,5.34353338975,139854.30383,224,False
5305524b,e006_quadratic,-15,-10,10,4.35474933814,92884.897127,4799,False
5305524b,wide64_quadratic,-10,-10,10,4.0662288442,80984.5949318,5352,False
5305524b,pf_quadratic,-20,-10,10,4.11137558404,82792.8982277,4250,False
5305524b,trellis_quadratic,-15,-20,10,4.68711919314,107604.584848,4774,False
5305524b,e006_hinge_025,-15,-40,70,3.92752603752,75553.9068778,5146,True
5305524b,e006_hinge_050,-15,-20,40,4.19024893453,85999.995681,5339,False
5305524b,e006_hinge_075,-15,-10,10,5.2848640846,136800.103547,5480,False
5305524b,e006_jump_025,-15,0,-10,4.57094477667,102336.540069,4180,False
5305524b,e006_jump_050,-15,-10,0,5.34353338975,139854.30383,4345,False
5305524b,e006_jump_075,-15,-20,10,4.70823109414,108576.121296,4118,False
5305524b,dtw_derivative,0,0,0,62.2279908957,18966637.3238,0,False
53134831,last_known_tvt,0,0,0,17.3439542764,1541966.1562,0,False
53134831,e004_geometry_prefix,0,0,0,14.6661129986,1102576.30611,0,False
53134831,align_visible_path,0,0,0,44.1028167196,9970369.5768,0,False
53134831,pf_gr_path,0,0,0,32.1650077228,5303296.66199,0,False
53134831,trellis_gr_path,0,0,0,14.2078685952,1034752.45487,0,False
53134831,e006_nested_fusion,0,0,0,20.9938847119,2259249.61908,0,False
53134831,wide64_anchor,0,0,0,27.3761053982,3841686.57837,0,False
53134831,e006_affine,-20,-10,0,3.65900361164,68628.4638861,199,False
53134831,e006_quadratic,-20,-10,10,2.93396108948,44125.2624598,4250,False
53134831,wide64_quadratic,-25,-10,10,3.45605043282,61226.4028298,3707,False
53134831,pf_quadratic,-30,-10,10,3.67652406869,69287.2666208,3172,False
53134831,trellis_quadratic,-15,-10,0,5.41274720994,150180.688671,4798,False
53134831,e006_hinge_025,-20,-20,30,2.6832798991,36907.1539527,4590,True
53134831,e006_hinge_050,-20,-10,10,2.88495989058,42663.6650412,4745,False
53134831,e006_hinge_075,-20,-10,40,2.80570850112,40351.8729906,4859,False
53134831,e006_jump_025,-20,0,-10,3.63501970739,67731.725768,3713,False
53134831,e006_jump_050,-20,-10,0,3.65900361164,68628.4638861,3830,False
53134831,e006_jump_075,-20,-10,0,3.65900361164,68628.4638861,3667,False
53134831,dtw_derivative,0,0,0,40.7043162541,8492968.82015,0,False
5397ceb1,last_known_tvt,0,0,0,9.25091584943,449719.9785,0,False
5397ceb1,e004_geometry_prefix,0,0,0,8.35235524605,366598.459511,0,False
5397ceb1,align_visible_path,0,0,0,20.5556078508,2220410.98918,0,False
5397ceb1,pf_gr_path,0,0,0,8.55824649221,384895.028777,0,False
5397ceb1,trellis_gr_path,0,0,0,10.1955239128,546250.459783,0,False
5397ceb1,e006_nested_fusion,0,0,0,8.23081680627,356007.044543,0,False
5397ceb1,wide64_anchor,0,0,0,9.60392130412,484696.524705,0,False
5397ceb1,e006_affine,0,10,0,5.30362022823,147814.676445,301,False
5397ceb1,e006_quadratic,0,10,0,5.30362022823,147814.676445,6515,False
5397ceb1,wide64_quadratic,5,10,0,5.28853469552,146974.988931,7073,False
5397ceb1,pf_quadratic,5,10,0,5.6505067381,167782.829718,7073,False
5397ceb1,trellis_quadratic,0,10,10,7.40760195433,288355.338081,6516,False
5397ceb1,e006_hinge_025,0,20,-20,5.16532484887,140206.452074,7125,False
5397ceb1,e006_hinge_050,0,10,0,5.30362022823,147814.676445,7274,False
5397ceb1,e006_hinge_075,0,10,20,5.11978217557,137744.950856,7406,False
5397ceb1,e006_jump_025,0,10,0,5.30362022823,147814.676445,5611,False
5397ceb1,e006_jump_050,0,30,-10,4.85249767077,123738.085304,6048,True
5397ceb1,e006_jump_075,0,10,0,5.30362022823,147814.676445,5611,False
5397ceb1,dtw_derivative,0,0,0,11.1313687104,651133.226025,0,False
53f23031,last_known_tvt,0,0,0,10.6679840705,973040.3093,0,False
53f23031,e004_geometry_prefix,0,0,0,9.51892406076,774714.775597,0,False
53f23031,align_visible_path,0,0,0,17.0321376625,2480301.24917,0,False
53f23031,pf_gr_path,0,0,0,7.17883306578,440629.757794,0,False
53f23031,trellis_gr_path,0,0,0,10.6740624541,974149.459301,0,False
53f23031,e006_nested_fusion,0,0,0,7.35350820099,462333.40847,0,False
53f23031,wide64_anchor,0,0,0,7.00460140203,419500.968852,0,False
53f23031,e006_affine,5,10,0,4.46395524821,170374.964716,326,False
53f23031,e006_quadratic,5,10,0,4.46395524821,170374.964716,7073,False
53f23031,wide64_quadratic,0,10,0,4.00603027164,137212.781494,6515,True
53f23031,pf_quadratic,0,10,0,4.45468742722,169668.252634,6515,False
53f23031,trellis_quadratic,5,10,10,5.4915358043,257842.054939,7074,False
53f23031,e006_hinge_025,5,10,0,4.46395524821,170374.964716,7717,False
53f23031,e006_hinge_050,5,10,0,4.46395524821,170374.964716,7897,False
53f23031,e006_hinge_075,5,10,0,4.46395524821,170374.964716,8029,False
53f23031,e006_jump_025,5,10,0,4.46395524821,170374.964716,6081,False
53f23031,e006_jump_050,5,10,0,4.46395524821,170374.964716,6543,False
53f23031,e006_jump_075,5,10,0,4.46395524821,170374.964716,6087,False
53f23031,dtw_derivative,0,0,0,26.1774964265,5858984.27881,0,False
543198e8,last_known_tvt,0,0,0,20.5149561841,2736874.8673,0,False
543198e8,e004_geometry_prefix,0,0,0,19.280642337,2417445.82753,0,False
543198e8,align_visible_path,0,0,0,24.0540774705,3762626.97513,0,False
543198e8,pf_gr_path,0,0,0,20.7520200351,2800493.12001,0,False
543198e8,trellis_gr_path,0,0,0,18.9865878271,2344269.8341,0,False
543198e8,e006_nested_fusion,0,0,0,20.1882620326,2650401.20311,0,False
543198e8,wide64_anchor,0,0,0,21.8135483368,3094328.28446,0,False
543198e8,e006_affine,10,-10,0,17.2555981752,1936305.1115,349,False
543198e8,e006_quadratic,10,-10,-40,13.2139160017,1135473.06738,7575,False
543198e8,wide64_quadratic,10,-10,-40,13.1781731257,1129338.59779,7575,False
543198e8,pf_quadratic,10,-10,-40,13.1061442713,1117026.92784,7575,True
543198e8,trellis_quadratic,5,-10,-30,13.529626457,1190379.3008,7020,False
543198e8,e006_hinge_025,10,40,-120,14.0618296914,1285871.05792,8394,False
543198e8,e006_hinge_050,10,20,-120,14.7181491018,1408705.30614,8532,False
543198e8,e006_hinge_075,10,0,-120,14.9145747464,1446556.84275,8617,False
543198e8,e006_jump_025,10,-30,20,13.8881611739,1254305.27821,6465,False
543198e8,e006_jump_050,10,20,-20,16.1569223308,1697583.04325,7101,False
543198e8,e006_jump_075,10,0,-10,16.9468055793,1867624.00837,6541,False
543198e8,dtw_derivative,0,0,0,39.5895549923,10192365.6178,0,False
54753541,last_known_tvt,0,0,0,16.2227783481,1059556.7913,0,False
54753541,e004_geometry_prefix,0,0,0,15.9002598142,1017846.32346,0,False
54753541,align_visible_path,0,0,0,31.2772930633,3938511.24105,0,False
54753541,pf_gr_path,0,0,0,19.3612895403,1509184.4785,0,False
54753541,trellis_gr_path,0,0,0,17.9023372841,1290307.55661,0,False
54753541,e006_nested_fusion,0,0,0,16.6649607671,1118104.41333,0,False
54753541,wide64_anchor,0,0,0,17.2896667573,1203502.55331,0,False
54753541,e006_affine,0,20,0,11.1560824724,501068.617105,302,False
54753541,e006_quadratic,0,20,30,5.03543373281,102081.616925,6543,False
54753541,wide64_quadratic,5,20,30,4.77850648215,91930.1840289,7101,True
54753541,pf_quadratic,10,20,30,5.35364058153,115391.068059,7657,False
54753541,trellis_quadratic,0,20,30,5.70743425743,131146.168162,6543,False
54753541,e006_hinge_025,0,-30,120,8.20401448738,270973.367033,7014,False
54753541,e006_hinge_050,0,-10,120,6.692049448,180298.474929,7236,False
54753541,e006_hinge_075,0,10,120,6.57057514462,173812.314825,7416,False
54753541,e006_jump_025,0,40,-20,7.99407212293,257282.291343,5674,False
54753541,e006_jump_050,0,20,0,11.1560824724,501068.617105,6024,False
54753541,e006_jump_075,0,0,20,8.62335169204,299382.194673,5591,False
54753541,dtw_derivative,0,0,0,39.5920122519,6310865.44991,0,False
54a7e3c2,last_known_tvt,0,0,0,11.0377624264,749877.1872,0,False
54a7e3c2,e004_geometry_prefix,0,0,0,11.5477946639,820778.861644,0,False
54a7e3c2,align_visible_path,0,0,0,5.19338381751,166007.954354,0,False
54a7e3c2,pf_gr_path,0,0,0,14.7332565374,1336058.76065,0,False
54a7e3c2,trellis_gr_path,0,0,0,11.4735803592,810262.949728,0,False
54a7e3c2,e006_nested_fusion,0,0,0,12.9065171984,1025288.73602,0,False
54a7e3c2,wide64_anchor,0,0,0,9.94603763053,608875.155293,0,False
54a7e3c2,e006_affine,10,0,0,5.44591461123,182544.903539,350,False
54a7e3c2,e006_quadratic,10,0,-10,5.06555067952,157936.091692,7603,False
54a7e3c2,wide64_quadratic,10,0,-10,4.94247460812,150354.680076,7603,False
54a7e3c2,pf_quadratic,15,0,-10,4.84890935615,144715.879566,8156,False
54a7e3c2,trellis_quadratic,10,0,-10,5.36974689062,177474.388175,7603,False
54a7e3c2,e006_hinge_025,10,30,-70,4.55803326547,127874.231918,8374,True
54a7e3c2,e006_hinge_050,10,0,-10,5.40737020212,179970.061154,8493,False
54a7e3c2,e006_hinge_075,10,0,-20,5.22786529902,168219.692724,8627,False
54a7e3c2,e006_jump_025,10,0,0,5.44591461123,182544.903539,6528,False
54a7e3c2,e006_jump_050,10,0,0,5.44591461123,182544.903539,7053,False
54a7e3c2,e006_jump_075,10,0,0,5.44591461123,182544.903539,6542,False
54a7e3c2,dtw_derivative,0,0,0,28.5576778387,5019654.63057,0,False
5542c301,last_known_tvt,0,0,0,5.50111413743,108671.764,0,False
5542c301,e004_geometry_prefix,0,0,0,8.86410868524,282153.570217,0,False
5542c301,align_visible_path,0,0,0,8.86410868524,282153.570217,0,False
5542c301,pf_gr_path,0,0,0,9.4252591533,319008.316794,0,False
5542c301,trellis_gr_path,0,0,0,9.72233495617,339434.955027,0,False
5542c301,e006_nested_fusion,0,0,0,10.6675426997,408643.113892,0,False
5542c301,wide64_anchor,0,0,0,8.49638809781,259229.301055,0,False
5542c301,e006_affine,10,-10,0,5.36987650624,103548.545129,349,False
5542c301,e006_quadratic,10,-10,-10,5.02745213535,90763.512429,7578,False
5542c301,wide64_quadratic,5,-10,-10,5.16435438112,95773.9672202,7022,False
5542c301,pf_quadratic,5,-10,-10,5.32769259633,101928.051468,7022,False
5542c301,trellis_quadratic,5,-10,-10,6.78495738192,165314.007208,7022,False
5542c301,e006_hinge_025,10,20,-60,3.84878260512,53193.9410013,8350,True
5542c301,e006_hinge_050,10,0,-20,4.11530385648,60816.1914598,8492,False
5542c301,e006_hinge_075,10,0,-40,5.05753604038,91853.0068419,8625,False
5542c301,e006_jump_025,10,-20,10,4.15469377199,61985.9758972,6485,False
5542c301,e006_jump_050,10,10,-10,4.03920430193,58587.7804713,7077,False
5542c301,e006_jump_075,10,-10,0,5.36987650624,103548.545129,6520,False
5542c301,dtw_derivative,0,0,0,5.56763626267,111315.87763,0,False
5567d551,last_known_tvt,0,0,0,10.2894922168,729363.5754,0,False
5567d551,e004_geometry_prefix,0,0,0,10.6863391087,786708.944195,0,False
5567d551,align_visible_path,0,0,0,10.6863391087,786708.944195,0,False
5567d551,pf_gr_path,0,0,0,8.99620268328,557538.224468,0,False
5567d551,trellis_gr_path,0,0,0,10.1861491528,714786.344509,0,False
5567d551,e006_nested_fusion,0,0,0,9.45483726514,615834.905776,0,False
5567d551,wide64_anchor,0,0,0,8.43967510816,490690.490651,0,False
5567d551,e006_affine,-5,10,0,6.51875272758,292742.110643,276,False
5567d551,e006_quadratic,-5,10,0,6.51875272758,292742.110643,5957,False
5567d551,wide64_quadratic,-5,10,0,6.94124305707,331917.911316,5957,False
5567d551,pf_quadratic,-5,10,0,6.58726002494,298927.451048,5957,False
5567d551,trellis_quadratic,-5,10,0,7.06064148422,343434.962124,5957,False
5567d551,e006_hinge_025,-5,20,-30,6.43767928346,285505.749581,6509,False
5567d551,e006_hinge_050,-5,10,-10,6.45980906182,287471.99803,6650,False
5567d551,e006_hinge_075,-5,0,70,6.43874603822,285600.376802,6761,False
5567d551,e006_jump_025,-5,10,0,6.51875272758,292742.110643,5141,False
5567d551,e006_jump_050,-5,20,-10,5.92531784806,241868.598736,5479,True
5567d551,e006_jump_075,-5,10,0,6.51875272758,292742.110643,5135,False
5567d551,dtw_derivative,0,0,0,6.99369833279,336953.502973,0,False
55efee7f,last_known_tvt,0,0,0,25.8351560935,3204452.8491,0,False
55efee7f,e004_geometry_prefix,0,0,0,23.7040402596,2697593.19975,0,False
55efee7f,align_visible_path,0,0,0,23.7040402596,2697593.19975,0,False
55efee7f,pf_gr_path,0,0,0,21.1724773053,2152162.49097,0,False
55efee7f,trellis_gr_path,0,0,0,24.642942018,2915525.31284,0,False
55efee7f,e006_nested_fusion,0,0,0,22.9762308532,2534482.39144,0,False
55efee7f,wide64_anchor,0,0,0,24.5049398646,2882962.46535,0,False
55efee7f,e006_affine,-15,10,0,18.1203673985,1576397.37806,226,False
55efee7f,e006_quadratic,-15,10,60,6.71618529517,216559.402756,4854,False
55efee7f,wide64_quadratic,-15,10,60,6.55800841229,206478.884286,4854,False
55efee7f,pf_quadratic,-10,10,60,6.47840518272,201496.691549,5407,True
55efee7f,trellis_quadratic,-15,10,50,7.95505750616,303821.394586,4853,False
55efee7f,e006_hinge_025,-15,-40,120,15.0861478112,1092668.4996,5151,False
55efee7f,e006_hinge_050,-15,-20,120,10.0493311757,484848.463036,5347,False
55efee7f,e006_hinge_075,-15,0,120,13.8668893393,923187.266376,5516,False
55efee7f,e006_jump_025,-15,40,-30,11.6800227594,654966.4949,4263,False
55efee7f,e006_jump_050,-15,20,-10,17.9989077046,1555335.21775,4419,False
55efee7f,e006_jump_075,-15,-20,30,8.28534617338,329574.060782,4120,False
55efee7f,dtw_derivative,0,0,0,31.527748404,4772188.81217,0,False
5663b2b7,last_known_tvt,0,0,0,16.2840940586,1318433.7884,0,False
5663b2b7,e004_geometry_prefix,0,0,0,17.4483383071,1513698.10213,0,False
5663b2b7,align_visible_path,0,0,0,24.6957645264,3032327.26573,0,False
5663b2b7,pf_gr_path,0,0,0,20.3990592603,2068956.68821,0,False
5663b2b7,trellis_gr_path,0,0,0,17.4127180804,1507524.0777,0,False
5663b2b7,e006_nested_fusion,0,0,0,19.0038301743,1795615.73076,0,False
5663b2b7,wide64_anchor,0,0,0,17.5194333954,1526058.67719,0,False
5663b2b7,e006_affine,-15,20,0,10.6332909881,562168.513629,227,False
5663b2b7,e006_quadratic,-15,20,10,9.86774917234,484135.939377,4874,False
5663b2b7,wide64_quadratic,-10,20,10,9.67392213672,465303.473991,5427,False
5663b2b7,pf_quadratic,-15,20,10,9.74855609646,472510.768142,4874,False
5663b2b7,trellis_quadratic,-10,20,10,9.48098341233,446928.339023,5427,False
5663b2b7,e006_hinge_025,-15,-30,110,7.38176021936,270926.188931,5175,False
5663b2b7,e006_hinge_050,-15,0,60,9.66519860309,464464.670393,5391,False
5663b2b7,e006_hinge_075,-15,20,-30,10.4317292771,541057.891237,5551,False
5663b2b7,e006_jump_025,-15,30,-10,9.33552581728,433319.954242,4245,False
5663b2b7,e006_jump_050,-15,-10,20,6.87295806245,234865.11117,4347,False
5663b2b7,e006_jump_075,-15,20,0,10.6332909881,562168.513629,4205,False
5663b2b7,dtw_derivative,0,0,0,4.44139142473,98077.4621204,0,True
5693dde2,last_known_tvt,0,0,0,6.95783505376,168859.2026,0,False
5693dde2,e004_geometry_prefix,0,0,0,11.2851617714,444213.808208,0,False
5693dde2,align_visible_path,0,0,0,4.39085830206,67247.3725612,0,False
5693dde2,pf_gr_path,0,0,0,6.64431550453,153984.486691,0,False
5693dde2,trellis_gr_path,0,0,0,11.1646539214,434777.446181,0,False
5693dde2,e006_nested_fusion,0,0,0,9.36261569128,305753.101168,0,False
5693dde2,wide64_anchor,0,0,0,7.98835294423,222582.474273,0,False
5693dde2,e006_affine,-10,0,0,4.36646950249,66502.4030356,250,False
5693dde2,e006_quadratic,-10,0,0,4.36646950249,66502.4030356,5376,False
5693dde2,wide64_quadratic,-5,0,0,4.48346770348,70113.9714768,5932,False
5693dde2,pf_quadratic,-5,0,0,3.84991566098,51698.6148813,5932,False
5693dde2,trellis_quadratic,-10,-10,0,5.80246357103,117436.019224,5351,False
5693dde2,e006_hinge_025,-10,-20,40,3.09174926018,33341.4902456,5802,True
5693dde2,e006_hinge_050,-10,-10,20,4.00133681769,55845.3087941,5981,False
5693dde2,e006_hinge_075,-10,0,-20,4.1018180905,58685.2918268,6127,False
5693dde2,e006_jump_025,-10,0,0,4.36646950249,66502.4030356,4650,False
5693dde2,e006_jump_050,-10,-20,10,3.49068416011,42500.8471588,4846,False
5693dde2,e006_jump_075,-10,0,0,4.36646950249,66502.4030356,4636,False
5693dde2,dtw_derivative,0,0,0,69.5679139447,16880854.9414,0,False
56b00794,last_known_tvt,0,0,0,29.9447280172,5438405.054,0,False
56b00794,e004_geometry_prefix,0,0,0,24.5082325111,3642963.23985,0,False
56b00794,align_visible_path,0,0,0,11.3610979255,782837.121937,0,False
56b00794,pf_gr_path,0,0,0,17.003971898,1753604.14077,0,False
56b00794,trellis_gr_path,0,0,0,24.7005098726,3700348.61501,0,False
56b00794,e006_nested_fusion,0,0,0,22.4840884518,3066065.12622,0,False
56b00794,wide64_anchor,0,0,0,22.8460441227,3165576.60493,0,False
56b00794,e006_affine,20,20,0,7.19852529801,314280.818617,402,False
56b00794,e006_quadratic,20,20,-20,5.69106239502,196434.379531,8754,False
56b00794,wide64_quadratic,20,20,-20,5.65926172992,194245.230782,8754,False
56b00794,pf_quadratic,10,20,-20,6.01332916165,219311.173933,7652,False
56b00794,trellis_quadratic,20,20,-10,7.45782715572,337330.36239,8755,False
56b00794,e006_hinge_025,20,40,-60,6.26100519064,237749.128073,9611,False
56b00794,e006_hinge_050,20,30,-60,5.5702048242,188179.857517,9798,False
56b00794,e006_hinge_075,20,20,-90,4.44216340011,119679.527058,9919,True
56b00794,e006_jump_025,20,20,0,7.19852529801,314280.818617,7508,False
56b00794,e006_jump_050,20,0,10,5.78345659125,202864.364917,8094,False
56b00794,e006_jump_075,20,30,-10,5.39719988577,176672.034471,7552,False
56b00794,dtw_derivative,0,0,0,11.138643489,752480.782275,0,False
57796579,last_known_tvt,0,0,0,12.813078335,966990.6111,0,False
57796579,e004_geometry_prefix,0,0,0,16.3556713797,1575622.03919,0,False
57796579,align_visible_path,0,0,0,45.8897857522,12403588.6503,0,False
57796579,pf_gr_path,0,0,0,32.3763107872,6174048.19613,0,False
57796579,trellis_gr_path,0,0,0,14.0368743437,1160529.32549,0,False
57796579,e006_nested_fusion,0,0,0,22.4150071138,2959327.68364,0,False
57796579,wide64_anchor,0,0,0,20.8462760915,2559600.96633,0,False
57796579,e006_affine,20,10,0,7.09526147984,296518.711902,401,False
57796579,e006_quadratic,20,10,10,6.53101016328,251232.612204,8732,False
57796579,wide64_quadratic,20,10,10,6.53517549424,251553.175381,8732,False
57796579,pf_quadratic,30,10,10,6.48466068386,247679.354449,9810,False
57796579,trellis_quadratic,10,0,10,7.66979180799,346483.410566,7605,False
57796579,e006_hinge_025,20,0,20,6.87137867499,278101.326432,9519,False
57796579,e006_hinge_050,20,-10,70,6.1176170906,220434.656928,9711,False
57796579,e006_hinge_075,20,0,70,7.09038038904,296110.880021,9885,False
57796579,e006_jump_025,20,20,-10,4.80246517326,135845.026551,7507,True
57796579,e006_jump_050,20,10,0,7.09526147984,296518.711902,8118,False
57796579,e006_jump_075,20,0,10,6.87525222978,278414.959084,7490,False
57796579,dtw_derivative,0,0,0,52.4689594373,16215121.1391,0,False
577eec7c,last_known_tvt,0,0,0,18.8752875999,1617138.9517,0,False
577eec7c,e004_geometry_prefix,0,0,0,15.5783871314,1101552.41495,0,False
577eec7c,align_visible_path,0,0,0,11.4746201006,597636.088395,0,False
577eec7c,pf_gr_path,0,0,0,12.0138903697,655130.037074,0,False
577eec7c,trellis_gr_path,0,0,0,13.3625044184,810468.063945,0,False
577eec7c,e006_nested_fusion,0,0,0,13.4798034952,824759.459204,0,False
577eec7c,wide64_anchor,0,0,0,12.29589733,686247.284733,0,False
577eec7c,e006_affine,5,-10,0,9.26410351125,389553.383343,324,False
577eec7c,e006_quadratic,5,-10,-20,6.2312373951,176241.742093,7021,False
577eec7c,wide64_quadratic,5,-10,-20,6.16782814463,172673.110155,7021,False
577eec7c,pf_quadratic,0,-10,-20,6.38938396614,185301.168472,6463,False
577eec7c,trellis_quadratic,10,-10,-30,6.75480461206,207102.70209,7576,False
577eec7c,e006_hinge_025,5,40,-120,4.90070301519,109012.663906,7780,True
577eec7c,e006_hinge_050,5,10,-90,6.3697623585,184164.807295,7888,False
577eec7c,e006_hinge_075,5,-10,-60,8.34143305075,315821.374739,7973,False
577eec7c,e006_jump_025,5,-20,10,7.22232758302,236763.389337,6016,False
577eec7c,e006_jump_050,5,0,-10,7.66232211424,266490.046848,6517,False
577eec7c,e006_jump_075,5,0,-10,8.03222043179,292840.68883,6064,False
577eec7c,dtw_derivative,0,0,0,34.9778487344,5553239.10559,0,False
57f05c51,last_known_tvt,0,0,0,36.3244551404,6295172.4828,0,False
57f05c51,e004_geometry_prefix,0,0,0,44.6343663239,9504913.38119,0,False
57f05c51,align_visible_path,0,0,0,35.6446537678,6061752.74376,0,False
57f05c51,pf_gr_path,0,0,0,44.9020261273,9619251.79504,0,False
57f05c51,trellis_gr_path,0,0,0,45.7869614522,10002143.098,0,False
57f05c51,e006_nested_fusion,0,0,0,44.5813211827,9482334.82055,0,False
57f05c51,wide64_anchor,0,0,0,35.7381857317,6093606.69342,0,False
57f05c51,e006_affine,40,20,0,13.0267323169,809618.446415,502,False
57f05c51,e006_quadratic,40,20,-20,11.2241020962,601052.812188,10874,False
57f05c51,wide64_quadratic,30,20,-20,11.240179295,602775.919513,9832,False
57f05c51,pf_quadratic,40,20,-20,11.26368925,605300.088328,10874,False
57f05c51,trellis_quadratic,40,20,-30,12.5800112725,755042.637538,10873,False
57f05c51,e006_hinge_025,40,30,-20,12.993812005,805531.586663,11902,False
57f05c51,e006_hinge_050,40,40,-80,11.6952471904,652571.687456,12207,False
57f05c51,e006_hinge_075,40,30,-120,9.22403447146,405930.095721,12391,True
57f05c51,e006_jump_025,40,10,10,12.6383412572,762060.712292,9312,False
57f05c51,e006_jump_050,40,-10,20,9.42332571285,423660.350997,10017,False
57f05c51,e006_jump_075,40,40,-20,10.6854156965,544743.756166,9403,False
57f05c51,dtw_derivative,0,0,0,10.2466607116,500926.639926,0,False
58850d2c,last_known_tvt,0,0,0,14.8879556227,1107147.857,0,False
58850d2c,e004_geometry_prefix,0,0,0,17.3812840195,1509034.62566,0,False
58850d2c,align_visible_path,0,0,0,17.3812840195,1509034.62566,0,False
58850d2c,pf_gr_path,0,0,0,18.8082588664,1766984.25492,0,False
58850d2c,trellis_gr_path,0,0,0,17.9478029579,1609007.53693,0,False
58850d2c,e006_nested_fusion,0,0,0,18.8750866255,1779563.13113,0,False
58850d2c,wide64_anchor,0,0,0,14.5560417552,1058332.36614,0,False
58850d2c,e006_affine,-20,-10,0,5.57786615084,155407.39103,199,False
58850d2c,e006_quadratic,-20,-10,10,4.15257605603,86133.2200659,4250,False
58850d2c,wide64_quadratic,-15,-10,10,3.97731580391,79016.1098151,4799,False
58850d2c,pf_quadratic,-20,-10,10,3.87070064735,74836.7058896,4250,False
58850d2c,trellis_quadratic,-15,0,20,5.93892555724,176177.829689,4825,False
58850d2c,e006_hinge_025,-20,-40,80,3.07819152726,47328.9390772,4545,True
58850d2c,e006_hinge_050,-20,-20,50,3.61004165892,65096.8418916,4724,False
58850d2c,e006_hinge_075,-20,-10,50,4.63724209282,107412.551066,4860,False
58850d2c,e006_jump_025,-20,0,-10,4.50789172265,101503.833477,3713,False
58850d2c,e006_jump_050,-20,-20,10,5.23029081671,136642.930427,3806,False
58850d2c,e006_jump_075,-20,-20,10,4.7769125232,113980.371805,3647,False
58850d2c,dtw_derivative,0,0,0,34.5268352774,5954551.25959,0,False
58fa8486,last_known_tvt,0,0,0,11.8657010039,630056.9999,0,False
58fa8486,e004_geometry_prefix,0,0,0,13.4208692688,806035.800387,0,False
58fa8486,align_visible_path,0,0,0,30.5145311806,4166836.34393,0,False
58fa8486,pf_gr_path,0,0,0,11.8050901968,623636.691628,0,False
58fa8486,trellis_gr_path,0,0,0,13.4399785043,808332.774325,0,False
58fa8486,e006_nested_fusion,0,0,0,12.618611554,712551.37504,0,False
58fa8486,wide64_anchor,0,0,0,14.7939608159,979404.212892,0,False
58fa8486,e006_affine,-10,-10,0,5.0423091447,113776.34476,249,False
58fa8486,e006_quadratic,-10,-10,0,5.0423091447,113776.34476,5351,False
58fa8486,wide64_quadratic,-10,-10,0,5.07119957016,115083.866235,5351,False
58fa8486,pf_quadratic,-10,-10,0,4.67816996697,97936.6022232,5351,False
58fa8486,trellis_quadratic,-10,-10,10,5.28795234793,125131.919152,5352,False
58fa8486,e006_hinge_025,-10,-10,-10,4.33582679763,84127.2882351,5822,False
58fa8486,e006_hinge_050,-10,-20,20,4.22257616979,79789.919056,5956,False
58fa8486,e006_hinge_075,-10,-20,70,3.27767066266,48075.4842535,6086,True
58fa8486,e006_jump_025,-10,-10,0,5.0423091447,113776.34476,4628,False
58fa8486,e006_jump_050,-10,0,-10,4.40057254251,86658.548191,4894,False
58fa8486,e006_jump_075,-10,-10,0,5.0423091447,113776.34476,4614,False
58fa8486,dtw_derivative,0,0,0,3.28125163706,48180.590068,0,False
591cc951,last_known_tvt,0,0,0,15.0219948051,1040068.4514,0,False
591cc951,e004_geometry_prefix,0,0,0,13.07010043,787344.063875,0,False
591cc951,align_visible_path,0,0,0,13.07010043,787344.063875,0,False
591cc951,pf_gr_path,0,0,0,22.2841602271,2288754.72049,0,False
591cc951,trellis_gr_path,0,0,0,11.7361597165,634831.8835,0,False
591cc951,e006_nested_fusion,0,0,0,16.6301022372,1274666.42464,0,False
591cc951,wide64_anchor,0,0,0,19.5929279292,1769315.93967,0,False
591cc951,e006_affine,-15,-10,0,4.88597545948,110029.533283,224,False
591cc951,e006_quadratic,-15,-10,10,4.53846150509,94934.489728,4799,False
591cc951,wide64_quadratic,-20,-10,10,5.05179426946,117624.562197,4250,False
591cc951,pf_quadratic,-20,-10,10,4.93221732439,112122.07249,4250,False
591cc951,trellis_quadratic,-10,-10,10,4.46793920983,92007.0739278,5352,False
591cc951,e006_hinge_025,-15,-20,20,4.79651986667,106037.43245,5191,False
591cc951,e006_hinge_050,-15,-20,30,4.37939433526,88396.4476736,5338,False
591cc951,e006_hinge_075,-15,-20,90,3.12573784055,45031.0225536,5463,True
591cc951,e006_jump_025,-15,-10,0,4.88597545948,110029.533283,4159,False
591cc951,e006_jump_050,-15,0,-10,4.50390242462,93494.1966655,4369,False
591cc951,e006_jump_075,-15,-10,0,4.88597545948,110029.533283,4139,False
591cc951,dtw_derivative,0,0,0,15.0083444845,1038179.1128,0,False
593876b6,last_known_tvt,0,0,0,12.2783868637,729974.032,0,False
593876b6,e004_geometry_prefix,0,0,0,6.97830862092,235789.863033,0,False
593876b6,align_visible_path,0,0,0,6.97830862092,235789.863033,0,False
593876b6,pf_gr_path,0,0,0,12.0241303869,700054.963384,0,False
593876b6,trellis_gr_path,0,0,0,8.58989349989,357273.120983,0,False
593876b6,e006_nested_fusion,0,0,0,7.8193442264,296050.261882,0,False
593876b6,wide64_anchor,0,0,0,6.73371851126,219550.636476,0,False
593876b6,e006_affine,5,0,0,6.24707666071,188963.731269,325,False
593876b6,e006_quadratic,5,0,-20,4.34408788657,91373.8640996,7046,False
593876b6,wide64_quadratic,5,0,-20,4.98894330195,120515.226618,7046,False
593876b6,pf_quadratic,10,0,-20,4.04373718366,79175.4660076,7602,False
593876b6,trellis_quadratic,5,-10,-20,4.86848543966,114765.812605,7021,False
593876b6,e006_hinge_025,5,30,-80,4.68667142476,106353.99275,7759,False
593876b6,e006_hinge_050,5,10,-60,4.11284216846,81904.7091423,7891,False
593876b6,e006_hinge_075,5,0,-80,3.02447364188,44291.9084041,7996,True
593876b6,e006_jump_025,5,-20,10,6.07078656236,178449.24441,6016,False
593876b6,e006_jump_050,5,-20,10,6.0659830219,178166.958407,6469,False
593876b6,e006_jump_075,5,10,-10,5.09745742307,125814.877496,6086,False
593876b6,dtw_derivative,0,0,0,13.7209920518,911582.146017,0,False
59f8b2e8,last_known_tvt,0,0,0,6.23538593113,145683.5013,0,False
59f8b2e8,e004_geometry_prefix,0,0,0,7.07468420774,187541.683927,0,False
59f8b2e8,align_visible_path,0,0,0,7.07468420774,187541.683927,0,False
59f8b2e8,pf_gr_path,0,0,0,10.9566119567,449817.403847,0,False
59f8b2e8,trellis_gr_path,0,0,0,7.57366464969,214929.404659,0,False
59f8b2e8,e006_nested_fusion,0,0,0,9.95176636134,371094.088454,0,False
59f8b2e8,wide64_anchor,0,0,0,7.73090829167,223946.735474,0,False
59f8b2e8,e006_affine,-10,0,0,5.17410913735,100312.455904,250,False
59f8b2e8,e006_quadratic,-10,0,10,3.46350722993,44948.5710971,5377,False
59f8b2e8,wide64_quadratic,-5,0,10,3.30145317235,40840.7751555,5933,False
59f8b2e8,pf_quadratic,-10,0,10,3.06958516198,35305.5569408,5377,False
59f8b2e8,trellis_quadratic,-5,0,20,3.84128771847,55288.8260363,5934,False
59f8b2e8,e006_hinge_025,-10,-40,100,2.92901793849,32146.0603768,5758,True
59f8b2e8,e006_hinge_050,-10,-10,50,3.10382866546,36097.6701849,5984,False
59f8b2e8,e006_hinge_075,-10,0,30,4.68321558993,82181.1084568,6132,False
59f8b2e8,e006_jump_025,-10,10,-10,3.38186646279,42854.5168332,4671,False
59f8b2e8,e006_jump_050,-10,0,0,5.17410913735,100312.455904,4895,False
59f8b2e8,e006_jump_075,-10,-10,10,4.18077532704,65493.3721099,4615,False
59f8b2e8,dtw_derivative,0,0,0,32.0085919447,3838988.69369,0,False
5a1a8fd8,last_known_tvt,0,0,0,13.165282168,911687.683,0,False
5a1a8fd8,e004_geometry_prefix,0,0,0,17.7239304296,1652364.35393,0,False
5a1a8fd8,align_visible_path,0,0,0,8.541591543,383763.21482,0,False
5a1a8fd8,pf_gr_path,0,0,0,14.8856829458,1165529.50858,0,False
5a1a8fd8,trellis_gr_path,0,0,0,19.7409900374,2049857.17708,0,False
5a1a8fd8,e006_nested_fusion,0,0,0,18.2077053899,1743798.01707,0,False
5a1a8fd8,wide64_anchor,0,0,0,16.6977927116,1466573.64038,0,False
5a1a8fd8,e006_affine,-15,0,0,7.71993219422,313482.077219,225,False
5a1a8fd8,e006_quadratic,-15,0,10,6.85773943922,247370.384538,4824,False
5a1a8fd8,wide64_quadratic,-15,0,10,6.67791959976,234567.649551,4824,False
5a1a8fd8,pf_quadratic,-15,0,10,7.04542717558,261096.111895,4824,False
5a1a8fd8,trellis_quadratic,-20,0,20,6.79939221667,243178.923555,4276,False
5a1a8fd8,e006_hinge_025,-15,-50,120,4.51194468792,107081.211999,5126,True
5a1a8fd8,e006_hinge_050,-15,-10,40,7.17364799098,270686.046122,5364,False
5a1a8fd8,e006_hinge_075,-15,0,10,7.69190031813,311209.638451,5505,False
5a1a8fd8,e006_jump_025,-15,10,-10,6.87496212292,248614.448047,4202,False
5a1a8fd8,e006_jump_050,-15,-10,10,7.11520505927,266293.512366,4346,False
5a1a8fd8,e006_jump_075,-15,0,0,7.71993219422,313482.077219,4161,False
5a1a8fd8,dtw_derivative,0,0,0,13.7796603218,998763.742946,0,False
5a5269a9,last_known_tvt,0,0,0,5.8631050436,223890.8929,0,False
5a5269a9,e004_geometry_prefix,0,0,0,9.47388780351,584571.384889,0,False
5a5269a9,align_visible_path,0,0,0,6.89824585779,309926.288791,0,False
5a5269a9,pf_gr_path,0,0,0,5.73273780339,214045.073371,0,False
5a5269a9,trellis_gr_path,0,0,0,7.9827841637,415039.902487,0,False
5a5269a9,e006_nested_fusion,0,0,0,7.04532450153,323283.158423,0,False
5a5269a9,wide64_anchor,0,0,0,6.68096975241,290710.079051,0,False
5a5269a9,e006_affine,-5,-10,0,5.65566098382,208328.082081,274,False
5a5269a9,e006_quadratic,-5,-10,-10,5.64766237173,207739.235896,5906,False
5a5269a9,wide64_quadratic,5,-10,-10,5.83831449389,222001.571752,7022,False
5a5269a9,pf_quadratic,0,0,-10,5.7248468821,213456.227187,6489,False
5a5269a9,trellis_quadratic,-5,0,-10,6.22705121296,252549.174425,5931,False
5a5269a9,e006_hinge_025,-5,10,-40,4.75913673102,147515.427731,6483,True
5a5269a9,e006_hinge_050,-5,0,-20,4.90612188759,156768.118259,6624,False
5a5269a9,e006_hinge_075,-5,0,-40,5.36834123481,187698.717626,6750,False
5a5269a9,e006_jump_025,-5,-10,0,5.65566098382,208328.082081,5097,False
5a5269a9,e006_jump_050,-5,10,-10,4.95721194586,160050.138149,5454,False
5a5269a9,e006_jump_075,-5,-10,0,5.65566098382,208328.082081,5091,False
5a5269a9,dtw_derivative,0,0,0,13.0743323786,1113320.28262,0,False
5a5d1982,last_known_tvt,0,0,0,7.10665293564,196664.5851,0,False
5a5d1982,e004_geometry_prefix,0,0,0,6.56617598497,167888.513554,0,False
5a5d1982,align_visible_path,0,0,0,9.78712596546,372997.828181,0,False
5a5d1982,pf_gr_path,0,0,0,7.57691982059,223553.42619,0,False
5a5d1982,trellis_gr_path,0,0,0,6.9200985588,186474.953263,0,False
5a5d1982,e006_nested_fusion,0,0,0,6.75781925019,177831.663245,0,False
5a5d1982,wide64_anchor,0,0,0,6.91574635351,186240.470456,0,False
5a5d1982,e006_affine,0,10,0,3.97335109759,61476.5987707,301,False
5a5d1982,e006_quadratic,0,10,10,2.04098411361,16220.9092959,6516,False
5a5d1982,wide64_quadratic,0,10,10,2.51496376907,24629.7165065,6516,False
5a5d1982,pf_quadratic,0,10,10,2.1764474067,18445.5793852,6516,False
5a5d1982,trellis_quadratic,-5,10,10,5.77797174004,130001.024227,5958,False
5a5d1982,e006_hinge_025,0,-20,70,1.60583866652,10041.5272023,7034,True
5a5d1982,e006_hinge_050,0,0,40,2.23761075918,19496.876036,7253,False
5a5d1982,e006_hinge_075,0,10,20,3.71759873044,53817.1840084,7406,False
5a5d1982,e006_jump_025,0,20,-10,3.26398801607,41485.1875926,5632,False
5a5d1982,e006_jump_050,0,10,0,3.97335109759,61476.5987707,5999,False
5a5d1982,e006_jump_075,0,10,0,3.97335109759,61476.5987707,5611,False
5a5d1982,dtw_derivative,0,0,0,42.5356285775,7045335.14589,0,False
5a63b5d1,last_known_tvt,0,0,0,19.4492455071,2351724.1785,0,False
5a63b5d1,e004_geometry_prefix,0,0,0,19.1077875683,2269873.61196,0,False
5a63b5d1,align_visible_path,0,0,0,11.3822621548,805448.979078,0,False
5a63b5d1,pf_gr_path,0,0,0,14.6878832106,1341217.73842,0,False
5a63b5d1,trellis_gr_path,0,0,0,21.6343046748,2909824.19369,0,False
5a63b5d1,e006_nested_fusion,0,0,0,16.4941644741,1691381.23938,0,False
5a63b5d1,wide64_anchor,0,0,0,16.3034578678,1652495.62493,0,False
5a63b5d1,e006_affine,-15,0,0,8.99619357874,503151.1287,225,False
5a63b5d1,e006_quadratic,-15,0,20,7.24717863567,326526.775869,4825,False
5a63b5d1,wide64_quadratic,-15,0,20,7.28605771008,330039.621947,4825,False
5a63b5d1,pf_quadratic,-10,0,20,7.05198737557,309174.679801,5378,False
5a63b5d1,trellis_quadratic,-20,-10,20,6.88068593077,294336.646304,4251,False
5a63b5d1,e006_hinge_025,-15,-50,110,6.80468757923,287870.557058,5125,False
5a63b5d1,e006_hinge_050,-15,-20,60,7.63067497764,361998.506219,5341,False
5a63b5d1,e006_hinge_075,-15,-10,100,6.40342449925,254920.90634,5489,True
5a63b5d1,e006_jump_025,-15,10,-10,8.68015272443,468420.184053,4202,False
5a63b5d1,e006_jump_050,-15,10,-10,8.76907264293,478066.3799,4394,False
5a63b5d1,e006_jump_075,-15,-20,10,7.96382192457,394297.431621,4118,False
5a63b5d1,dtw_derivative,0,0,0,22.6736278059,3196118.65463,0,False
5aa03df7,last_known_tvt,0,0,0,6.58601427636,211282.4699,0,False
5aa03df7,e004_geometry_prefix,0,0,0,5.86459703015,167530.730346,0,False
5aa03df7,align_visible_path,0,0,0,20.7875152451,2104860.36841,0,False
5aa03df7,pf_gr_path,0,0,0,5.91265005901,170287.387039,0,False
5aa03df7,trellis_gr_path,0,0,0,6.91476703222,232902.009148,0,False
5aa03df7,e006_nested_fusion,0,0,0,5.90860882015,170054.687041,0,False
5aa03df7,wide64_anchor,0,0,0,5.89824123808,169458.435301,0,False
5aa03df7,e006_affine,0,0,0,5.90860882015,170054.687041,300,False
5aa03df7,e006_quadratic,0,0,10,5.88665696854,168793.449122,6491,False
5aa03df7,wide64_quadratic,0,0,10,5.87625065653,168197.197382,6491,False
5aa03df7,pf_quadratic,0,0,10,5.89071326717,169026.149119,6491,False
5aa03df7,trellis_quadratic,0,0,10,6.77721001756,223727.833855,6491,False
5aa03df7,e006_hinge_025,0,-10,30,5.4039377614,142245.588556,7055,False
5aa03df7,e006_hinge_050,0,0,10,5.66944571923,156566.676512,7250,False
5aa03df7,e006_hinge_075,0,0,40,5.23117504829,133295.852111,7383,True
5aa03df7,e006_jump_025,0,0,0,5.90860882015,170054.687041,5589,False
5aa03df7,e006_jump_050,0,0,0,5.90860882015,170054.687041,5974,False
5aa03df7,e006_jump_075,0,0,0,5.90860882015,170054.687041,5589,False
5aa03df7,dtw_derivative,0,0,0,17.4166497286,1477567.61913,0,False
5aa403d0,last_known_tvt,0,0,0,25.6844786063,2056921.0319,0,False
5aa403d0,e004_geometry_prefix,0,0,0,23.0544097698,1657235.11506,0,False
5aa403d0,align_visible_path,0,0,0,23.0544097698,1657235.11506,0,False
5aa403d0,pf_gr_path,0,0,0,21.648489003,1461272.76332,0,False
5aa403d0,trellis_gr_path,0,0,0,21.779375645,1478995.87247,0,False
5aa403d0,e006_nested_fusion,0,0,0,21.7989479865,1481655.30768,0,False
5aa403d0,wide64_anchor,0,0,0,18.0925039743,1020642.06678,0,False
5aa403d0,e006_affine,20,10,0,5.0363503932,79087.5252325,401,False
5aa403d0,e006_quadratic,20,10,-10,2.90585154584,26328.3084578,8730,False
5aa403d0,wide64_quadratic,15,10,-10,3.08808369787,29734.0615642,8181,False
5aa403d0,pf_quadratic,20,10,-10,2.82401386716,24866.2193757,8730,False
5aa403d0,trellis_quadratic,20,10,-10,3.1465358018,30870.3437872,8730,False
5aa403d0,e006_hinge_025,20,50,-90,2.75955756555,23744.0625118,9633,False
5aa403d0,e006_hinge_050,20,30,-70,2.64235963339,21770.0768996,9797,False
5aa403d0,e006_hinge_075,20,20,-80,4.25715306939,56508.6123349,9920,False
5aa403d0,e006_jump_025,20,0,10,1.76958404725,9763.79156953,7465,True
5aa403d0,e006_jump_050,20,10,0,5.0363503932,79087.5252325,8118,False
5aa403d0,e006_jump_075,20,20,-10,4.19637915308,54906.7265528,7531,False
5aa403d0,dtw_derivative,0,0,0,16.7735038176,877250.641732,0,False
5aef5c6c,last_known_tvt,0,0,0,10.9262588236,372594.7546,0,False
5aef5c6c,e004_geometry_prefix,0,0,0,9.79468143025,299415.582863,0,False
5aef5c6c,align_visible_path,0,0,0,12.0232871447,451169.992777,0,False
5aef5c6c,pf_gr_path,0,0,0,9.45832105365,279204.151757,0,False
5aef5c6c,trellis_gr_path,0,0,0,11.4252294735,407402.445654,0,False
5aef5c6c,e006_nested_fusion,0,0,0,9.61660544223,288627.271822,0,False
5aef5c6c,wide64_anchor,0,0,0,13.1318919823,538205.79814,0,False
5aef5c6c,e006_affine,0,0,0,9.61660544223,288627.271822,300,False
5aef5c6c,e006_quadratic,0,0,-10,9.4563447098,279087.4829,6489,False
5aef5c6c,wide64_quadratic,-10,0,-10,9.32581166135,271435.751769,5375,False
5aef5c6c,pf_quadratic,0,0,-10,9.29533174196,269664.362834,6489,False
5aef5c6c,trellis_quadratic,0,0,0,11.4252294735,407402.445654,6490,False
5aef5c6c,e006_hinge_025,0,-10,20,9.46024623116,279317.823572,7054,False
5aef5c6c,e006_hinge_050,0,10,-40,9.37858629082,274516.546021,7270,False
5aef5c6c,e006_hinge_075,0,10,-120,8.3932689572,219864.973982,7392,False
5aef5c6c,e006_jump_025,0,0,0,9.61660544223,288627.271822,5589,False
5aef5c6c,e006_jump_050,0,-30,20,4.41212842247,60756.1237924,5901,True
5aef5c6c,e006_jump_075,0,10,-10,8.98009805395,251684.184664,5610,False
5aef5c6c,dtw_derivative,0,0,0,77.0449830745,18526035.7103,0,False
5b7b6324,last_known_tvt,0,0,0,17.6732262297,2050218.9621,0,False
5b7b6324,e004_geometry_prefix,0,0,0,17.1210034717,1924097.17984,0,False
5b7b6324,align_visible_path,0,0,0,34.6973547668,7902441.79215,0,False
5b7b6324,pf_gr_path,0,0,0,18.9788589808,2364333.68703,0,False
5b7b6324,trellis_gr_path,0,0,0,16.6298561111,1815288.07811,0,False
5b7b6324,e006_nested_fusion,0,0,0,17.9147629913,2106641.84364,0,False
5b7b6324,wide64_anchor,0,0,0,20.8470171447,2852702.08483,0,False
5b7b6324,e006_affine,15,20,0,5.84048374102,223906.24716,377,False
5b7b6324,e006_quadratic,15,20,10,5.4888749595,197758.53998,8208,False
5b7b6324,wide64_quadratic,15,20,10,5.82280940157,222553.137622,8208,False
5b7b6324,pf_quadratic,15,20,10,5.26732192116,182116.080972,8208,False
5b7b6324,trellis_quadratic,10,20,10,5.5769168336,204153.536986,7655,False
5b7b6324,e006_hinge_025,15,0,40,5.07780915074,169247.132843,8919,False
5b7b6324,e006_hinge_050,15,10,30,5.32392115849,186050.911998,9141,False
5b7b6324,e006_hinge_075,15,20,0,5.84048374102,223906.24716,9304,False
5b7b6324,e006_jump_025,15,30,-10,4.89221261555,157101.097426,7062,False
5b7b6324,e006_jump_050,15,0,10,4.48198593048,131858.930891,7579,True
5b7b6324,e006_jump_075,15,20,0,5.84048374102,223906.24716,7061,False
5b7b6324,dtw_derivative,0,0,0,21.4041912693,3007227.04715,0,False
5bd25f59,last_known_tvt,0,0,0,4.33841271586,79239.8828,0,False
5bd25f59,e004_geometry_prefix,0,0,0,3.75646110885,59407.3102624,0,False
5bd25f59,align_visible_path,0,0,0,12.2829426025,635165.558493,0,False
5bd25f59,pf_gr_path,0,0,0,15.0280432074,950795.167935,0,False
5bd25f59,trellis_gr_path,0,0,0,3.07446591534,39794.354198,0,False
5bd25f59,e006_nested_fusion,0,0,0,9.80646644167,404862.160942,0,False
5bd25f59,wide64_anchor,0,0,0,14.5208127312,887695.350003,0,False
5bd25f59,e006_affine,-10,0,0,3.18768102434,42779.1164176,250,False
5bd25f59,e006_quadratic,-10,0,0,3.18768102434,42779.1164176,5376,False
5bd25f59,wide64_quadratic,-15,0,0,3.21523770143,43521.9421369,4823,False
5bd25f59,pf_quadratic,-15,0,0,3.13641660865,41414.2294921,4823,False
5bd25f59,trellis_quadratic,0,0,0,3.07446591534,39794.354198,6490,False
5bd25f59,e006_hinge_025,-10,-20,50,2.92483682503,36015.1626074,5803,True
5bd25f59,e006_hinge_050,-10,0,0,3.18768102434,42779.1164176,6004,False
5bd25f59,e006_hinge_075,-10,0,0,3.18768102434,42779.1164176,6129,False
5bd25f59,e006_jump_025,-10,0,0,3.18768102434,42779.1164176,4650,False
5bd25f59,e006_jump_050,-10,0,0,3.18768102434,42779.1164176,4895,False
5bd25f59,e006_jump_075,-10,0,0,3.18768102434,42779.1164176,4636,False
5bd25f59,dtw_derivative,0,0,0,5.7137599182,137444.090616,0,False
5beded95,last_known_tvt,0,0,0,16.644328328,846891.9154,0,False
5beded95,e004_geometry_prefix,0,0,0,14.3511531594,629606.260041,0,False
5beded95,align_visible_path,0,0,0,23.6480914618,1709572.92646,0,False
5beded95,pf_gr_path,0,0,0,16.2486059448,807100.565568,0,False
5beded95,trellis_gr_path,0,0,0,10.2775540362,322905.153569,0,False
5beded95,e006_nested_fusion,0,0,0,14.8080615581,670334.946487,0,False
5beded95,wide64_anchor,0,0,0,18.7874035329,1079018.68682,0,False
5beded95,e006_affine,-15,0,0,6.97864521036,148880.451788,225,False
5beded95,e006_quadratic,-15,0,20,5.21326873113,83083.6683282,4825,False
5beded95,wide64_quadratic,-20,0,20,5.47286539601,91564.0455003,4276,False
5beded95,pf_quadratic,-15,0,20,4.80418217005,70556.0684494,4825,False
5beded95,trellis_quadratic,-10,0,20,5.75124860649,101115.962652,5378,False
5beded95,e006_hinge_025,-15,-50,110,3.27203652785,32728.923832,5125,True
5beded95,e006_hinge_050,-15,-20,70,4.90187847464,73454.8572575,5342,False
5beded95,e006_hinge_075,-15,-10,70,6.71523354303,137853.46322,5486,False
5beded95,e006_jump_025,-15,10,-10,4.28144272778,56037.1083482,4202,False
5beded95,e006_jump_050,-15,-20,10,5.6757189465,98477.5424559,4321,False
5beded95,e006_jump_075,-15,-10,10,6.38569085737,124655.434898,4140,False
5beded95,dtw_derivative,0,0,0,8.61552248192,226912.634885,0,False
5cb483ac,last_known_tvt,0,0,0,6.11407502372,143995.1304,0,False
5cb483ac,e004_geometry_prefix,0,0,0,5.55705491814,118953.070267,0,False
5cb483ac,align_visible_path,0,0,0,12.7543591317,626619.003269,0,False
5cb483ac,pf_gr_path,0,0,0,5.85973426745,132264.142859,0,False
5cb483ac,trellis_gr_path,0,0,0,7.03584485542,190685.990619,0,False
5cb483ac,e006_nested_fusion,0,0,0,5.69555114589,124956.194599,0,False
5cb483ac,wide64_anchor,0,0,0,5.80216107699,129677.861825,0,False
5cb483ac,e006_affine,0,10,0,5.21364636911,104705.481796,301,False
5cb483ac,e006_quadratic,0,10,0,5.21364636911,104705.481796,6515,False
5cb483ac,wide64_quadratic,0,10,0,5.32990419895,109427.149022,6515,False
5cb483ac,pf_quadratic,-5,10,0,5.2985615984,108143.956306,5957,False
5cb483ac,trellis_quadratic,-5,0,0,4.96425499473,94928.0241183,5932,False
5cb483ac,e006_hinge_025,0,-10,40,4.56729271632,80353.3469383,7056,False
5cb483ac,e006_hinge_050,0,10,-10,4.70257384507,85183.9013595,7273,False
5cb483ac,e006_hinge_075,0,10,-50,4.26510080726,70072.0590198,7399,False
5cb483ac,e006_jump_025,0,10,0,5.21364636911,104705.481796,5611,False
5cb483ac,e006_jump_050,0,-10,10,3.12215612833,37548.7524429,5950,True
5cb483ac,e006_jump_075,0,10,0,5.21364636911,104705.481796,5611,False
5cb483ac,dtw_derivative,0,0,0,34.0873192828,4475813.43384,0,False
5cdd8dbc,last_known_tvt,0,0,0,17.2316605139,1190689.7975,0,False
5cdd8dbc,e004_geometry_prefix,0,0,0,17.5492722244,1234987.59198,0,False
5cdd8dbc,align_visible_path,0,0,0,13.482586006,728938.302889,0,False
5cdd8dbc,pf_gr_path,0,0,0,16.7767400458,1128650.61633,0,False
5cdd8dbc,trellis_gr_path,0,0,0,20.2032697075,1636770.14856,0,False
5cdd8dbc,e006_nested_fusion,0,0,0,17.017228681,1161240.14864,0,False
5cdd8dbc,wide64_anchor,0,0,0,22.2455157741,1984400.51795,0,False
5cdd8dbc,e006_affine,10,20,0,3.95216593461,62634.6584544,352,False
5cdd8dbc,e006_quadratic,10,20,10,3.25738921644,42548.4438746,7655,False
5cdd8dbc,wide64_quadratic,20,20,10,4.09472810513,67234.8610023,8757,False
5cdd8dbc,pf_quadratic,10,20,10,3.40040589116,46366.6685009,7655,False
5cdd8dbc,trellis_quadratic,15,20,20,7.29416299461,213351.303306,8209,False
5cdd8dbc,e006_hinge_025,10,10,30,3.00370299743,36179.149104,8334,False
5cdd8dbc,e006_hinge_050,10,20,20,3.21687424676,41496.6024769,8546,False
5cdd8dbc,e006_hinge_075,10,20,40,2.9514041138,34930.2528343,8683,True
5cdd8dbc,e006_jump_025,10,20,0,3.95216593461,62634.6584544,6572,False
5cdd8dbc,e006_jump_050,10,20,0,3.95216593461,62634.6584544,7103,False
5cdd8dbc,e006_jump_075,10,20,0,3.95216593461,62634.6584544,6586,False
5cdd8dbc,dtw_derivative,0,0,0,24.9762388475,2501488.15294,0,False
5d11dfb5,last_known_tvt,0,0,0,9.75837707241,561356.8166,0,False
5d11dfb5,e004_geometry_prefix,0,0,0,10.2441439059,618635.945331,0,False
5d11dfb5,align_visible_path,0,0,0,13.1414269671,1018049.4206,0,False
5d11dfb5,pf_gr_path,0,0,0,11.9607483611,843335.760498,0,False
5d11dfb5,trellis_gr_path,0,0,0,11.1894999175,738082.935043,0,False
5d11dfb5,e006_nested_fusion,0,0,0,11.0581693365,720858.927991,0,False
5d11dfb5,wide64_anchor,0,0,0,10.2467428059,618949.876277,0,False
5d11dfb5,e006_affine,5,0,0,9.76218832028,561795.39112,325,False
5d11dfb5,e006_quadratic,5,0,-10,9.34656647853,514977.207607,7047,False
5d11dfb5,wide64_quadratic,5,0,-10,9.53169399972,535579.558022,7047,False
5d11dfb5,pf_quadratic,5,0,-10,9.53572185673,536032.298884,7047,False
5d11dfb5,trellis_quadratic,5,0,-10,10.6044465784,662918.023239,7047,False
5d11dfb5,e006_hinge_025,5,0,0,9.76218832028,561795.39112,7692,False
5d11dfb5,e006_hinge_050,5,10,-30,9.73319094351,558462.860033,7894,False
5d11dfb5,e006_hinge_075,5,10,-120,6.99962136448,288823.752055,8017,True
5d11dfb5,e006_jump_025,5,0,0,9.76218832028,561795.39112,6059,False
5d11dfb5,e006_jump_050,5,-30,20,7.42973443623,325409.622609,6445,False
5d11dfb5,e006_jump_075,5,10,-10,9.6112027809,544551.91539,6086,False
5d11dfb5,dtw_derivative,0,0,0,11.8814111234,832184.949024,0,False
5d7198fd,last_known_tvt,0,0,0,13.3664554699,601734.06,0,False
5d7198fd,e004_geometry_prefix,0,0,0,12.5440783403,529967.939938,0,False
5d7198fd,align_visible_path,0,0,0,12.5440783403,529967.939938,0,False
5d7198fd,pf_gr_path,0,0,0,12.5932795766,534133.445588,0,False
5d7198fd,trellis_gr_path,0,0,0,13.5304419239,616589.387953,0,False
5d7198fd,e006_nested_fusion,0,0,0,13.3209735214,597645.99416,0,False
5d7198fd,wide64_anchor,0,0,0,15.055076717,763375.168131,0,False
5d7198fd,e006_affine,-10,-20,0,6.27625814395,132670.290063,248,False
5d7198fd,e006_quadratic,-10,-20,-10,4.78301889116,77050.6443939,5325,False
5d7198fd,wide64_quadratic,-10,-20,-10,4.27990715326,61693.6944501,5325,False
5d7198fd,pf_quadratic,-5,-20,-10,5.16814064982,89958.1947505,5881,False
5d7198fd,trellis_quadratic,-10,-20,-10,6.12753785638,126457.353571,5325,False
5d7198fd,e006_hinge_025,-10,30,-110,3.49938589284,41243.5230796,5912,True
5d7198fd,e006_hinge_050,-10,0,-60,3.80855311414,48853.0987406,5998,False
5d7198fd,e006_hinge_075,-10,-10,-60,5.71708544122,110083.302093,6098,False
5d7198fd,e006_jump_025,-10,-30,10,4.56630615977,70226.67975,4585,False
5d7198fd,e006_jump_050,-10,0,-10,5.85504057232,115460.092349,4894,False
5d7198fd,e006_jump_075,-10,-10,-10,5.54148036106,103424.559466,4613,False
5d7198fd,dtw_derivative,0,0,0,30.9693930909,3230259.94275,0,False
5def1ce5,last_known_tvt,0,0,0,8.05241761671,417773.3301,0,False
5def1ce5,e004_geometry_prefix,0,0,0,8.19610788491,432816.156483,0,False
5def1ce5,align_visible_path,0,0,0,8.19610788491,432816.156483,0,False
5def1ce5,pf_gr_path,0,0,0,8.63786105099,480729.262304,0,False
5def1ce5,trellis_gr_path,0,0,0,9.86789497282,627389.387747,0,False
5def1ce5,e006_nested_fusion,0,0,0,7.63153000765,375241.93241,0,False
5def1ce5,wide64_anchor,0,0,0,8.58522337915,474888.147607,0,False
5def1ce5,e006_affine,0,0,0,7.63153000765,375241.93241,300,False
5def1ce5,e006_quadratic,0,0,-10,6.56427417221,277626.907514,6489,False
5def1ce5,wide64_quadratic,5,0,-10,6.63145712246,283338.808442,7047,False
5def1ce5,pf_quadratic,-5,0,-10,6.58099109751,279042.746568,5931,False
5def1ce5,trellis_quadratic,-5,0,-10,8.02496819325,414929.937741,5931,False
5def1ce5,e006_hinge_025,0,50,-120,5.13098012921,169624.584508,7190,True
5def1ce5,e006_hinge_050,0,10,-40,6.92361707827,308854.698416,7270,False
5def1ce5,e006_hinge_075,0,0,-30,7.34329303602,347432.026685,7376,False
5def1ce5,e006_jump_025,0,-10,10,6.04031424152,235075.407306,5568,False
5def1ce5,e006_jump_050,0,10,-10,7.1589068037,330203.406099,5998,False
5def1ce5,e006_jump_075,0,10,-10,7.31248444111,344522.858124,5610,False
5def1ce5,dtw_derivative,0,0,0,40.9661987915,10812832.304,0,False
5eae34a8,last_known_tvt,0,0,0,7.39748464949,268360.5089,0,False
5eae34a8,e004_geometry_prefix,0,0,0,7.06360237105,244682.52235,0,False
5eae34a8,align_visible_path,0,0,0,21.8875120857,2349325.86071,0,False
5eae34a8,pf_gr_path,0,0,0,6.69714071808,219952.706385,0,False
5eae34a8,trellis_gr_path,0,0,0,7.64643571447,286726.96968,0,False
5eae34a8,e006_nested_fusion,0,0,0,6.72611675531,221860.130956,0,False
5eae34a8,wide64_anchor,0,0,0,6.96980899314,238227.676214,0,False
5eae34a8,e006_affine,0,-10,0,6.32732972945,196332.137781,299,False
5eae34a8,e006_quadratic,0,-10,-10,5.3243484293,139021.957108,6464,False
5eae34a8,wide64_quadratic,0,-10,-10,5.6290564921,155389.502365,6464,False
5eae34a8,pf_quadratic,0,0,-10,5.7589303251,162642.525712,6489,False
5eae34a8,trellis_quadratic,0,-10,-10,6.82444289346,228394.094033,6464,False
5eae34a8,e006_hinge_025,0,20,-60,5.06665063882,125890.332405,7121,False
5eae34a8,e006_hinge_050,0,10,-60,4.05531040104,80648.9401688,7268,True
5eae34a8,e006_hinge_075,0,0,-50,5.76271644473,162856.449633,7374,False
5eae34a8,e006_jump_025,0,-20,10,5.26540894639,135961.101852,5546,False
5eae34a8,e006_jump_050,0,-10,0,6.32732972945,196332.137781,5949,False
5eae34a8,e006_jump_075,0,10,-10,5.48912252681,147759.805825,5610,False
5eae34a8,dtw_derivative,0,0,0,78.5029210821,30221923.0647,0,False
5f4d2a52,last_known_tvt,0,0,0,56.9149172585,16925383.2892,0,False
5f4d2a52,e004_geometry_prefix,0,0,0,56.9743421106,16960745.3179,0,False
5f4d2a52,align_visible_path,0,0,0,56.9743421106,16960745.3179,0,False
5f4d2a52,pf_gr_path,0,0,0,48.3609535044,12220135.0296,0,False
5f4d2a52,trellis_gr_path,0,0,0,57.1622065282,17072780.7933,0,False
5f4d2a52,e006_nested_fusion,0,0,0,53.0481093177,14703682.4389,0,False
5f4d2a52,wide64_anchor,0,0,0,49.4248461425,12763710.5497,0,False
5f4d2a52,e006_affine,45,50,0,10.7290389576,601461.647082,529,False
5f4d2a52,e006_quadratic,45,50,-20,8.89037681132,412977.729202,11452,False
5f4d2a52,wide64_quadratic,40,50,-20,8.82215302225,406663.756128,10949,False
5f4d2a52,pf_quadratic,40,50,-20,9.02880993086,425938.91081,10949,False
5f4d2a52,trellis_quadratic,50,50,-10,11.1723579491,652192.766693,11942,False
5f4d2a52,e006_hinge_025,45,60,-30,10.7132753568,599695.554852,12523,False
5f4d2a52,e006_hinge_050,45,70,-80,8.90481614794,414320.297035,12846,False
5f4d2a52,e006_hinge_075,45,60,-120,7.29753851749,278252.507465,13043,True
5f4d2a52,e006_jump_025,45,40,10,10.0671380399,529539.476942,9816,False
5f4d2a52,e006_jump_050,45,30,10,9.71576695457,493219.766269,10564,False
5f4d2a52,e006_jump_075,45,60,-10,9.52450641196,473992.261995,9874,False
5f4d2a52,dtw_derivative,0,0,0,22.2432185024,2585125.01982,0,False
5f6756c5,last_known_tvt,0,0,0,8.57381385968,435989.495,0,False
5f6756c5,e004_geometry_prefix,0,0,0,7.16536881735,304512.428522,0,False
5f6756c5,align_visible_path,0,0,0,16.4695931826,1608768.92013,0,False
5f6756c5,pf_gr_path,0,0,0,8.22715411555,401446.050572,0,False
5f6756c5,trellis_gr_path,0,0,0,8.53621041222,432173.513925,0,False
5f6756c5,e006_nested_fusion,0,0,0,5.89561105253,206151.060248,0,False
5f6756c5,wide64_anchor,0,0,0,6.17344504562,226038.85415,0,False
5f6756c5,e006_affine,0,-10,0,5.41812486184,174110.892797,299,False
5f6756c5,e006_quadratic,0,-10,-10,4.32638480529,111014.118123,6464,False
5f6756c5,wide64_quadratic,0,-10,-10,4.69795695298,130901.912025,6464,False
5f6756c5,pf_quadratic,-5,-10,-10,3.98631904979,94247.9763703,5906,False
5f6756c5,trellis_quadratic,5,-10,-10,5.17853519899,159052.972193,7022,False
5f6756c5,e006_hinge_025,0,20,-60,3.20849655591,61056.3838355,7121,True
5f6756c5,e006_hinge_050,0,10,-60,3.46326648318,71137.6875843,7268,False
5f6756c5,e006_hinge_075,0,0,-50,4.99226877332,147816.815452,7374,False
5f6756c5,e006_jump_025,0,-20,10,4.33043177513,111221.904039,5546,False
5f6756c5,e006_jump_050,0,10,-10,5.00119271564,148345.748402,5998,False
5f6756c5,e006_jump_075,0,-10,0,5.41812486184,174110.892797,5567,False
5f6756c5,dtw_derivative,0,0,0,25.5538862617,3872949.54235,0,False
5f75f796,last_known_tvt,0,0,0,9.23991590626,474861.5676,0,False
5f75f796,e004_geometry_prefix,0,0,0,8.5523346872,406818.187883,0,False
5f75f796,align_visible_path,0,0,0,5.80866877445,187665.400364,0,False
5f75f796,pf_gr_path,0,0,0,6.58455797069,241148.317209,0,False
5f75f796,trellis_gr_path,0,0,0,7.85667875342,343327.804554,0,False
5f75f796,e006_nested_fusion,0,0,0,7.77924468481,336593.595432,0,False
5f75f796,wide64_anchor,0,0,0,14.1312489905,1110688.00545,0,False
5f75f796,e006_affine,5,10,0,3.98143804382,88167.9835637,326,False
5f75f796,e006_quadratic,5,10,10,3.09107238892,53143.3999922,7074,False
5f75f796,wide64_quadratic,15,10,10,3.53962944604,69686.167934,8183,False
5f75f796,pf_quadratic,5,10,10,3.14594601242,55046.9822534,7074,False
5f75f796,trellis_quadratic,5,10,10,4.18251949588,97298.6764323,7074,False
5f75f796,e006_hinge_025,5,-10,40,2.98867670971,49680.8322988,7671,False
5f75f796,e006_hinge_050,5,0,30,2.50043636221,34774.636292,7875,True
5f75f796,e006_hinge_075,5,0,70,2.74109318497,41790.5978623,8011,False
5f75f796,e006_jump_025,5,20,-10,3.92170190524,85542.1463262,6102,False
5f75f796,e006_jump_050,5,10,0,3.98143804382,88167.9835637,6543,False
5f75f796,e006_jump_075,5,10,0,3.98143804382,88167.9835637,6087,False
5f75f796,dtw_derivative,0,0,0,21.5831419091,2590957.66559,0,False
5fb1c15f,last_known_tvt,0,0,0,18.2910825086,956852.1801,0,False
5fb1c15f,e004_geometry_prefix,0,0,0,18.5592595515,985115.88919,0,False
5fb1c15f,align_visible_path,0,0,0,27.9766757596,2238505.94555,0,False
5fb1c15f,pf_gr_path,0,0,0,27.8105770443,2212004.63923,0,False
5fb1c15f,trellis_gr_path,0,0,0,22.3581269997,1429673.51079,0,False
5fb1c15f,e006_nested_fusion,0,0,0,18.6890011738,998937.267541,0,False
5fb1c15f,wide64_anchor,0,0,0,16.7246382817,799980.68337,0,False
5fb1c15f,e006_affine,15,10,0,6.66870064311,127188.685245,376,False
5fb1c15f,e006_quadratic,15,10,-20,3.78080462683,40882.2231712,8180,False
5fb1c15f,wide64_quadratic,15,10,-20,3.17350361699,28803.4180921,8180,False
5fb1c15f,pf_quadratic,25,10,-20,3.61434489822,37361.5786637,9272,False
5fb1c15f,trellis_quadratic,20,10,-30,4.385425596,55003.3989021,8728,False
5fb1c15f,e006_hinge_025,15,60,-120,3.05925862392,26766.9211181,9053,True
5fb1c15f,e006_hinge_050,15,20,-50,4.45938321687,56874.2422103,9158,False
5fb1c15f,e006_hinge_075,15,10,-60,5.43294503652,84418.3104617,9273,False
5fb1c15f,e006_jump_025,15,0,10,4.96828437872,70595.8100501,6998,False
5fb1c15f,e006_jump_050,15,10,0,6.66870064311,127188.685245,7603,False
5fb1c15f,e006_jump_075,15,20,-10,5.43274505156,84412.0957545,7060,False
5fb1c15f,dtw_derivative,0,0,0,28.4871622457,2320942.66065,0,False
5fffa282,last_known_tvt,0,0,0,5.31814865735,118815.6443,0,False
5fffa282,e004_geometry_prefix,0,0,0,3.45604569305,50177.801948,0,False
5fffa282,align_visible_path,0,0,0,28.3748332522,3382356.01195,0,False
5fffa282,pf_gr_path,0,0,0,11.6355576955,568757.438318,0,False
5fffa282,trellis_gr_path,0,0,0,4.96402051439,103518.940102,0,False
5fffa282,e006_nested_fusion,0,0,0,3.73280433625,58536.0123218,0,False
5fffa282,wide64_anchor,0,0,0,2.64737007068,29442.995391,0,True
5fffa282,e006_affine,5,0,0,3.46072481982,50313.7649861,325,False
5fffa282,e006_quadratic,5,0,0,3.46072481982,50313.7649861,7048,False
5fffa282,wide64_quadratic,0,0,0,2.64737007068,29442.995391,6490,False
5fffa282,pf_quadratic,10,0,0,3.01419538012,38167.6552898,7604,False
5fffa282,trellis_quadratic,0,0,0,4.96402051439,103518.940102,6490,False
5fffa282,e006_hinge_025,5,-20,50,3.31135923475,46064.3850225,7647,False
5fffa282,e006_hinge_050,5,0,0,3.46072481982,50313.7649861,7872,False
5fffa282,e006_hinge_075,5,0,0,3.46072481982,50313.7649861,8004,False
5fffa282,e006_jump_025,5,0,0,3.46072481982,50313.7649861,6059,False
5fffa282,e006_jump_050,5,0,0,3.46072481982,50313.7649861,6518,False
5fffa282,e006_jump_075,5,0,0,3.46072481982,50313.7649861,6065,False
5fffa282,dtw_derivative,0,0,0,32.1288724101,4336542.9223,0,False
60e37807,last_known_tvt,0,0,0,20.8742680552,1176048.9454,0,False
60e37807,e004_geometry_prefix,0,0,0,19.2562341371,1000796.09093,0,False
60e37807,align_visible_path,0,0,0,16.2353687783,711421.85109,0,False
60e37807,pf_gr_path,0,0,0,19.794643949,1057543.58056,0,False
60e37807,trellis_gr_path,0,0,0,16.7498086583,757220.88715,0,False
60e37807,e006_nested_fusion,0,0,0,19.427287164,1018655.1942,0,False
60e37807,wide64_anchor,0,0,0,19.8171794771,1059952.90595,0,False
60e37807,e006_affine,10,30,0,7.64210275257,157626.281364,353,False
60e37807,e006_quadratic,10,30,10,6.88655215864,127998.99711,7680,False
60e37807,wide64_quadratic,10,30,10,6.9672948124,131018.088711,7680,False
60e37807,pf_quadratic,10,30,10,6.80586846476,125017.263165,7680,False
60e37807,trellis_quadratic,10,20,10,6.80304726996,124913.639373,7655,False
60e37807,e006_hinge_025,10,-20,110,5.46249347148,80535.0154651,8267,True
60e37807,e006_hinge_050,10,10,60,5.99507944532,97004.6984228,8525,False
60e37807,e006_hinge_075,10,30,-30,7.3838045564,147151.017693,8701,False
60e37807,e006_jump_025,10,40,-10,6.5270912807,114985.282663,6615,False
60e37807,e006_jump_050,10,10,10,6.31901105602,107770.80206,7079,False
60e37807,e006_jump_075,10,10,10,6.80752933921,125078.287946,6565,False
60e37807,dtw_derivative,0,0,0,17.0089259686,780830.315469,0,False
61f27424,last_known_tvt,0,0,0,2.81500099947,49288.7145,0,True
61f27424,e004_geometry_prefix,0,0,0,4.90570602109,149690.218737,0,False
61f27424,align_visible_path,0,0,0,4.90570602109,149690.218737,0,False
61f27424,pf_gr_path,0,0,0,3.25141288963,65755.8855446,0,False
61f27424,trellis_gr_path,0,0,0,5.7938765329,208799.212832,0,False
61f27424,e006_nested_fusion,0,0,0,3.83659788781,91555.1864539,0,False
61f27424,wide64_anchor,0,0,0,4.38476413552,119586.69358,0,False
61f27424,e006_affine,0,0,0,3.83659788781,91555.1864539,300,False
61f27424,e006_quadratic,0,0,0,3.83659788781,91555.1864539,6490,False
61f27424,wide64_quadratic,5,0,0,3.47524393748,75120.9330437,7048,False
61f27424,pf_quadratic,0,0,0,3.25141288963,65755.8855446,6490,False
61f27424,trellis_quadratic,5,0,0,3.60597856103,80879.1661997,7048,False
61f27424,e006_hinge_025,0,-10,20,3.70276980825,85279.3364531,7054,False
61f27424,e006_hinge_050,0,-10,30,3.64090214498,82453.3676303,7227,False
61f27424,e006_hinge_075,0,-10,70,3.26883752489,66462.558313,7361,False
61f27424,e006_jump_025,0,0,0,3.83659788781,91555.1864539,5589,False
61f27424,e006_jump_050,0,0,0,3.83659788781,91555.1864539,5974,False
61f27424,e006_jump_075,0,0,0,3.83659788781,91555.1864539,5589,False
61f27424,dtw_derivative,0,0,0,12.1372201334,916281.340168,0,False
62569ae3,last_known_tvt,0,0,0,8.16346425108,239112.0291,0,False
62569ae3,e004_geometry_prefix,0,0,0,13.230063602,628024.083494,0,False
62569ae3,align_visible_path,0,0,0,7.6652157507,210814.850627,0,False
62569ae3,pf_gr_path,0,0,0,5.28376012456,100170.218341,0,False
62569ae3,trellis_gr_path,0,0,0,13.9303184018,696264.929545,0,False
62569ae3,e006_nested_fusion,0,0,0,8.85083332299,281074.054835,0,False
62569ae3,wide64_anchor,0,0,0,7.03053958994,177349.41109,0,False
62569ae3,e006_affine,-5,-10,0,3.57539373782,45866.9840851,274,False
62569ae3,e006_quadratic,-5,-10,-10,2.27339934984,18544.0204387,5906,False
62569ae3,wide64_quadratic,-5,-10,-10,2.94078309302,31029.7602584,5906,False
62569ae3,pf_quadratic,0,-10,-10,3.00179694385,32330.6961929,6464,False
62569ae3,trellis_quadratic,-10,-20,-10,3.93159348889,55461.2493745,5325,False
62569ae3,e006_hinge_025,-5,20,-70,1.65952629735,9881.45078335,6505,True
62569ae3,e006_hinge_050,-5,0,-40,2.22231414895,17719.9844737,6622,False
62569ae3,e006_hinge_075,-5,-10,-10,3.48569035303,43594.3336071,6728,False
62569ae3,e006_jump_025,-5,-20,10,3.0152441774,32621.0104483,5076,False
62569ae3,e006_jump_050,-5,-10,0,3.57539373782,45866.9840851,5405,False
62569ae3,e006_jump_075,-5,-10,0,3.57539373782,45866.9840851,5091,False
62569ae3,dtw_derivative,0,0,0,6.69246693833,160703.34003,0,False
62a6f539,last_known_tvt,0,0,0,7.86494046333,228438.9664,0,False
62a6f539,e004_geometry_prefix,0,0,0,8.32263206587,255800.093233,0,False
62a6f539,align_visible_path,0,0,0,17.0053662225,1067950.89997,0,False
62a6f539,pf_gr_path,0,0,0,10.7609487276,427642.078693,0,False
62a6f539,trellis_gr_path,0,0,0,9.29272494082,318908.043098,0,False
62a6f539,e006_nested_fusion,0,0,0,9.11787183912,307019.722328,0,False
62a6f539,wide64_anchor,0,0,0,8.95235153227,295974.000256,0,False
62a6f539,e006_affine,-5,0,0,6.12642960326,138609.884852,275,False
62a6f539,e006_quadratic,-5,0,20,3.15394676482,36735.6750614,5934,False
62a6f539,wide64_quadratic,-5,0,20,3.01783816582,33633.4331914,5934,False
62a6f539,pf_quadratic,-10,0,20,3.03111525425,33930.0272151,5378,False
62a6f539,trellis_quadratic,-5,0,20,4.03173763579,60029.3765878,5934,False
62a6f539,e006_hinge_025,-5,-40,100,4.31527867393,68769.6797142,6372,False
62a6f539,e006_hinge_050,-5,-20,90,2.49638364281,23014.5222616,6585,True
62a6f539,e006_hinge_075,-5,0,60,4.81254826463,85532.1726122,6760,False
62a6f539,e006_jump_025,-5,10,-10,4.17616668152,64407.2795847,5140,False
62a6f539,e006_jump_050,-5,0,0,6.12642960326,138609.884852,5430,False
62a6f539,e006_jump_075,-5,-10,10,3.34391649138,41294.3043124,5092,False
62a6f539,dtw_derivative,0,0,0,7.39997840182,202227.499523,0,False
633774dc,last_known_tvt,0,0,0,14.2124299248,1259023.3935,0,False
633774dc,e004_geometry_prefix,0,0,0,13.5123567789,1138044.7364,0,False
633774dc,align_visible_path,0,0,0,9.62492693406,577420.248823,0,False
633774dc,pf_gr_path,0,0,0,15.9916339028,1593979.76798,0,False
633774dc,trellis_gr_path,0,0,0,13.9332907434,1210053.37133,0,False
633774dc,e006_nested_fusion,0,0,0,15.8054314998,1557076.10729,0,False
633774dc,wide64_anchor,0,0,0,17.6997232396,1952675.50378,0,False
633774dc,e006_affine,10,10,0,6.94857357456,300945.911537,351,False
633774dc,e006_quadratic,10,10,-10,6.43654726363,258227.833839,7628,False
633774dc,wide64_quadratic,15,10,-10,6.11127807355,232788.336842,8181,False
633774dc,pf_quadratic,10,10,-10,6.56072211572,268287.484479,7628,False
633774dc,trellis_quadratic,10,20,-10,6.82222313636,290100.82688,7653,False
633774dc,e006_hinge_025,10,30,-40,6.46816602538,260771.091405,8377,False
633774dc,e006_hinge_050,10,30,-60,5.55686742221,192467.407991,8563,False
633774dc,e006_hinge_075,10,20,-50,6.53609982112,266277.505233,8674,False
633774dc,e006_jump_025,10,0,10,5.28489122041,174088.158794,6529,True
633774dc,e006_jump_050,10,10,0,6.94857357456,300945.911537,7078,False
633774dc,e006_jump_075,10,30,-10,6.44145750499,258621.972058,6606,False
633774dc,dtw_derivative,0,0,0,26.7923487896,4474234.10117,0,False
63559d57,last_known_tvt,0,0,0,5.89422051988,141364.5288,0,False
63559d57,e004_geometry_prefix,0,0,0,4.34670557347,76879.0729742,0,False
63559d57,align_visible_path,0,0,0,8.11471815278,267938.159695,0,False
63559d57,pf_gr_path,0,0,0,4.43136424146,79902.9084058,0,False
63559d57,trellis_gr_path,0,0,0,4.6166203071,86723.3418708,0,False
63559d57,e006_nested_fusion,0,0,0,4.24017909364,73157.0341779,0,False
63559d57,wide64_anchor,0,0,0,3.48000497923,49277.358613,0,True
63559d57,e006_affine,-5,0,0,4.22105261064,72498.5332419,275,False
63559d57,e006_quadratic,-5,0,0,4.22105261064,72498.5332419,5932,False
63559d57,wide64_quadratic,0,0,0,3.48000497923,49277.358613,6490,False
63559d57,pf_quadratic,-5,0,0,4.1018778927,68462.5617416,5932,False
63559d57,trellis_quadratic,0,0,0,4.6166203071,86723.3418708,6490,False
63559d57,e006_hinge_025,-5,-10,20,4.19752006467,71692.4218272,6439,False
63559d57,e006_hinge_050,-5,0,0,4.22105261064,72498.5332419,6626,False
63559d57,e006_hinge_075,-5,0,10,4.11997303409,69067.9294747,6755,False
63559d57,e006_jump_025,-5,0,0,4.22105261064,72498.5332419,5119,False
63559d57,e006_jump_050,-5,0,0,4.22105261064,72498.5332419,5430,False
63559d57,e006_jump_075,-5,0,0,4.22105261064,72498.5332419,5113,False
63559d57,dtw_derivative,0,0,0,18.4589010348,1386434.55054,0,False
647f2a41,last_known_tvt,0,0,0,6.54622709294,166312.839,0,False
647f2a41,e004_geometry_prefix,0,0,0,8.3498547348,270583.607552,0,False
647f2a41,align_visible_path,0,0,0,15.7528493075,963078.926124,0,False
647f2a41,pf_gr_path,0,0,0,10.062339302,392953.858921,0,False
647f2a41,trellis_gr_path,0,0,0,6.79314313295,179095.706058,0,False
647f2a41,e006_nested_fusion,0,0,0,12.1463418299,572577.978634,0,False
647f2a41,wide64_anchor,0,0,0,9.53653056322,352959.156326,0,False
647f2a41,e006_affine,-10,-10,0,5.20119811288,104990.604282,249,False
647f2a41,e006_quadratic,-10,-10,-10,4.60080499914,82150.7051701,5350,False
647f2a41,wide64_quadratic,-5,-10,-10,5.03517520609,98394.9516909,5906,False
647f2a41,pf_quadratic,-10,-10,-10,5.09059951017,100573.02329,5350,False
647f2a41,trellis_quadratic,-5,-10,-10,4.62552849713,83035.9893597,5906,False
647f2a41,e006_hinge_025,-10,0,-20,4.91043456809,93580.0988399,5846,False
647f2a41,e006_hinge_050,-10,0,-30,4.31136706157,72139.5853315,6001,False
647f2a41,e006_hinge_075,-10,0,-80,3.54442510542,48756.8063418,6121,True
647f2a41,e006_jump_025,-10,-10,0,5.20119811288,104990.604282,4628,False
647f2a41,e006_jump_050,-10,-20,10,4.22975809331,69434.4025418,4846,False
647f2a41,e006_jump_075,-10,0,-10,4.04121256654,63382.1595498,4635,False
647f2a41,dtw_derivative,0,0,0,52.7449060374,10797039.4631,0,False
65156b96,last_known_tvt,0,0,0,6.07678170647,118942.7557,0,False
65156b96,e004_geometry_prefix,0,0,0,5.54676517471,99099.2311728,0,False
65156b96,align_visible_path,0,0,0,8.51223006598,233387.413502,0,False
65156b96,pf_gr_path,0,0,0,5.81120493552,108773.501127,0,False
65156b96,trellis_gr_path,0,0,0,5.68240384248,104005.166955,0,False
65156b96,e006_nested_fusion,0,0,0,5.24914286094,88749.8259949,0,False
65156b96,wide64_anchor,0,0,0,5.20917734066,87403.5375126,0,False
65156b96,e006_affine,0,0,0,5.24914286094,88749.8259949,300,False
65156b96,e006_quadratic,0,0,10,3.93197545936,49798.0482928,6491,False
65156b96,wide64_quadratic,0,0,10,3.87846088093,48451.7598105,6491,False
65156b96,pf_quadratic,0,10,10,4.01569702982,51941.2747084,6516,False
65156b96,trellis_quadratic,0,0,10,5.2304261388,88118.0488086,6491,False
65156b96,e006_hinge_025,0,-20,60,3.61082155091,41995.5019499,7033,False
65156b96,e006_hinge_050,0,-10,60,3.6858076421,43757.858256,7230,False
65156b96,e006_hinge_075,0,0,70,2.15508182387,14959.5404673,7386,True
65156b96,e006_jump_025,0,0,0,5.24914286094,88749.8259949,5589,False
65156b96,e006_jump_050,0,20,-10,5.1215114497,84486.4419644,6023,False
65156b96,e006_jump_075,0,-10,10,4.88484305549,76858.5088909,5568,False
65156b96,dtw_derivative,0,0,0,25.0727875246,2024864.49576,0,False
653612bc,last_known_tvt,0,0,0,2.83324056053,36965.4958,0,False
653612bc,e004_geometry_prefix,0,0,0,1.90654167456,16738.7198273,0,False
653612bc,align_visible_path,0,0,0,1.90654167456,16738.7198273,0,False
653612bc,pf_gr_path,0,0,0,12.046610007,668281.342298,0,False
653612bc,trellis_gr_path,0,0,0,3.03006994705,42279.9964859,0,False
653612bc,e006_nested_fusion,0,0,0,5.43598446928,136077.414527,0,False
653612bc,wide64_anchor,0,0,0,8.90306422868,365013.264999,0,False
653612bc,e006_affine,5,0,0,2.05663999374,19478.081934,325,False
653612bc,e006_quadratic,5,0,0,2.05663999374,19478.081934,7048,False
653612bc,wide64_quadratic,10,0,0,2.4531872037,27713.4769368,7604,False
653612bc,pf_quadratic,10,0,0,3.65294189974,61449.0487278,7604,False
653612bc,trellis_quadratic,0,0,0,3.03006994705,42279.9964859,6490,False
653612bc,e006_hinge_025,5,0,0,2.05663999374,19478.081934,7692,False
653612bc,e006_hinge_050,5,0,10,1.63857554831,12364.1018557,7873,True
653612bc,e006_hinge_075,5,0,20,1.79330005378,14809.3350067,8006,False
653612bc,e006_jump_025,5,0,0,2.05663999374,19478.081934,6059,False
653612bc,e006_jump_050,5,0,0,2.05663999374,19478.081934,6518,False
653612bc,e006_jump_075,5,0,0,2.05663999374,19478.081934,6065,False
653612bc,dtw_derivative,0,0,0,27.0300781466,3364528.69885,0,False
656a067b,last_known_tvt,0,0,0,14.6670378327,656337.2183,0,False
656a067b,e004_geometry_prefix,0,0,0,13.6424780226,567843.597324,0,False
656a067b,align_visible_path,0,0,0,16.7333634847,854296.638663,0,False
656a067b,pf_gr_path,0,0,0,13.8803644372,587819.441088,0,False
656a067b,trellis_gr_path,0,0,0,14.4459438892,636698.834586,0,False
656a067b,e006_nested_fusion,0,0,0,13.7014691427,572765.013099,0,False
656a067b,wide64_anchor,0,0,0,14.1074356974,607209.232707,0,False
656a067b,e006_affine,0,-20,0,10.2415630761,320018.213049,298,False
656a067b,e006_quadratic,0,-20,0,10.2415630761,320018.213049,6440,False
656a067b,wide64_quadratic,-5,-20,0,10.3715909135,328195.75903,5882,False
656a067b,pf_quadratic,0,-20,0,10.1995733437,317399.4853,6440,False
656a067b,trellis_quadratic,0,-20,0,10.5016175764,336476.397723,6440,False
656a067b,e006_hinge_025,0,20,-90,9.20417637033,258471.147964,7118,False
656a067b,e006_hinge_050,0,-10,-20,10.0190554219,306263.86969,7222,False
656a067b,e006_hinge_075,0,-20,80,8.88322965572,240759.807574,7337,False
656a067b,e006_jump_025,0,-20,0,10.2415630761,320018.213049,5545,False
656a067b,e006_jump_050,0,10,-20,5.87846577201,105431.45385,5997,True
656a067b,e006_jump_075,0,-20,0,10.2415630761,320018.213049,5545,False
656a067b,dtw_derivative,0,0,0,22.2673808461,1512796.39798,0,False
65a5466a,last_known_tvt,0,0,0,11.9910203617,673343.1381,0,False
65a5466a,e004_geometry_prefix,0,0,0,10.5505579022,521284.736004,0,False
65a5466a,align_visible_path,0,0,0,10.5505579022,521284.736004,0,False
65a5466a,pf_gr_path,0,0,0,13.1523540401,810086.023858,0,False
65a5466a,trellis_gr_path,0,0,0,11.0561882788,572446.638413,0,False
65a5466a,e006_nested_fusion,0,0,0,11.6313629351,633556.531255,0,False
65a5466a,wide64_anchor,0,0,0,15.2586620633,1090327.75437,0,False
65a5466a,e006_affine,5,-10,0,8.75646404587,359072.127893,324,False
65a5466a,e006_quadratic,5,-10,-10,8.38433767763,329201.404964,7022,False
65a5466a,wide64_quadratic,10,-10,-10,8.47203927704,336124.430064,7578,False
65a5466a,pf_quadratic,10,-10,-10,8.51122406801,339240.899241,7578,False
65a5466a,trellis_quadratic,0,-10,-10,9.18162677968,394787.531914,6464,False
65a5466a,e006_hinge_025,5,40,-120,6.32668399521,187446.114947,7780,False
65a5466a,e006_hinge_050,5,0,-40,8.36825481696,327939.666096,7868,False
65a5466a,e006_hinge_075,5,-10,30,8.60272761337,346574.417552,7982,False
65a5466a,e006_jump_025,5,-20,10,7.75424637394,281581.001364,6016,False
65a5466a,e006_jump_050,5,20,-20,5.77592717012,156231.130281,6566,True
65a5466a,e006_jump_075,5,-10,0,8.75646404587,359072.127893,6043,False
65a5466a,dtw_derivative,0,0,0,25.7112771053,3095789.73471,0,False
660d9546,last_known_tvt,0,0,0,9.43375751958,421128.0354,0,False
660d9546,e004_geometry_prefix,0,0,0,14.6663557015,1017862.61461,0,False
660d9546,align_visible_path,0,0,0,14.6663557015,1017862.61461,0,False
660d9546,pf_gr_path,0,0,0,13.60176528,875457.944645,0,False
660d9546,trellis_gr_path,0,0,0,15.0518610954,1072074.92816,0,False
660d9546,e006_nested_fusion,0,0,0,13.6489271604,881539.482159,0,False
660d9546,wide64_anchor,0,0,0,12.4051583841,728197.800861,0,False
660d9546,e006_affine,-10,-10,0,6.39329946043,193417.083452,249,False
660d9546,e006_quadratic,-10,-10,0,6.39329946043,193417.083452,5351,False
660d9546,wide64_quadratic,-10,-10,0,6.13106011504,177875.397971,5351,False
660d9546,pf_quadratic,-10,-10,0,6.34240431587,190349.869738,5351,False
660d9546,trellis_quadratic,-10,-10,-10,6.61725730027,207205.26165,5350,False
660d9546,e006_hinge_025,-10,10,-40,6.04481522994,172906.291789,5869,False
660d9546,e006_hinge_050,-10,0,-20,5.92697727409,166230.710063,6002,False
660d9546,e006_hinge_075,-10,-10,40,5.69259591942,153343.527764,6108,True
660d9546,e006_jump_025,-10,-10,0,6.39329946043,193417.083452,4628,False
660d9546,e006_jump_050,-10,-10,0,6.39329946043,193417.083452,4870,False
660d9546,e006_jump_075,-10,-10,0,6.39329946043,193417.083452,4614,False
660d9546,dtw_derivative,0,0,0,7.49558344376,265861.60514,0,False
6767c111,last_known_tvt,0,0,0,17.4751540634,2071399.3877,0,False
6767c111,e004_geometry_prefix,0,0,0,18.3192730472,2276346.07384,0,False
6767c111,align_visible_path,0,0,0,20.3138108875,2799011.14135,0,False
6767c111,pf_gr_path,0,0,0,21.256591358,3064848.8724,0,False
6767c111,trellis_gr_path,0,0,0,20.4106172297,2825752.32473,0,False
6767c111,e006_nested_fusion,0,0,0,18.6177496555,2351127.54495,0,False
6767c111,wide64_anchor,0,0,0,13.4219012224,1221940.03413,0,False
6767c111,e006_affine,15,10,0,8.49220367174,489173.159881,376,False
6767c111,e006_quadratic,15,10,20,6.9993844822,332308.551768,8184,False
6767c111,wide64_quadratic,10,10,20,6.85993567097,319199.280191,7631,False
6767c111,pf_quadratic,20,10,20,6.90744065874,323635.491368,8733,False
6767c111,trellis_quadratic,15,10,20,7.9587085856,429642.290264,8184,False
6767c111,e006_hinge_025,15,-20,60,7.74725255245,407115.131682,8871,False
6767c111,e006_hinge_050,15,-10,60,6.68731297708,303336.810371,9094,False
6767c111,e006_hinge_075,15,0,100,6.01785694833,245643.647066,9264,True
6767c111,e006_jump_025,15,20,-10,7.06807038846,338862.529787,7040,False
6767c111,e006_jump_050,15,20,-10,8.29951607381,467226.382564,7627,False
6767c111,e006_jump_075,15,0,10,7.91155765218,424566.585833,7018,False
6767c111,dtw_derivative,0,0,0,95.1062254125,61353551.6631,0,False
67847288,last_known_tvt,0,0,0,11.4612900281,975882.1253,0,False
67847288,e004_geometry_prefix,0,0,0,12.5314184787,1166623.78027,0,False
67847288,align_visible_path,0,0,0,23.0559146884,3949072.17654,0,False
67847288,pf_gr_path,0,0,0,9.49235768981,669388.964164,0,False
67847288,trellis_gr_path,0,0,0,13.7731070144,1409269.98437,0,False
67847288,e006_nested_fusion,0,0,0,9.8218594081,716667.623266,0,False
67847288,wide64_anchor,0,0,0,10.0387620008,748670.420093,0,False
67847288,e006_affine,-10,0,0,5.96842596732,264636.64425,250,False
67847288,e006_quadratic,-10,0,10,5.49299423528,224155.110534,5377,False
67847288,wide64_quadratic,-10,0,10,5.4046939106,217006.411149,5377,False
67847288,pf_quadratic,-5,0,10,5.89659582005,258305.158187,5933,False
67847288,trellis_quadratic,-10,0,0,6.86614447462,350232.329862,5376,False
67847288,e006_hinge_025,-10,-20,40,5.39296232289,216065.352595,5802,False
67847288,e006_hinge_050,-10,-10,30,5.03657696312,188452.241658,5982,True
67847288,e006_hinge_075,-10,0,-10,5.94820942135,262846.900034,6128,False
67847288,e006_jump_025,-10,10,-10,5.19842344,200758.370917,4671,False
67847288,e006_jump_050,-10,-20,10,5.70145159721,241491.162292,4846,False
67847288,e006_jump_075,-10,0,0,5.96842596732,264636.64425,4636,False
67847288,dtw_derivative,0,0,0,16.2581177806,1963680.7793,0,False
67a8da4a,last_known_tvt,0,0,0,14.4869183633,1030675.5168,0,False
67a8da4a,e004_geometry_prefix,0,0,0,9.60703811008,453261.635111,0,False
67a8da4a,align_visible_path,0,0,0,17.263037185,1463539.15594,0,False
67a8da4a,pf_gr_path,0,0,0,10.1492029959,505864.044653,0,False
67a8da4a,trellis_gr_path,0,0,0,10.1662907181,507568.876268,0,False
67a8da4a,e006_nested_fusion,0,0,0,9.72938287837,464879.636653,0,False
67a8da4a,wide64_anchor,0,0,0,10.4872016508,540118.64786,0,False
67a8da4a,e006_affine,5,0,0,8.01784072008,315707.415549,325,False
67a8da4a,e006_quadratic,5,0,-20,6.48333565602,206427.212074,7046,False
67a8da4a,wide64_quadratic,5,0,-20,6.70204165968,220589.166786,7046,False
67a8da4a,pf_quadratic,5,0,-20,6.5562915493,211099.133057,7046,False
67a8da4a,trellis_quadratic,5,0,-10,7.03427721124,243001.465449,7047,False
67a8da4a,e006_hinge_025,5,50,-120,4.83931363912,115010.495361,7805,True
67a8da4a,e006_hinge_050,5,20,-80,5.99849911505,176707.560911,7914,False
67a8da4a,e006_hinge_075,5,0,-20,7.88991333565,305713.347033,8002,False
67a8da4a,e006_jump_025,5,-10,10,5.7752800417,163800.8043,6038,False
67a8da4a,e006_jump_050,5,10,-10,6.62697385687,215675.318856,6542,False
67a8da4a,e006_jump_075,5,10,-10,7.36079660041,266084.494896,6086,False
67a8da4a,dtw_derivative,0,0,0,14.5677451081,1042208.47909,0,False
684a6fc1,last_known_tvt,0,0,0,24.0309784533,5669776.4518,0,False
684a6fc1,e004_geometry_prefix,0,0,0,18.452737072,3343063.41649,0,False
684a6fc1,align_visible_path,0,0,0,18.452737072,3343063.41649,0,False
684a6fc1,pf_gr_path,0,0,0,12.069389322,1430189.6172,0,False
684a6fc1,trellis_gr_path,0,0,0,17.5304674992,3017241.16048,0,False
684a6fc1,e006_nested_fusion,0,0,0,14.6056994118,2094439.13822,0,False
684a6fc1,wide64_anchor,0,0,0,8.92001953423,781186.336685,0,False
684a6fc1,e006_affine,10,0,0,9.04166287133,802637.871307,350,False
684a6fc1,e006_quadratic,10,0,-10,8.25821347892,669568.846278,7603,False
684a6fc1,wide64_quadratic,0,0,-10,8.12484897555,648117.311656,6489,False
684a6fc1,pf_quadratic,10,0,-10,8.32683154251,680742.060889,7603,False
684a6fc1,trellis_quadratic,15,0,-10,8.09663792062,643624.346874,8156,False
684a6fc1,e006_hinge_025,10,20,-50,8.85334608289,769551.892524,8351,False
684a6fc1,e006_hinge_050,10,10,-40,8.50337877867,709914.550516,8515,False
684a6fc1,e006_hinge_075,10,10,-110,7.50698552086,553291.73675,8643,True
684a6fc1,e006_jump_025,10,0,0,9.04166287133,802637.871307,6528,False
684a6fc1,e006_jump_050,10,-10,10,7.88315029847,610130.367612,7029,False
684a6fc1,e006_jump_075,10,10,-10,8.99199247565,793843.507802,6563,False
684a6fc1,dtw_derivative,0,0,0,26.5300345127,6910327.93538,0,False
698930d1,last_known_tvt,0,0,0,10.3891722146,511719.3576,0,False
698930d1,e004_geometry_prefix,0,0,0,11.5746862709,635167.710519,0,False
698930d1,align_visible_path,0,0,0,11.5746862709,635167.710519,0,False
698930d1,pf_gr_path,0,0,0,8.3445623867,330123.991279,0,False
698930d1,trellis_gr_path,0,0,0,14.149213311,949149.325141,0,False
698930d1,e006_nested_fusion,0,0,0,9.80261345908,455568.524408,0,False
698930d1,wide64_anchor,0,0,0,8.42741021341,336711.712613,0,False
698930d1,e006_affine,5,10,0,5.34786011004,135590.740374,326,False
698930d1,e006_quadratic,5,10,20,3.1898116138,48239.1920415,7075,False
698930d1,wide64_quadratic,0,10,20,3.18980487101,48238.9881008,6517,False
698930d1,pf_quadratic,5,10,20,3.74167107328,66374.4855762,7075,False
698930d1,trellis_quadratic,10,20,20,5.63906523054,150759.327693,7656,False
698930d1,e006_hinge_025,5,-10,50,4.25468669322,85823.2833433,7672,False
698930d1,e006_hinge_050,5,0,50,3.29777649797,51559.9387268,7877,False
698930d1,e006_hinge_075,5,0,120,2.81143609728,37473.6838569,8016,True
698930d1,e006_jump_025,5,20,-10,4.44509626612,93676.8539442,6102,False
698930d1,e006_jump_050,5,10,0,5.34786011004,135590.740374,6543,False
698930d1,e006_jump_075,5,0,10,3.75414112972,66817.6420231,6066,False
698930d1,dtw_derivative,0,0,0,25.9840499158,3200984.99997,0,False
699ea575,last_known_tvt,0,0,0,10.3928896005,445010.0755,0,False
699ea575,e004_geometry_prefix,0,0,0,7.99682829963,263470.962957,0,False
699ea575,align_visible_path,0,0,0,15.9072589809,1042528.45973,0,False
699ea575,pf_gr_path,0,0,0,7.82737890368,252423.585268,0,False
699ea575,trellis_gr_path,0,0,0,9.15554724287,345355.066703,0,False
699ea575,e006_nested_fusion,0,0,0,7.57396491143,236343.571256,0,False
699ea575,wide64_anchor,0,0,0,6.56953390761,177814.156145,0,False
699ea575,e006_affine,5,10,0,4.89150810744,98578.6284484,326,False
699ea575,e006_quadratic,5,10,0,4.89150810744,98578.6284484,7073,False
699ea575,wide64_quadratic,0,10,0,4.7520266295,93036.8392004,6515,False
699ea575,pf_quadratic,5,10,0,4.79411353347,94692.121236,7073,False
699ea575,trellis_quadratic,5,10,0,6.14861868337,155758.70826,7073,False
699ea575,e006_hinge_025,5,-10,40,4.378101145,78971.2108998,7671,False
699ea575,e006_hinge_050,5,0,30,4.5692043367,86015.8284745,7875,False
699ea575,e006_hinge_075,5,10,-30,4.61690982723,87821.3281736,8026,False
699ea575,e006_jump_025,5,10,0,4.89150810744,98578.6284484,6081,False
699ea575,e006_jump_050,5,-10,10,3.85786990246,61318.6199593,6494,True
699ea575,e006_jump_075,5,10,0,4.89150810744,98578.6284484,6087,False
699ea575,dtw_derivative,0,0,0,16.9621541382,1185384.45279,0,False
69c1bdad,last_known_tvt,0,0,0,9.7899581991,260118.6661,0,False
69c1bdad,e004_geometry_prefix,0,0,0,10.1016293787,276944.47431,0,False
69c1bdad,align_visible_path,0,0,0,16.6255780452,750176.320244,0,False
69c1bdad,pf_gr_path,0,0,0,11.6320121512,367214.259942,0,False
69c1bdad,trellis_gr_path,0,0,0,9.83982927939,262775.560032,0,False
69c1bdad,e006_nested_fusion,0,0,0,10.78795627,315855.321312,0,False
69c1bdad,wide64_anchor,0,0,0,9.44135379154,241923.684086,0,False
69c1bdad,e006_affine,5,0,0,9.42569415277,241121.82965,325,False
69c1bdad,e006_quadratic,5,0,-20,6.81719714016,126130.915965,7046,False
69c1bdad,wide64_quadratic,0,0,-20,6.83883235672,126932.770401,6488,False
69c1bdad,pf_quadratic,5,0,-20,7.05536441572,135097.945343,7046,False
69c1bdad,trellis_quadratic,5,0,-20,7.2299255304,141865.728097,7046,False
69c1bdad,e006_hinge_025,5,20,-40,9.10917282262,225199.658096,7738,False
69c1bdad,e006_hinge_050,5,20,-80,7.01561793398,133580.081018,7914,False
69c1bdad,e006_hinge_075,5,10,-120,4.58401114923,57029.7113988,8017,True
69c1bdad,e006_jump_025,5,-10,10,7.92500355682,170454.619253,6038,False
69c1bdad,e006_jump_050,5,-10,10,8.11330088587,178650.817532,6494,False
69c1bdad,e006_jump_075,5,10,-10,6.96369181569,131610.012053,6086,False
69c1bdad,dtw_derivative,0,0,0,21.6821990362,1275899.58719,0,False
69e41fa6,last_known_tvt,0,0,0,5.86173268757,198325.4011,0,False
69e41fa6,e004_geometry_prefix,0,0,0,5.59982255708,180998.449135,0,False
69e41fa6,align_visible_path,0,0,0,5.59982255708,180998.449135,0,False
69e41fa6,pf_gr_path,0,0,0,5.53997477221,177150.301792,0,False
69e41fa6,trellis_gr_path,0,0,0,4.85508344918,136056.633343,0,False
69e41fa6,e006_nested_fusion,0,0,0,5.71985122675,188840.78118,0,False
69e41fa6,wide64_anchor,0,0,0,4.23879452253,103707.711613,0,False
69e41fa6,e006_affine,-5,0,0,4.11662752239,97815.9030964,275,False
69e41fa6,e006_quadratic,-5,0,0,4.11662752239,97815.9030964,5932,False
69e41fa6,wide64_quadratic,0,0,0,4.23879452253,103707.711613,6490,False
69e41fa6,pf_quadratic,-5,0,0,4.10504039112,97266.0303685,5932,False
69e41fa6,trellis_quadratic,-5,0,0,4.09470396869,96776.8186125,5932,False
69e41fa6,e006_hinge_025,-5,0,0,4.11662752239,97815.9030964,6462,False
69e41fa6,e006_hinge_050,-5,0,-10,4.06061553955,95172.1908884,6625,False
69e41fa6,e006_hinge_075,-5,0,-30,3.63937353107,76450.3691405,6751,True
69e41fa6,e006_jump_025,-5,0,0,4.11662752239,97815.9030964,5119,False
69e41fa6,e006_jump_050,-5,-20,10,3.80014629378,83354.0976219,5381,False
69e41fa6,e006_jump_075,-5,0,0,4.11662752239,97815.9030964,5113,False
69e41fa6,dtw_derivative,0,0,0,5.36821305378,166335.830148,0,False
6a0ff78e,last_known_tvt,0,0,0,11.3508273889,832958.8908,0,False
6a0ff78e,e004_geometry_prefix,0,0,0,13.7398814272,1220490.76867,0,False
6a0ff78e,align_visible_path,0,0,0,21.5417630988,3000067.45862,0,False
6a0ff78e,pf_gr_path,0,0,0,12.8257425655,1063490.38178,0,False
6a0ff78e,trellis_gr_path,0,0,0,15.440663622,1541347.11181,0,False
6a0ff78e,e006_nested_fusion,0,0,0,13.8064398886,1232343.9632,0,False
6a0ff78e,wide64_anchor,0,0,0,12.7759343894,1055246.38942,0,False
6a0ff78e,e006_affine,-10,-10,0,6.82217013014,300894.064165,249,False
6a0ff78e,e006_quadratic,-10,-10,0,6.82217013014,300894.064165,5351,False
6a0ff78e,wide64_quadratic,-5,-10,0,7.11343198873,327134.913265,5907,False
6a0ff78e,pf_quadratic,-5,-10,0,7.14188388674,329757.057745,5907,False
6a0ff78e,trellis_quadratic,-10,-20,0,9.08057627758,533083.63567,5326,False
6a0ff78e,e006_hinge_025,-10,-40,60,5.98895164159,231883.657512,5754,False
6a0ff78e,e006_hinge_050,-10,-20,20,6.09153514497,239895.464731,5956,False
6a0ff78e,e006_hinge_075,-10,-10,-40,6.42519450725,266895.399608,6100,False
6a0ff78e,e006_jump_025,-10,0,-10,6.04734431305,236427.463,4649,False
6a0ff78e,e006_jump_050,-10,-30,10,5.38391002604,187397.639545,4821,True
6a0ff78e,e006_jump_075,-10,-10,0,6.82217013014,300894.064165,4614,False
6a0ff78e,dtw_derivative,0,0,0,49.7088349611,15974809.8862,0,False
6a8fa194,last_known_tvt,0,0,0,8.34832933892,210268.6165,0,False
6a8fa194,e004_geometry_prefix,0,0,0,12.1019524138,441861.529963,0,False
6a8fa194,align_visible_path,0,0,0,23.2713215275,1633869.6418,0,False
6a8fa194,pf_gr_path,0,0,0,14.6819070905,650339.680173,0,False
6a8fa194,trellis_gr_path,0,0,0,10.4062113297,326708.619695,0,False
6a8fa194,e006_nested_fusion,0,0,0,12.1499308644,445372.013968,0,False
6a8fa194,wide64_anchor,0,0,0,6.12288744975,113106.577929,0,False
6a8fa194,e006_affine,10,10,0,4.0279777042,48949.631431,351,False
6a8fa194,e006_quadratic,10,10,-10,3.93321827012,46673.6113826,7628,False
6a8fa194,wide64_quadratic,5,10,-10,3.83645708401,44405.4217226,7072,False
6a8fa194,pf_quadratic,15,0,-10,4.18405116121,52816.4591889,8156,False
6a8fa194,trellis_quadratic,10,0,-10,3.64281917787,40035.9869246,7603,False
6a8fa194,e006_hinge_025,10,20,-30,3.00682952004,27276.7686918,8353,False
6a8fa194,e006_hinge_050,10,10,-20,3.12037934353,29375.8267858,8517,False
6a8fa194,e006_hinge_075,10,10,-50,2.74194909576,22682.6653735,8649,True
6a8fa194,e006_jump_025,10,10,0,4.0279777042,48949.631431,6550,False
6a8fa194,e006_jump_050,10,10,0,4.0279777042,48949.631431,7078,False
6a8fa194,e006_jump_075,10,10,0,4.0279777042,48949.631431,6564,False
6a8fa194,dtw_derivative,0,0,0,10.3847593761,325363.016762,0,False
6ae68655,last_known_tvt,0,0,0,5.25987737183,116309.1671,0,False
6ae68655,e004_geometry_prefix,0,0,0,6.77986370578,193243.384057,0,False
6ae68655,align_visible_path,0,0,0,6.77986370578,193243.384057,0,False
6ae68655,pf_gr_path,0,0,0,5.47157977766,125860.130847,0,False
6ae68655,trellis_gr_path,0,0,0,7.41390751944,231077.167867,0,False
6ae68655,e006_nested_fusion,0,0,0,5.61666261762,132623.163229,0,False
6ae68655,wide64_anchor,0,0,0,6.8579787859,197721.994209,0,False
6ae68655,e006_affine,0,0,0,5.61666261762,132623.163229,300,False
6ae68655,e006_quadratic,0,0,-10,4.18000271027,73454.0648535,6489,False
6ae68655,wide64_quadratic,5,0,-10,3.65302919627,56100.7921861,7047,True
6ae68655,pf_quadratic,0,0,-10,3.98292718499,66691.0324717,6489,False
6ae68655,trellis_quadratic,5,0,-10,5.04384462574,106951.309631,7047,False
6ae68655,e006_hinge_025,0,30,-70,4.796362339,96713.4054521,7145,False
6ae68655,e006_hinge_050,0,10,-40,4.2558262764,76143.0888677,7270,False
6ae68655,e006_hinge_075,0,10,-100,4.27625747409,76875.9330479,7394,False
6ae68655,e006_jump_025,0,-10,10,4.17843349771,73398.9245042,5568,False
6ae68655,e006_jump_050,0,0,0,5.61666261762,132623.163229,5974,False
6ae68655,e006_jump_075,0,0,0,5.61666261762,132623.163229,5589,False
6ae68655,dtw_derivative,0,0,0,59.4894794416,14877948.2824,0,False
6d1d74e1,last_known_tvt,0,0,0,11.8875712002,823862.6549,0,False
6d1d74e1,e004_geometry_prefix,0,0,0,16.3567966501,1559786.16449,0,False
6d1d74e1,align_visible_path,0,0,0,16.3567966501,1559786.16449,0,False
6d1d74e1,pf_gr_path,0,0,0,15.5847767718,1416021.10677,0,False
6d1d74e1,trellis_gr_path,0,0,0,16.2926955256,1547584.73727,0,False
6d1d74e1,e006_nested_fusion,0,0,0,16.2209739734,1533989.58044,0,False
6d1d74e1,wide64_anchor,0,0,0,14.8604800408,1287461.44486,0,False
6d1d74e1,e006_affine,-10,-20,0,4.85506140113,137422.551647,248,False
6d1d74e1,e006_quadratic,-10,-20,-10,3.86882315758,87262.2310018,5325,True
6d1d74e1,wide64_quadratic,-10,-20,-10,4.51274107739,118726.970744,5325,False
6d1d74e1,pf_quadratic,-10,-20,-10,3.91565531895,89387.638843,5325,False
6d1d74e1,trellis_quadratic,-10,-20,-10,5.66761953821,187270.74247,5325,False
6d1d74e1,e006_hinge_025,-10,10,-70,3.88638351977,88056.1851096,5866,False
6d1d74e1,e006_hinge_050,-10,-10,-40,4.22335333442,103988.039048,5975,False
6d1d74e1,e006_hinge_075,-10,-20,-30,4.43163651331,114497.714745,6076,False
6d1d74e1,e006_jump_025,-10,-20,0,4.85506140113,137422.551647,4606,False
6d1d74e1,e006_jump_050,-10,-20,0,4.85506140113,137422.551647,4845,False
6d1d74e1,e006_jump_075,-10,-10,-10,4.7783844033,133116.142258,4613,False
6d1d74e1,dtw_derivative,0,0,0,22.8407229278,3041502.97712,0,False
6d590e26,last_known_tvt,0,0,0,8.62968540335,453978.0821,0,False
6d590e26,e004_geometry_prefix,0,0,0,8.22557778361,412456.151713,0,False
6d590e26,align_visible_path,0,0,0,8.22557778361,412456.151713,0,False
6d590e26,pf_gr_path,0,0,0,8.32840450732,422832.712703,0,False
6d590e26,trellis_gr_path,0,0,0,8.26737399654,416658.386181,0,False
6d590e26,e006_nested_fusion,0,0,0,8.20242624805,410137.638578,0,False
6d590e26,wide64_anchor,0,0,0,8.59025859273,449839.340238,0,False
6d590e26,e006_affine,0,-10,0,7.50080152268,342973.29515,299,False
6d590e26,e006_quadratic,0,-10,20,6.00512174053,219830.825475,6467,False
6d590e26,wide64_quadratic,5,-10,20,6.45515073961,254014.047649,7025,False
6d590e26,pf_quadratic,0,-10,20,6.03958488908,222361.266015,6467,False
6d590e26,trellis_quadratic,0,-10,10,6.27409264978,239964.398372,6466,False
6d590e26,e006_hinge_025,0,-40,80,6.53706297463,260501.54047,6985,False
6d590e26,e006_hinge_050,0,-30,90,5.15003028936,161683.061838,7183,True
6d590e26,e006_hinge_075,0,-10,70,6.16154582061,231432.487499,7361,False
6d590e26,e006_jump_025,0,0,-10,5.15720310866,162133.750839,5588,False
6d590e26,e006_jump_050,0,-10,0,7.50080152268,342973.29515,5949,False
6d590e26,e006_jump_075,0,-20,10,5.50703102042,184875.773463,5546,False
6d590e26,dtw_derivative,0,0,0,12.4352464489,942657.11948,0,False
6d6d93af,last_known_tvt,0,0,0,32.1953725201,3726368.5321,0,False
6d6d93af,e004_geometry_prefix,0,0,0,34.7757127977,4347613.97111,0,False
6d6d93af,align_visible_path,0,0,0,19.0577483892,1305695.99633,0,False
6d6d93af,pf_gr_path,0,0,0,23.6824924989,2016293.3212,0,False
6d6d93af,trellis_gr_path,0,0,0,40.9031955937,6014691.71815,0,False
6d6d93af,e006_nested_fusion,0,0,0,31.3699240207,3537739.31837,0,False
6d6d93af,wide64_anchor,0,0,0,26.3978794652,2505168.70474,0,False
6d6d93af,e006_affine,-25,0,0,15.4763513954,861065.241787,175,False
6d6d93af,e006_quadratic,-25,0,40,8.07833890235,234608.116119,3735,False
6d6d93af,wide64_quadratic,-20,0,40,7.86436388933,222344.348685,4278,False
6d6d93af,pf_quadratic,-20,0,40,7.84047264084,220995.475378,4278,False
6d6d93af,trellis_quadratic,-35,0,50,13.3368194484,639445.357032,2675,False
6d6d93af,e006_hinge_025,-25,-50,120,11.1494743763,446897.250031,3930,False
6d6d93af,e006_hinge_050,-25,-30,120,8.8356485086,280656.92102,4095,False
6d6d93af,e006_hinge_075,-25,-10,120,13.3719440869,642817.954742,4245,False
6d6d93af,e006_jump_025,-25,30,-30,6.39541940422,147040.494734,3310,True
6d6d93af,e006_jump_050,-25,-20,10,14.2908055833,734196.511567,3302,False
6d6d93af,e006_jump_075,-25,-30,20,12.1697079869,532425.943987,3158,False
6d6d93af,dtw_derivative,0,0,0,39.9633423195,5741462.08201,0,False
6dbe4b60,last_known_tvt,0,0,0,8.6994640454,351763.7759,0,False
6dbe4b60,e004_geometry_prefix,0,0,0,7.32794893124,249592.187584,0,False
6dbe4b60,align_visible_path,0,0,0,9.45965945061,415927.009371,0,False
6dbe4b60,pf_gr_path,0,0,0,6.94237129507,224017.421235,0,False
6dbe4b60,trellis_gr_path,0,0,0,8.46755705092,333259.380165,0,False
6dbe4b60,e006_nested_fusion,0,0,0,7.02540872122,229408.39707,0,False
6dbe4b60,wide64_anchor,0,0,0,8.20081238609,312593.448984,0,False
6dbe4b60,e006_affine,0,0,0,7.02540872122,229408.39707,300,False
6dbe4b60,e006_quadratic,0,0,-10,6.60401237887,202713.128717,6489,False
6dbe4b60,wide64_quadratic,5,0,-10,6.13489618169,174936.548992,7047,False
6dbe4b60,pf_quadratic,0,0,-10,6.51560672529,197322.152882,6489,False
6dbe4b60,trellis_quadratic,5,0,-10,7.97955588731,295953.554914,7047,False
6dbe4b60,e006_hinge_025,0,0,0,7.02540872122,229408.39707,7077,False
6dbe4b60,e006_hinge_050,0,10,-40,6.60421598056,202725.628201,7270,False
6dbe4b60,e006_hinge_075,0,10,-100,5.91718220031,162740.634051,7394,False
6dbe4b60,e006_jump_025,0,0,0,7.02540872122,229408.39707,5589,False
6dbe4b60,e006_jump_050,0,-10,10,5.75640157251,154016.86733,5950,True
6dbe4b60,e006_jump_075,0,10,-10,6.36716858493,188433.804747,5610,False
6dbe4b60,dtw_derivative,0,0,0,24.2276367063,2728275.51197,0,False
6e6d122c,last_known_tvt,0,0,0,9.11700946942,468131.0609,0,False
6e6d122c,e004_geometry_prefix,0,0,0,9.1142605385,467848.804761,0,False
6e6d122c,align_visible_path,0,0,0,16.344466823,1504541.46715,0,False
6e6d122c,pf_gr_path,0,0,0,9.78367705311,539096.936179,0,False
6e6d122c,trellis_gr_path,0,0,0,9.80646378508,541611.034445,0,False
6e6d122c,e006_nested_fusion,0,0,0,9.18145700783,474772.828495,0,False
6e6d122c,wide64_anchor,0,0,0,8.91536172239,447652.055578,0,False
6e6d122c,e006_affine,5,10,0,6.60147545811,245439.621358,326,False
6e6d122c,e006_quadratic,5,10,0,6.60147545811,245439.621358,7073,False
6e6d122c,wide64_quadratic,5,10,0,6.66321914855,250052.292422,7073,False
6e6d122c,pf_quadratic,5,10,0,6.70799148569,253423.947516,7073,False
6e6d122c,trellis_quadratic,0,10,0,7.64738900034,329373.769599,6515,False
6e6d122c,e006_hinge_025,5,-10,40,6.25323868406,220228.062433,7671,False
6e6d122c,e006_hinge_050,5,10,0,6.60147545811,245439.621358,7897,False
6e6d122c,e006_hinge_075,5,10,-50,5.87120184407,194140.73448,8024,True
6e6d122c,e006_jump_025,5,10,0,6.60147545811,245439.621358,6081,False
6e6d122c,e006_jump_050,5,10,0,6.60147545811,245439.621358,6543,False
6e6d122c,e006_jump_075,5,10,0,6.60147545811,245439.621358,6087,False
6e6d122c,dtw_derivative,0,0,0,15.9297063402,1429151.22428,0,False
6e9ccd38,last_known_tvt,0,0,0,12.2394927995,1240686.5338,0,False
6e9ccd38,e004_geometry_prefix,0,0,0,10.9282508196,989091.647606,0,False
6e9ccd38,align_visible_path,0,0,0,10.9282508196,989091.647606,0,False
6e9ccd38,pf_gr_path,0,0,0,12.6724626385,1330017.22382,0,False
6e9ccd38,trellis_gr_path,0,0,0,12.5003896082,1294143.16963,0,False
6e9ccd38,e006_nested_fusion,0,0,0,11.085405581,1017743.64832,0,False
6e9ccd38,wide64_anchor,0,0,0,11.7078371117,1135242.31152,0,False
6e9ccd38,e006_affine,0,-10,0,8.48450319098,596194.631202,299,False
6e9ccd38,e006_quadratic,0,-10,-20,7.29057754116,440209.177959,6463,False
6e9ccd38,wide64_quadratic,5,-10,-20,6.97676695894,403128.645766,7021,False
6e9ccd38,pf_quadratic,-5,-10,-20,7.2467636496,434934.061663,5905,False
6e9ccd38,trellis_quadratic,0,-10,-10,8.8407571602,647312.731705,6464,False
6e9ccd38,e006_hinge_025,0,30,-100,7.18475402249,427522.557592,7142,False
6e9ccd38,e006_hinge_050,0,0,-50,7.71023698205,492346.301273,7244,False
6e9ccd38,e006_hinge_075,0,0,-120,6.59038103908,359713.118394,7367,True
6e9ccd38,e006_jump_025,0,-10,0,8.48450319098,596194.631202,5567,False
6e9ccd38,e006_jump_050,0,-30,10,8.18139585212,554357.641853,5900,False
6e9ccd38,e006_jump_075,0,0,-10,7.70523096827,491707.17896,5588,False
6e9ccd38,dtw_derivative,0,0,0,37.2423115375,11487049.264,0,False
6ea22614,last_known_tvt,0,0,0,6.47531834329,250362.5232,0,False
6ea22614,e004_geometry_prefix,0,0,0,6.51191968599,253200.840139,0,False
6ea22614,align_visible_path,0,0,0,11.8365369317,836558.634629,0,False
6ea22614,pf_gr_path,0,0,0,9.66992840877,558333.374637,0,False
6ea22614,trellis_gr_path,0,0,0,5.65425610395,190896.524784,0,True
6ea22614,e006_nested_fusion,0,0,0,7.71503278307,355404.254869,0,False
6ea22614,wide64_anchor,0,0,0,10.9412974578,714800.292644,0,False
6ea22614,e006_affine,-5,0,0,6.73222457249,270622.723583,275,False
6ea22614,e006_quadratic,-5,0,0,6.73222457249,270622.723583,5932,False
6ea22614,wide64_quadratic,-10,0,0,6.77246854659,273867.857711,5376,False
6ea22614,pf_quadratic,-5,0,0,7.09405247118,300494.040949,5932,False
6ea22614,trellis_quadratic,0,0,0,5.65425610395,190896.524784,6490,False
6ea22614,e006_hinge_025,-5,-10,20,6.53193759262,254759.932231,6439,False
6ea22614,e006_hinge_050,-5,-10,30,6.08186250741,220861.626859,6604,False
6ea22614,e006_hinge_075,-5,0,-20,6.61320629881,261138.684874,6752,False
6ea22614,e006_jump_025,-5,10,-10,5.76826357964,198672.275268,5140,False
6ea22614,e006_jump_050,-5,-20,10,6.44055902525,247681.86013,5381,False
6ea22614,e006_jump_075,-5,0,0,6.73222457249,270622.723583,5113,False
6ea22614,dtw_derivative,0,0,0,7.69112460146,353204.937279,0,False
6ede926a,last_known_tvt,0,0,0,7.68676737315,291768.6069,0,False
6ede926a,e004_geometry_prefix,0,0,0,5.30043217424,138731.042132,0,False
6ede926a,align_visible_path,0,0,0,19.7962762276,1935165.42413,0,False
6ede926a,pf_gr_path,0,0,0,8.89451125717,390656.688029,0,False
6ede926a,trellis_gr_path,0,0,0,4.43268240471,97025.1487606,0,False
6ede926a,e006_nested_fusion,0,0,0,5.49629984618,149173.582651,0,False
6ede926a,wide64_anchor,0,0,0,6.84040834949,231054.878383,0,False
6ede926a,e006_affine,0,10,0,5.47126827279,147817.92642,301,False
6ede926a,e006_quadratic,0,10,0,5.47126827279,147817.92642,6515,False
6ede926a,wide64_quadratic,5,10,0,5.41813169818,144960.674126,7073,False
6ede926a,pf_quadratic,-5,10,0,5.34552579717,141101.602186,5957,False
6ede926a,trellis_quadratic,0,0,0,4.43268240471,97025.1487606,6490,False
6ede926a,e006_hinge_025,0,30,-60,4.42368696054,96631.753232,7146,False
6ede926a,e006_hinge_050,0,0,20,4.86533201855,116889.648003,7251,False
6ede926a,e006_hinge_075,0,0,40,4.9800248039,122465.595121,7383,False
6ede926a,e006_jump_025,0,10,0,5.47126827279,147817.92642,5611,False
6ede926a,e006_jump_050,0,20,-10,3.17253450391,49700.8474314,6023,True
6ede926a,e006_jump_075,0,10,0,5.47126827279,147817.92642,5611,False
6ede926a,dtw_derivative,0,0,0,52.3021163902,13507955.189,0,False
708caea9,last_known_tvt,0,0,0,34.9164582379,7983053.4979,0,False
708caea9,e004_geometry_prefix,0,0,0,36.1738355231,8568361.67299,0,False
708caea9,align_visible_path,0,0,0,55.2318434645,19975044.1747,0,False
708caea9,pf_gr_path,0,0,0,32.9575034611,7112418.18118,0,False
708caea9,trellis_gr_path,0,0,0,37.0301721992,8978837.96051,0,False
708caea9,e006_nested_fusion,0,0,0,34.5841484605,7831822.65037,0,False
708caea9,wide64_anchor,0,0,0,31.5869594563,6533175.37836,0,False
708caea9,e006_affine,30,20,0,9.93645508849,646504.598923,452,False
708caea9,e006_quadratic,30,20,-20,8.59907714787,484186.148801,9832,False
708caea9,wide64_quadratic,30,20,-20,8.43367521293,465738.794506,9832,False
708caea9,pf_quadratic,30,10,-20,8.38668282503,460563.066792,9807,False
708caea9,trellis_quadratic,35,20,-20,8.04437449007,423733.920212,10358,False
708caea9,e006_hinge_025,30,60,-110,6.35942686908,264816.246556,10834,True
708caea9,e006_hinge_050,30,30,-60,8.66293716393,491404.353045,11012,False
708caea9,e006_hinge_075,30,20,-50,9.35986194344,573650.738151,11163,False
708caea9,e006_jump_025,30,0,10,9.39367017049,577802.325153,8390,False
708caea9,e006_jump_050,30,30,-10,8.85370995595,513285.802536,9163,False
708caea9,e006_jump_075,30,20,0,9.93645508849,646504.598923,8465,False
708caea9,dtw_derivative,0,0,0,24.42834754,3907480.78284,0,False
70925e23,last_known_tvt,0,0,0,14.7848030051,1299957.1082,0,False
70925e23,e004_geometry_prefix,0,0,0,13.3709430811,1063217.26097,0,False
70925e23,align_visible_path,0,0,0,14.0414110102,1172517.79412,0,False
70925e23,pf_gr_path,0,0,0,12.2374133311,890588.733112,0,False
70925e23,trellis_gr_path,0,0,0,13.8693112062,1143951.79696,0,False
70925e23,e006_nested_fusion,0,0,0,11.8991600964,842035.795412,0,False
70925e23,wide64_anchor,0,0,0,6.40548763928,244007.026971,0,False
70925e23,e006_affine,-10,0,0,6.08935668843,220516.335235,250,False
70925e23,e006_quadratic,-10,0,10,5.40148247217,173509.7487,5377,False
70925e23,wide64_quadratic,0,0,10,5.75552082049,197000.440435,6491,False
70925e23,pf_quadratic,-10,0,10,5.35102304871,170283.11328,5377,False
70925e23,trellis_quadratic,-10,0,10,7.20051740898,308336.790842,5377,False
70925e23,e006_hinge_025,-10,-40,90,3.36388539727,67294.6163725,5757,True
70925e23,e006_hinge_050,-10,-10,30,5.56716173323,184317.094226,5982,False
70925e23,e006_hinge_075,-10,0,0,6.08935668843,220516.335235,6129,False
70925e23,e006_jump_025,-10,10,-10,5.53384225614,182117.419959,4671,False
70925e23,e006_jump_050,-10,-20,10,5.17207433936,159084.349124,4846,False
70925e23,e006_jump_075,-10,0,0,6.08935668843,220516.335235,4636,False
70925e23,dtw_derivative,0,0,0,53.0722570466,16750703.5913,0,False
70e1788b,last_known_tvt,0,0,0,7.15920628312,475895.5683,0,False
70e1788b,e004_geometry_prefix,0,0,0,13.9861841613,1816269.93055,0,False
70e1788b,align_visible_path,0,0,0,13.9861841613,1816269.93055,0,False
70e1788b,pf_gr_path,0,0,0,11.5286344459,1234063.89217,0,False
70e1788b,trellis_gr_path,0,0,0,15.3791611028,2196075.16597,0,False
70e1788b,e006_nested_fusion,0,0,0,13.480513164,1687309.52351,0,False
70e1788b,wide64_anchor,0,0,0,6.41535863552,382141.133332,0,False
70e1788b,e006_affine,-10,0,0,5.99322422413,333505.469338,250,False
70e1788b,e006_quadratic,-10,0,0,5.99322422413,333505.469338,5376,False
70e1788b,wide64_quadratic,-5,0,0,5.81194215765,313634.966213,5932,False
70e1788b,pf_quadratic,-10,0,0,5.53546088205,284504.722836,5376,True
70e1788b,trellis_quadratic,-15,0,0,5.82112323247,314626.641759,4823,False
70e1788b,e006_hinge_025,-10,10,-20,5.73873738518,305783.896415,5871,False
70e1788b,e006_hinge_050,-10,10,-30,5.87576615456,320561.17008,6026,False
70e1788b,e006_hinge_075,-10,0,10,5.95630426948,329409.149713,6130,False
70e1788b,e006_jump_025,-10,0,0,5.99322422413,333505.469338,4650,False
70e1788b,e006_jump_050,-10,0,0,5.99322422413,333505.469338,4895,False
70e1788b,e006_jump_075,-10,0,0,5.99322422413,333505.469338,4636,False
70e1788b,dtw_derivative,0,0,0,16.7419027152,2602504.78109,0,False
71642c7d,last_known_tvt,0,0,0,11.9012309935,658339.4625,0,False
71642c7d,e004_geometry_prefix,0,0,0,7.96815414488,295108.401255,0,False
71642c7d,align_visible_path,0,0,0,22.5811779498,2370059.80966,0,False
71642c7d,pf_gr_path,0,0,0,9.25990314503,398546.507474,0,False
71642c7d,trellis_gr_path,0,0,0,7.09132315757,233733.344454,0,False
71642c7d,e006_nested_fusion,0,0,0,8.29697858959,319967.640072,0,False
71642c7d,wide64_anchor,0,0,0,8.45277703435,332096.995225,0,False
71642c7d,e006_affine,0,-10,0,7.38455686557,253463.249109,299,False
71642c7d,e006_quadratic,0,-10,0,7.38455686557,253463.249109,6465,False
71642c7d,wide64_quadratic,0,-10,0,7.55918421373,265592.604261,6465,False
71642c7d,pf_quadratic,5,-10,0,7.3046067253,248004.634704,7023,False
71642c7d,trellis_quadratic,0,0,0,7.09132315757,233733.344454,6490,False
71642c7d,e006_hinge_025,0,20,-60,6.55553569758,199748.024416,7121,False
71642c7d,e006_hinge_050,0,-10,10,7.19169642524,240396.872254,7225,False
71642c7d,e006_hinge_075,0,-10,20,7.27945032587,246299.365473,7356,False
71642c7d,e006_jump_025,0,-10,0,7.38455686557,253463.249109,5567,False
71642c7d,e006_jump_050,0,10,-10,5.66380340968,149101.653807,5998,True
71642c7d,e006_jump_075,0,-20,10,7.25878587636,244902.99171,5546,False
71642c7d,dtw_derivative,0,0,0,16.9081207959,1328791.38305,0,False
71ccf778,last_known_tvt,0,0,0,5.38865183914,78343.3602,0,False
71ccf778,e004_geometry_prefix,0,0,0,4.15303996262,46534.4050323,0,False
71ccf778,align_visible_path,0,0,0,4.15303996262,46534.4050323,0,False
71ccf778,pf_gr_path,0,0,0,3.83323439876,39643.5647089,0,False
71ccf778,trellis_gr_path,0,0,0,3.99386428673,43035.6683362,0,False
71ccf778,e006_nested_fusion,0,0,0,3.9658675139,42434.4276618,0,False
71ccf778,wide64_anchor,0,0,0,6.37842965136,109766.416277,0,False
71ccf778,e006_affine,0,0,0,3.9658675139,42434.4276618,300,False
71ccf778,e006_quadratic,0,0,10,3.49750121419,33003.3247773,6491,False
71ccf778,wide64_quadratic,-5,0,10,3.4213476451,31581.761974,5933,False
71ccf778,pf_quadratic,0,0,10,3.34635556409,30212.4618245,6491,False
71ccf778,trellis_quadratic,-5,0,0,3.84888391254,39967.9220903,5932,False
71ccf778,e006_hinge_025,0,-20,40,2.66835383717,19210.0627166,7031,False
71ccf778,e006_hinge_050,0,-10,20,2.65773296065,19057.4430344,7226,True
71ccf778,e006_hinge_075,0,-10,60,3.00287851046,24328.6196825,7360,False
71ccf778,e006_jump_025,0,10,-10,3.4083716684,31342.659066,5610,False
71ccf778,e006_jump_050,0,0,0,3.9658675139,42434.4276618,5974,False
71ccf778,e006_jump_075,0,0,0,3.9658675139,42434.4276618,5589,False
71ccf778,dtw_derivative,0,0,0,12.982172743,454712.311033,0,False
7224331b,last_known_tvt,0,0,0,4.33826010731,114108.6961,0,False
7224331b,e004_geometry_prefix,0,0,0,5.96640001978,215830.244715,0,False
7224331b,align_visible_path,0,0,0,7.14895719508,309865.311968,0,False
7224331b,pf_gr_path,0,0,0,9.62857073381,562096.936841,0,False
7224331b,trellis_gr_path,0,0,0,6.2855592994,239538.554347,0,False
7224331b,e006_nested_fusion,0,0,0,4.85060155726,142652.297938,0,False
7224331b,wide64_anchor,0,0,0,11.1719150856,756733.256346,0,False
7224331b,e006_affine,0,0,0,4.85060155726,142652.297938,300,False
7224331b,e006_quadratic,0,0,-10,3.97386215365,95744.3520635,6489,False
7224331b,wide64_quadratic,-10,0,-10,3.46376624166,72741.9130857,5375,True
7224331b,pf_quadratic,-10,0,-10,4.60733442907,128702.517672,5375,False
7224331b,trellis_quadratic,0,0,-10,5.0351866974,153715.876086,6489,False
7224331b,e006_hinge_025,0,10,-30,4.36774244999,115664.906625,7099,False
7224331b,e006_hinge_050,0,10,-50,3.49284843218,73968.5404018,7269,False
7224331b,e006_hinge_075,0,0,-40,4.17395150296,105628.804777,7375,False
7224331b,e006_jump_025,0,0,0,4.85060155726,142652.297938,5589,False
7224331b,e006_jump_050,0,0,0,4.85060155726,142652.297938,5974,False
7224331b,e006_jump_075,0,10,-10,4.33256219828,113809.15021,5610,False
7224331b,dtw_derivative,0,0,0,54.2012519725,17811734.1624,0,False
722cf0d8,last_known_tvt,0,0,0,11.1272931064,636789.0406,0,False
722cf0d8,e004_geometry_prefix,0,0,0,10.646314986,582928.309165,0,False
722cf0d8,align_visible_path,0,0,0,12.3421281918,783423.563859,0,False
722cf0d8,pf_gr_path,0,0,0,10.1305827916,527819.443685,0,False
722cf0d8,trellis_gr_path,0,0,0,10.0489917374,519351.634292,0,False
722cf0d8,e006_nested_fusion,0,0,0,10.4434025607,560919.531182,0,False
722cf0d8,wide64_anchor,0,0,0,10.518111048,568973.484475,0,False
722cf0d8,e006_affine,0,10,0,8.05993749946,334102.613203,301,False
722cf0d8,e006_quadratic,0,10,20,4.74809344328,115945.804693,6517,False
722cf0d8,wide64_quadratic,0,10,20,4.91023363188,123999.757986,6517,False
722cf0d8,pf_quadratic,0,10,20,4.65964910417,111666.512028,6517,False
722cf0d8,trellis_quadratic,0,10,20,5.55758724498,158850.688894,6517,False
722cf0d8,e006_hinge_025,0,-40,120,5.47401461189,154109.1514,6989,False
722cf0d8,e006_hinge_050,0,-10,90,3.44394922301,61000.0236874,7233,True
722cf0d8,e006_hinge_075,0,10,50,7.35503937288,278218.83528,7409,False
722cf0d8,e006_jump_025,0,20,-10,5.30381442658,144674.891346,5632,False
722cf0d8,e006_jump_050,0,10,0,8.05993749946,334102.613203,5999,False
722cf0d8,e006_jump_075,0,0,10,5.19892988429,139009.488397,5590,False
722cf0d8,dtw_derivative,0,0,0,13.9762328071,1004608.33433,0,False
7256229b,last_known_tvt,0,0,0,6.64539246931,239133.1204,0,False
7256229b,e004_geometry_prefix,0,0,0,6.25662441935,211972.065511,0,False
7256229b,align_visible_path,0,0,0,6.25662441935,211972.065511,0,False
7256229b,pf_gr_path,0,0,0,6.51255118892,229668.143982,0,False
7256229b,trellis_gr_path,0,0,0,6.42082397337,223244.099391,0,False
7256229b,e006_nested_fusion,0,0,0,6.3171969806,216096.284201,0,False
7256229b,wide64_anchor,0,0,0,6.57858133951,234348.921166,0,False
7256229b,e006_affine,0,0,0,6.3171969806,216096.284201,300,False
7256229b,e006_quadratic,0,0,-10,6.14829969817,204695.605402,6489,False
7256229b,wide64_quadratic,0,0,-10,6.41656792432,222948.242367,6489,False
7256229b,pf_quadratic,0,0,-10,6.34885300469,218267.465183,6489,False
7256229b,trellis_quadratic,0,0,-10,6.203063384,208358.344798,6489,False
7256229b,e006_hinge_025,0,20,-50,6.08243017732,200333.106407,7122,False
7256229b,e006_hinge_050,0,0,-10,6.24191125777,210976.285051,7248,False
7256229b,e006_hinge_075,0,0,-40,5.77897306096,180842.207997,7375,True
7256229b,e006_jump_025,0,0,0,6.3171969806,216096.284201,5589,False
7256229b,e006_jump_050,0,0,0,6.3171969806,216096.284201,5974,False
7256229b,e006_jump_075,0,0,0,6.3171969806,216096.284201,5589,False
7256229b,dtw_derivative,0,0,0,23.3875501146,2961883.16446,0,False
726f3dc2,last_known_tvt,0,0,0,6.93138363866,323000.3441,0,False
726f3dc2,e004_geometry_prefix,0,0,0,5.83709426489,229063.833761,0,False
726f3dc2,align_visible_path,0,0,0,31.1017975516,6503304.53496,0,False
726f3dc2,pf_gr_path,0,0,0,8.83856462069,525202.269677,0,False
726f3dc2,trellis_gr_path,0,0,0,7.02163468754,331466.446826,0,False
726f3dc2,e006_nested_fusion,0,0,0,6.0672058563,247480.264947,0,False
726f3dc2,wide64_anchor,0,0,0,6.02835786058,244321.205184,0,False
726f3dc2,e006_affine,0,0,0,6.0672058563,247480.264947,300,False
726f3dc2,e006_quadratic,0,0,0,6.0672058563,247480.264947,6490,False
726f3dc2,wide64_quadratic,0,0,0,6.02835786058,244321.205184,6490,False
726f3dc2,pf_quadratic,-5,0,0,5.91593569561,235293.538324,5932,False
726f3dc2,trellis_quadratic,-5,10,0,6.47054572084,281478.308025,5957,False
726f3dc2,e006_hinge_025,0,30,-60,5.14425091917,177912.883682,7146,False
726f3dc2,e006_hinge_050,0,10,-20,5.43840132788,198840.853128,7272,False
726f3dc2,e006_hinge_075,0,10,-40,5.85348527405,230352.097685,7400,False
726f3dc2,e006_jump_025,0,-10,10,5.40156128511,196156.058802,5568,False
726f3dc2,e006_jump_050,0,20,-10,4.98002621121,166734.844336,6023,True
726f3dc2,e006_jump_075,0,0,0,6.0672058563,247480.264947,5589,False
726f3dc2,dtw_derivative,0,0,0,33.2589838463,7436713.72362,0,False
7271dd80,last_known_tvt,0,0,0,8.31395786564,299989.026,0,False
7271dd80,e004_geometry_prefix,0,0,0,4.75148263142,97982.3884336,0,False
7271dd80,align_visible_path,0,0,0,6.75096203117,197797.619423,0,False
7271dd80,pf_gr_path,0,0,0,7.89784596756,270711.713825,0,False
7271dd80,trellis_gr_path,0,0,0,4.94740200444,106229.253816,0,False
7271dd80,e006_nested_fusion,0,0,0,2.4198482297,25413.5880737,0,False
7271dd80,wide64_anchor,0,0,0,5.0836412106,112160.390538,0,False
7271dd80,e006_affine,0,0,0,2.4198482297,25413.5880737,300,False
7271dd80,e006_quadratic,0,0,0,2.4198482297,25413.5880737,6490,False
7271dd80,wide64_quadratic,-5,0,0,2.30598992421,23078.3385625,5932,False
7271dd80,pf_quadratic,10,0,0,3.45481211179,51801.0539986,7604,False
7271dd80,trellis_quadratic,0,0,0,4.94740200444,106229.253816,6490,False
7271dd80,e006_hinge_025,0,-10,20,2.18172079116,20657.99035,7054,True
7271dd80,e006_hinge_050,0,0,0,2.4198482297,25413.5880737,7249,False
7271dd80,e006_hinge_075,0,0,0,2.4198482297,25413.5880737,7379,False
7271dd80,e006_jump_025,0,0,0,2.4198482297,25413.5880737,5589,False
7271dd80,e006_jump_050,0,0,0,2.4198482297,25413.5880737,5974,False
7271dd80,e006_jump_075,0,0,0,2.4198482297,25413.5880737,5589,False
7271dd80,dtw_derivative,0,0,0,10.755712514,502074.426304,0,False
727a3a10,last_known_tvt,0,0,0,12.3639580349,672158.2141,0,False
727a3a10,e004_geometry_prefix,0,0,0,19.1084100469,1605482.47788,0,False
727a3a10,align_visible_path,0,0,0,18.4167281475,1491356.32527,0,False
727a3a10,pf_gr_path,0,0,0,14.6392321738,942308.400647,0,False
727a3a10,trellis_gr_path,0,0,0,20.0693733982,1771022.55457,0,False
727a3a10,e006_nested_fusion,0,0,0,16.7257843363,1230068.93574,0,False
727a3a10,wide64_anchor,0,0,0,19.9443335905,1749023.01709,0,False
727a3a10,e006_affine,-15,-10,0,4.6046648628,93229.3205788,224,False
727a3a10,e006_quadratic,-15,-10,10,2.73100128906,32794.4442756,4799,False
727a3a10,wide64_quadratic,-20,-10,10,2.86693101059,36140.2331656,4250,False
727a3a10,pf_quadratic,-15,-10,10,3.419935229,51427.1227995,4799,False
727a3a10,trellis_quadratic,-20,-10,10,4.75780497141,99533.6057177,4250,False
727a3a10,e006_hinge_025,-15,-40,80,2.41610679862,25667.804358,5147,False
727a3a10,e006_hinge_050,-15,-20,50,1.89013631879,15708.7894899,5340,True
727a3a10,e006_hinge_075,-15,-10,40,3.81459627561,63981.3834479,5483,False
727a3a10,e006_jump_025,-15,0,-10,3.4921021371,53620.4359461,4180,False
727a3a10,e006_jump_050,-15,-10,0,4.6046648628,93229.3205788,4345,False
727a3a10,e006_jump_075,-15,-20,10,3.2629651107,46814.600956,4118,False
727a3a10,dtw_derivative,0,0,0,13.0473422604,748515.116841,0,False
729665c0,last_known_tvt,0,0,0,8.66251314516,319891.8282,0,False
729665c0,e004_geometry_prefix,0,0,0,9.51282905762,385775.566805,0,False
729665c0,align_visible_path,0,0,0,7.65131733466,249567.346602,0,False
729665c0,pf_gr_path,0,0,0,9.4736906499,382607.722341,0,False
729665c0,trellis_gr_path,0,0,0,10.9497723291,511123.102433,0,False
729665c0,e006_nested_fusion,0,0,0,9.99782814629,426114.847861,0,False
729665c0,wide64_anchor,0,0,0,9.28663860232,367648.181788,0,False
729665c0,e006_affine,5,0,0,7.26175331594,224801.039988,325,False
729665c0,e006_quadratic,5,0,0,7.26175331594,224801.039988,7048,False
729665c0,wide64_quadratic,5,0,0,7.01681257318,209891.612983,7048,False
729665c0,pf_quadratic,5,0,0,7.11727085187,215944.585687,7048,False
729665c0,trellis_quadratic,10,0,0,8.11041100382,280414.882233,7604,False
729665c0,e006_hinge_025,5,20,-40,6.579189631,184527.093424,7738,False
729665c0,e006_hinge_050,5,0,10,6.92088273794,204191.80799,7873,False
729665c0,e006_hinge_075,5,0,50,6.42467187509,175961.330299,8009,False
729665c0,e006_jump_025,5,0,0,7.26175331594,224801.039988,6059,False
729665c0,e006_jump_050,5,20,-10,5.54298457789,130979.302445,6567,True
729665c0,e006_jump_075,5,-10,10,6.93205899305,204851.822748,6044,False
729665c0,dtw_derivative,0,0,0,30.4069984081,3941508.20899,0,False
729e9750,last_known_tvt,0,0,0,8.82598375565,461078.1984,0,False
729e9750,e004_geometry_prefix,0,0,0,7.50663781471,333533.349174,0,False
729e9750,align_visible_path,0,0,0,22.7523527322,3064086.09516,0,False
729e9750,pf_gr_path,0,0,0,8.88437580623,467199.297987,0,False
729e9750,trellis_gr_path,0,0,0,8.50915303053,428569.251273,0,False
729e9750,e006_nested_fusion,0,0,0,8.28398623141,406187.988635,0,False
729e9750,wide64_anchor,0,0,0,7.42740370926,326529.482767,0,False
729e9750,e006_affine,5,0,0,7.43044565192,326797.002187,325,False
729e9750,e006_quadratic,5,0,0,7.43044565192,326797.002187,7048,False
729e9750,wide64_quadratic,0,0,0,7.42740370926,326529.482767,6490,False
729e9750,pf_quadratic,5,0,0,7.33300146048,318281.856772,7048,False
729e9750,trellis_quadratic,0,0,0,8.50915303053,428569.251273,6490,False
729e9750,e006_hinge_025,5,20,-50,6.97296466154,287795.015897,7737,False
729e9750,e006_hinge_050,5,0,0,7.43044565192,326797.002187,7872,False
729e9750,e006_hinge_075,5,-10,100,6.403990466,242744.664727,7989,False
729e9750,e006_jump_025,5,0,0,7.43044565192,326797.002187,6059,False
729e9750,e006_jump_050,5,30,-20,5.7024402468,192473.004804,6591,True
729e9750,e006_jump_075,5,0,0,7.43044565192,326797.002187,6065,False
729e9750,dtw_derivative,0,0,0,29.8638199115,5278846.77134,0,False
729f4217,last_known_tvt,0,0,0,16.2517117782,1636211.8508,0,False
729f4217,e004_geometry_prefix,0,0,0,17.4551404486,1887504.54446,0,False
729f4217,align_visible_path,0,0,0,46.8745093378,13611775.581,0,False
729f4217,pf_gr_path,0,0,0,27.0668808827,4538556.37224,0,False
729f4217,trellis_gr_path,0,0,0,13.1623363807,1073265.77829,0,False
729f4217,e006_nested_fusion,0,0,0,19.7724110487,2421924.33861,0,False
729f4217,wide64_anchor,0,0,0,16.1654148818,1618881.35427,0,False
729f4217,e006_affine,-20,0,0,5.66836012023,199047.248474,200,False
729f4217,e006_quadratic,-20,0,20,3.54479769045,77843.8341773,4276,False
729f4217,wide64_quadratic,-15,0,20,3.39645261236,71464.8407059,4825,True
729f4217,pf_quadratic,-25,0,20,3.71123725314,85325.4816746,3733,False
729f4217,trellis_quadratic,-10,0,10,3.98599071943,98426.9158852,5377,False
729f4217,e006_hinge_025,-20,-40,100,3.87625757258,93082.1843037,4547,False
729f4217,e006_hinge_050,-20,-10,50,4.12130501776,105223.035531,4749,False
729f4217,e006_hinge_075,-20,-10,110,4.20511534609,109546.154483,4866,False
729f4217,e006_jump_025,-20,10,-10,5.50572074608,187788.792985,3735,False
729f4217,e006_jump_050,-20,0,0,5.66836012023,199047.248474,3855,False
729f4217,e006_jump_075,-20,-10,10,5.31314081482,174881.537646,3668,False
729f4217,dtw_derivative,0,0,0,24.6760323235,3772176.20878,0,False
72dd8501,last_known_tvt,0,0,0,6.07208203524,191466.846,0,False
72dd8501,e004_geometry_prefix,0,0,0,4.84782272022,122042.692963,0,False
72dd8501,align_visible_path,0,0,0,4.84782272022,122042.692963,0,False
72dd8501,pf_gr_path,0,0,0,8.01265947978,333404.683099,0,False
72dd8501,trellis_gr_path,0,0,0,5.27706928778,144611.861172,0,False
72dd8501,e006_nested_fusion,0,0,0,6.10332311195,193442.121775,0,False
72dd8501,wide64_anchor,0,0,0,6.71209723432,233956.330526,0,False
72dd8501,e006_affine,5,10,0,3.69864331499,71040.0445954,326,False
72dd8501,e006_quadratic,5,10,0,3.69864331499,71040.0445954,7073,False
72dd8501,wide64_quadratic,5,10,0,3.21876191741,53801.704063,7073,False
72dd8501,pf_quadratic,5,10,0,2.93622212771,44770.9321903,7073,True
72dd8501,trellis_quadratic,0,10,-10,4.46350995923,103459.729564,6514,False
72dd8501,e006_hinge_025,5,20,-30,3.59612075901,67156.3148782,7739,False
72dd8501,e006_hinge_050,5,10,-10,3.25929538743,55165.2723521,7896,False
72dd8501,e006_hinge_075,5,10,-30,3.30699010212,56791.6010999,8026,False
72dd8501,e006_jump_025,5,10,0,3.69864331499,71040.0445954,6081,False
72dd8501,e006_jump_050,5,10,0,3.69864331499,71040.0445954,6543,False
72dd8501,e006_jump_075,5,10,0,3.69864331499,71040.0445954,6087,False
72dd8501,dtw_derivative,0,0,0,37.1500813985,7167007.54932,0,False
73348914,last_known_tvt,0,0,0,10.6917292062,482515.4829,0,False
73348914,e004_geometry_prefix,0,0,0,5.31481705541,119231.770284,0,False
73348914,align_visible_path,0,0,0,8.14572804136,280075.528952,0,False
73348914,pf_gr_path,0,0,0,6.68504459431,188635.735403,0,False
73348914,trellis_gr_path,0,0,0,7.12133904147,214061.555788,0,False
73348914,e006_nested_fusion,0,0,0,6.7382288612,191649.136673,0,False
73348914,wide64_anchor,0,0,0,7.24851097208,221775.18665,0,False
73348914,e006_affine,5,0,0,4.3224682918,78864.033336,325,False
73348914,e006_quadratic,5,0,0,4.3224682918,78864.033336,7048,False
73348914,wide64_quadratic,5,0,0,4.39642732639,81585.90763,7048,False
73348914,pf_quadratic,5,0,0,4.31947483683,78754.8391573,7048,False
73348914,trellis_quadratic,5,0,0,6.72211192294,190733.435122,7048,False
73348914,e006_hinge_025,5,20,-50,3.88417978411,63681.6048046,7737,True
73348914,e006_hinge_050,5,0,0,4.3224682918,78864.033336,7872,False
73348914,e006_hinge_075,5,0,-10,4.31718479211,78671.3547978,8003,False
73348914,e006_jump_025,5,0,0,4.3224682918,78864.033336,6059,False
73348914,e006_jump_050,5,0,0,4.3224682918,78864.033336,6518,False
73348914,e006_jump_075,5,0,0,4.3224682918,78864.033336,6065,False
73348914,dtw_derivative,0,0,0,26.644154268,2996534.14805,0,False
739a914f,last_known_tvt,0,0,0,13.5400221009,1009243.7527,0,False
739a914f,e004_geometry_prefix,0,0,0,16.0338929577,1415256.90721,0,False
739a914f,align_visible_path,0,0,0,11.8456355253,772456.540898,0,False
739a914f,pf_gr_path,0,0,0,12.9780449207,927205.223054,0,False
739a914f,trellis_gr_path,0,0,0,15.8652097789,1385635.37172,0,False
739a914f,e006_nested_fusion,0,0,0,10.4196933475,597677.902059,0,False
739a914f,wide64_anchor,0,0,0,11.1922621837,689593.363999,0,False
739a914f,e006_affine,0,-10,0,6.89688909644,261856.771043,299,False
739a914f,e006_quadratic,0,-10,10,6.49980883153,232572.569229,6466,False
739a914f,wide64_quadratic,-5,-10,10,6.52352732653,234273.030334,5908,False
739a914f,pf_quadratic,10,-10,10,6.04051460418,200865.430842,7580,False
739a914f,trellis_quadratic,-10,-20,0,8.31601047289,380703.946169,5326,False
739a914f,e006_hinge_025,0,-10,-10,6.44555242012,228706.028733,7051,False
739a914f,e006_hinge_050,0,-20,30,6.03005378824,200170.325533,7202,False
739a914f,e006_hinge_075,0,-20,90,4.73502890803,123424.845673,7338,False
739a914f,e006_jump_025,0,-10,0,6.89688909644,261856.771043,5567,False
739a914f,e006_jump_050,0,0,-10,4.09296948944,92221.9578243,5973,True
739a914f,e006_jump_075,0,-30,10,5.82912380481,187052.657247,5524,False
739a914f,dtw_derivative,0,0,0,50.6791499268,14138911.1863,0,False
73b1447d,last_known_tvt,0,0,0,13.4048438717,1018841.3884,0,False
73b1447d,e004_geometry_prefix,0,0,0,15.3373742347,1333782.72452,0,False
73b1447d,align_visible_path,0,0,0,33.6675462293,6426965.8038,0,False
73b1447d,pf_gr_path,0,0,0,22.8753811786,2967014.97325,0,False
73b1447d,trellis_gr_path,0,0,0,15.8512535046,1424656.88758,0,False
73b1447d,e006_nested_fusion,0,0,0,18.4466486132,1929381.05148,0,False
73b1447d,wide64_anchor,0,0,0,18.2564581605,1889801.16009,0,False
73b1447d,e006_affine,15,10,0,9.82824762713,547690.539553,376,False
73b1447d,e006_quadratic,15,10,20,7.69004310079,335305.445598,8184,False
73b1447d,wide64_quadratic,15,10,20,7.74538268046,340148.702754,8184,False
73b1447d,pf_quadratic,20,20,20,7.4556469656,315176.428401,8758,False
73b1447d,trellis_quadratic,10,20,30,7.57045149738,324957.542407,7657,False
73b1447d,e006_hinge_025,15,-30,110,7.23698032923,296959.9239,8851,False
73b1447d,e006_hinge_050,15,-10,100,6.80044833279,262215.372978,9098,False
73b1447d,e006_hinge_075,15,10,60,9.03288930712,462632.815961,9285,False
73b1447d,e006_jump_025,15,40,-20,5.64115866425,180434.544997,7082,True
73b1447d,e006_jump_050,15,0,10,8.08390678987,370531.942758,7579,False
73b1447d,e006_jump_075,15,0,10,9.20815499382,480759.971272,7018,False
73b1447d,dtw_derivative,0,0,0,13.7964640327,1079241.52029,0,False
74b6186b,last_known_tvt,0,0,0,9.00719678646,276246.2674,0,False
74b6186b,e004_geometry_prefix,0,0,0,5.33080809529,96761.6384008,0,False
74b6186b,align_visible_path,0,0,0,5.33080809529,96761.6384008,0,False
74b6186b,pf_gr_path,0,0,0,6.81454437881,158121.441384,0,False
74b6186b,trellis_gr_path,0,0,0,5.20734109116,92331.3462211,0,False
74b6186b,e006_nested_fusion,0,0,0,5.37745899949,98462.6073167,0,False
74b6186b,wide64_anchor,0,0,0,6.43564478235,141026.668418,0,False
74b6186b,e006_affine,5,0,0,2.26532376913,17473.4105074,325,False
74b6186b,e006_quadratic,5,0,0,2.26532376913,17473.4105074,7048,False
74b6186b,wide64_quadratic,5,0,0,2.48345662863,21000.5309935,7048,False
74b6186b,pf_quadratic,5,0,0,2.72804756029,25340.8390876,7048,False
74b6186b,trellis_quadratic,5,0,0,2.79449202924,26590.2773135,7048,False
74b6186b,e006_hinge_025,5,10,-20,1.83415310852,11454.8205148,7715,True
74b6186b,e006_hinge_050,5,0,0,2.26532376913,17473.4105074,7872,False
74b6186b,e006_hinge_075,5,0,10,2.15765492592,15851.8916236,8005,False
74b6186b,e006_jump_025,5,0,0,2.26532376913,17473.4105074,6059,False
74b6186b,e006_jump_050,5,0,0,2.26532376913,17473.4105074,6518,False
74b6186b,e006_jump_075,5,0,0,2.26532376913,17473.4105074,6065,False
74b6186b,dtw_derivative,0,0,0,8.61185630194,252528.654827,0,False
75c20ec7,last_known_tvt,0,0,0,11.0544657552,655120.7036,0,False
75c20ec7,e004_geometry_prefix,0,0,0,8.74121298649,409627.600792,0,False
75c20ec7,align_visible_path,0,0,0,18.4543170766,1825751.91038,0,False
75c20ec7,pf_gr_path,0,0,0,13.8779727169,1032518.55741,0,False
75c20ec7,trellis_gr_path,0,0,0,9.4245725823,476177.788973,0,False
75c20ec7,e006_nested_fusion,0,0,0,8.38077726437,376542.849123,0,False
75c20ec7,wide64_anchor,0,0,0,8.7716115042,412481.603688,0,False
75c20ec7,e006_affine,0,-10,0,7.75508436895,322417.689267,299,False
75c20ec7,e006_quadratic,0,-10,-10,7.61660221923,311005.706031,6464,False
75c20ec7,wide64_quadratic,-5,-10,-10,7.91665022725,335991.833749,5906,False
75c20ec7,pf_quadratic,-10,-10,-10,7.40981995659,294348.019822,5350,False
75c20ec7,trellis_quadratic,5,-10,0,8.43055185226,381028.810505,7023,False
75c20ec7,e006_hinge_025,0,10,-40,7.40876328175,294264.07501,7098,False
75c20ec7,e006_hinge_050,0,0,-20,7.57137766396,307323.397914,7247,False
75c20ec7,e006_hinge_075,0,0,-80,6.64984502178,237065.77248,7371,True
75c20ec7,e006_jump_025,0,-10,0,7.75508436895,322417.689267,5567,False
75c20ec7,e006_jump_050,0,-20,10,7.49597923103,301233.006532,5925,False
75c20ec7,e006_jump_075,0,-10,0,7.75508436895,322417.689267,5567,False
75c20ec7,dtw_derivative,0,0,0,21.4950104312,2476972.1731,0,False
75cd5f11,last_known_tvt,0,0,0,5.26006607441,136847.3876,0,False
75cd5f11,e004_geometry_prefix,0,0,0,5.43100541343,145886.324734,0,False
75cd5f11,align_visible_path,0,0,0,5.43100541343,145886.324734,0,False
75cd5f11,pf_gr_path,0,0,0,4.35459716387,93788.6064093,0,False
75cd5f11,trellis_gr_path,0,0,0,5.7578609273,163974.552318,0,False
75cd5f11,e006_nested_fusion,0,0,0,4.23531787638,88720.9400242,0,False
75cd5f11,wide64_anchor,0,0,0,4.92523474253,119979.757732,0,False
75cd5f11,e006_affine,0,-10,0,3.84281503992,73038.706874,299,False
75cd5f11,e006_quadratic,0,-10,0,3.84281503992,73038.706874,6465,False
75cd5f11,wide64_quadratic,-5,-10,0,4.57222349361,103397.256083,5907,False
75cd5f11,pf_quadratic,0,0,0,4.35459716387,93788.6064093,6490,False
75cd5f11,trellis_quadratic,-5,-10,0,4.27267938265,90293.1329227,5907,False
75cd5f11,e006_hinge_025,0,0,-10,2.78255033159,38294.8320764,7076,True
75cd5f11,e006_hinge_050,0,-10,20,3.04817902919,45955.2416187,7226,False
75cd5f11,e006_hinge_075,0,-10,20,3.4997849789,60581.0557683,7356,False
75cd5f11,e006_jump_025,0,-10,0,3.84281503992,73038.706874,5567,False
75cd5f11,e006_jump_050,0,-10,0,3.84281503992,73038.706874,5949,False
75cd5f11,e006_jump_075,0,-10,0,3.84281503992,73038.706874,5567,False
75cd5f11,dtw_derivative,0,0,0,5.06436668886,126854.068058,0,False
75d20a82,last_known_tvt,0,0,0,17.2307050805,1504378.1001,0,False
75d20a82,e004_geometry_prefix,0,0,0,18.3217531447,1700924.19624,0,False
75d20a82,align_visible_path,0,0,0,25.633862087,3329499.78479,0,False
75d20a82,pf_gr_path,0,0,0,18.9903440986,1827328.26723,0,False
75d20a82,trellis_gr_path,0,0,0,18.6853205065,1769098.47271,0,False
75d20a82,e006_nested_fusion,0,0,0,18.7852364428,1788068.84331,0,False
75d20a82,wide64_anchor,0,0,0,17.7573978126,1597752.67224,0,False
75d20a82,e006_affine,-10,20,0,10.1495153788,521965.160504,252,False
75d20a82,e006_quadratic,-10,20,20,8.418589418,359111.706346,5428,False
75d20a82,wide64_quadratic,-10,20,20,8.18674719075,339604.677407,5428,False
75d20a82,pf_quadratic,-10,20,20,8.4425276205,361156.87338,5428,False
75d20a82,trellis_quadratic,-10,20,20,8.99590281705,410053.397391,5428,False
75d20a82,e006_hinge_025,-10,-30,120,6.18105245961,193586.809979,5785,False
75d20a82,e006_hinge_050,-10,0,70,8.66794803906,380700.548694,6011,False
75d20a82,e006_hinge_075,-10,20,0,10.1495153788,521965.160504,6179,False
75d20a82,e006_jump_025,-10,30,-10,8.36838694283,354841.503426,4714,False
75d20a82,e006_jump_050,-10,-10,20,7.13386548963,257869.950588,4872,False
75d20a82,e006_jump_075,-10,10,10,9.90173387149,496790.638665,4659,False
75d20a82,dtw_derivative,0,0,0,5.66055743847,162356.360576,0,True
76201745,last_known_tvt,0,0,0,7.88181189198,276322.9203,0,False
76201745,e004_geometry_prefix,0,0,0,9.58113626575,408318.269691,0,False
76201745,align_visible_path,0,0,0,9.10051154434,368380.29252,0,False
76201745,pf_gr_path,0,0,0,11.3748692197,575516.266152,0,False
76201745,trellis_gr_path,0,0,0,9.58113626575,408318.269691,0,False
76201745,e006_nested_fusion,0,0,0,10.4879505519,489267.13095,0,False
76201745,wide64_anchor,0,0,0,8.39404077165,313405.726277,0,False
76201745,e006_affine,-5,-10,0,7.47321848858,248416.327883,274,False
76201745,e006_quadratic,-5,-10,-10,6.67515153383,198192.418302,5906,False
76201745,wide64_quadratic,-5,-10,-10,6.81360139498,206499.129337,5906,False
76201745,pf_quadratic,-10,-10,-10,6.67073278698,197930.110471,5350,False
76201745,trellis_quadratic,-5,-10,-10,6.4783838163,186680.144164,5906,False
76201745,e006_hinge_025,-5,30,-90,6.21447788767,171780.583132,6528,False
76201745,e006_hinge_050,-5,10,-60,6.3095235072,177075.266477,6645,False
76201745,e006_hinge_075,-5,0,-50,7.36813336304,241479.203408,6749,False
76201745,e006_jump_025,-5,-20,10,6.14368327942,167889.06717,5076,False
76201745,e006_jump_050,-5,-10,0,7.47321848858,248416.327883,5405,False
76201745,e006_jump_075,-5,0,-10,5.98650430609,159408.463973,5112,True
76201745,dtw_derivative,0,0,0,30.1292092569,4037757.62599,0,False
764072a5,last_known_tvt,0,0,0,6.35830606522,119222.3372,0,False
764072a5,e004_geometry_prefix,0,0,0,5.54204713038,90576.4305799,0,False
764072a5,align_visible_path,0,0,0,8.63814824177,220047.317283,0,False
764072a5,pf_gr_path,0,0,0,6.62649471724,129491.864669,0,False
764072a5,trellis_gr_path,0,0,0,5.91070357094,103027.492859,0,False
764072a5,e006_nested_fusion,0,0,0,6.35103980645,118949.998832,0,False
764072a5,wide64_anchor,0,0,0,7.06665971721,147266.217019,0,False
764072a5,e006_affine,5,0,0,4.85242309753,69437.1832465,325,False
764072a5,e006_quadratic,5,0,-10,3.40458312112,34182.4081881,7047,False
764072a5,wide64_quadratic,5,0,-10,3.31030090922,32315.4136313,7047,False
764072a5,pf_quadratic,5,0,-10,3.36226658655,33337.9631306,7047,False
764072a5,trellis_quadratic,5,0,-10,4.05785437833,48558.7711772,7047,False
764072a5,e006_hinge_025,5,10,-20,4.67963960748,64580.2301982,7715,False
764072a5,e006_hinge_050,5,10,-40,3.26718971391,31479.1849201,7893,False
764072a5,e006_hinge_075,5,10,-100,2.94778127318,25625.0831674,8019,True
764072a5,e006_jump_025,5,-10,10,4.82692059389,68709.2299758,6038,False
764072a5,e006_jump_050,5,0,0,4.85242309753,69437.1832465,6518,False
764072a5,e006_jump_075,5,10,-10,3.21246446579,30433.4675068,6086,False
764072a5,dtw_derivative,0,0,0,11.9777590195,423083.33112,0,False
77b0d905,last_known_tvt,0,0,0,13.0483653519,710664.5653,0,False
77b0d905,e004_geometry_prefix,0,0,0,7.72701773178,249216.195835,0,False
77b0d905,align_visible_path,0,0,0,22.9582587395,2200038.78352,0,False
77b0d905,pf_gr_path,0,0,0,2.54846184748,27108.7016073,0,True
77b0d905,trellis_gr_path,0,0,0,12.6018843606,662862.460916,0,False
77b0d905,e006_nested_fusion,0,0,0,6.78306578755,192045.66269,0,False
77b0d905,wide64_anchor,0,0,0,7.0959226668,210169.742591,0,False
77b0d905,e006_affine,5,0,0,2.93474294023,35949.4771068,325,False
77b0d905,e006_quadratic,5,0,0,2.93474294023,35949.4771068,7048,False
77b0d905,wide64_quadratic,5,0,0,3.09311742276,39934.2248819,7048,False
77b0d905,pf_quadratic,0,0,0,2.54846184748,27108.7016073,6490,False
77b0d905,trellis_quadratic,10,0,0,5.421537221,122686.656811,7604,False
77b0d905,e006_hinge_025,5,10,-20,2.79060586697,32504.9461313,7715,False
77b0d905,e006_hinge_050,5,0,10,2.66564404766,29659.0172801,7873,False
77b0d905,e006_hinge_075,5,0,20,2.77777832259,32206.8027571,8006,False
77b0d905,e006_jump_025,5,0,0,2.93474294023,35949.4771068,6059,False
77b0d905,e006_jump_050,5,0,0,2.93474294023,35949.4771068,6518,False
77b0d905,e006_jump_075,5,0,0,2.93474294023,35949.4771068,6065,False
77b0d905,dtw_derivative,0,0,0,28.4025716036,3367191.15162,0,False
77e4821c,last_known_tvt,0,0,0,19.2186053954,1991930.4005,0,False
77e4821c,e004_geometry_prefix,0,0,0,16.0707367505,1392842.45035,0,False
77e4821c,align_visible_path,0,0,0,10.5777130216,603412.052849,0,False
77e4821c,pf_gr_path,0,0,0,8.61073066104,399862.272814,0,False
77e4821c,trellis_gr_path,0,0,0,16.6499134764,1495045.40404,0,False
77e4821c,e006_nested_fusion,0,0,0,13.3301203678,958293.543945,0,False
77e4821c,wide64_anchor,0,0,0,12.2178458827,805044.162973,0,False
77e4821c,e006_affine,10,10,0,6.74868004845,245622.472164,351,False
77e4821c,e006_quadratic,10,10,0,6.74868004845,245622.472164,7629,False
77e4821c,wide64_quadratic,5,10,0,6.84947682597,253014.389734,7073,False
77e4821c,pf_quadratic,0,10,0,6.59344431093,234452.628004,6515,False
77e4821c,trellis_quadratic,15,10,10,8.21209578104,363695.922812,8183,False
77e4821c,e006_hinge_025,10,0,30,6.2786810933,212601.963011,8309,True
77e4821c,e006_hinge_050,10,10,10,6.40031801289,220919.233103,8520,False
77e4821c,e006_hinge_075,10,10,20,6.62020961039,236359.956315,8656,False
77e4821c,e006_jump_025,10,10,0,6.74868004845,245622.472164,6550,False
77e4821c,e006_jump_050,10,0,10,6.52396290894,229537.362357,7054,False
77e4821c,e006_jump_075,10,10,0,6.74868004845,245622.472164,6564,False
77e4821c,dtw_derivative,0,0,0,19.7937685123,2112941.11547,0,False
7850c72e,last_known_tvt,0,0,0,12.3506599817,838505.7945,0,False
7850c72e,e004_geometry_prefix,0,0,0,13.4014634466,987256.926141,0,False
7850c72e,align_visible_path,0,0,0,13.4014634466,987256.926141,0,False
7850c72e,pf_gr_path,0,0,0,14.6731501512,1183511.44048,0,False
7850c72e,trellis_gr_path,0,0,0,12.2228743757,821244.423053,0,False
7850c72e,e006_nested_fusion,0,0,0,12.5755261737,869316.790422,0,False
7850c72e,wide64_anchor,0,0,0,13.2572311697,966120.718043,0,False
7850c72e,e006_affine,5,10,0,10.1408737456,565296.749827,326,False
7850c72e,e006_quadratic,5,10,-20,9.00318142638,445571.845052,7071,False
7850c72e,wide64_quadratic,-5,10,-20,9.10815643956,456022.94996,5955,False
7850c72e,pf_quadratic,10,10,-20,9.05206285843,450423.311436,7627,False
7850c72e,trellis_quadratic,5,10,-10,8.13170333827,363486.921702,7072,False
7850c72e,e006_hinge_025,5,10,0,10.1408737456,565296.749827,7717,False
7850c72e,e006_hinge_050,5,30,-80,7.92290400003,345059.925642,7939,False
7850c72e,e006_hinge_075,5,20,-110,9.13795018524,459011.228333,8043,False
7850c72e,e006_jump_025,5,0,10,8.74671481128,420548.094884,6060,False
7850c72e,e006_jump_050,5,-10,10,9.91005839699,539856.288102,6494,False
7850c72e,e006_jump_075,5,30,-20,7.37592655041,299060.395746,6129,True
7850c72e,dtw_derivative,0,0,0,33.4809669891,6162000.40244,0,False
78a4a386,last_known_tvt,0,0,0,5.86618637668,176155.758,0,False
78a4a386,e004_geometry_prefix,0,0,0,6.12220507674,191867.261014,0,False
78a4a386,align_visible_path,0,0,0,10.6823147245,584138.549262,0,False
78a4a386,pf_gr_path,0,0,0,6.40418301169,209948.413882,0,False
78a4a386,trellis_gr_path,0,0,0,8.10844254079,336558.076198,0,False
78a4a386,e006_nested_fusion,0,0,0,6.26450350862,200890.057548,0,False
78a4a386,wide64_anchor,0,0,0,5.80434585856,172461.3155,0,False
78a4a386,e006_affine,0,0,0,6.26450350862,200890.057548,300,False
78a4a386,e006_quadratic,0,0,0,6.26450350862,200890.057548,6490,False
78a4a386,wide64_quadratic,0,0,0,5.80434585856,172461.3155,6490,False
78a4a386,pf_quadratic,5,0,0,5.9022469835,178328.143086,7048,False
78a4a386,trellis_quadratic,5,0,0,5.48833710449,154193.720319,7048,True
78a4a386,e006_hinge_025,0,10,-30,5.58168357365,159483.425372,7099,False
78a4a386,e006_hinge_050,0,-10,20,5.92699863444,179826.952288,7226,False
78a4a386,e006_hinge_075,0,0,-30,6.05179928974,187479.661899,7376,False
78a4a386,e006_jump_025,0,0,0,6.26450350862,200890.057548,5589,False
78a4a386,e006_jump_050,0,0,0,6.26450350862,200890.057548,5974,False
78a4a386,e006_jump_075,0,0,0,6.26450350862,200890.057548,5589,False
78a4a386,dtw_derivative,0,0,0,21.0534473065,2268984.68702,0,False
79507629,last_known_tvt,0,0,0,12.5703200355,837784.6386,0,False
79507629,e004_geometry_prefix,0,0,0,11.1912205591,664040.600127,0,False
79507629,align_visible_path,0,0,0,11.1912205591,664040.600127,0,False
79507629,pf_gr_path,0,0,0,7.74479387934,318023.674502,0,False
79507629,trellis_gr_path,0,0,0,11.2100700707,666279.387584,0,False
79507629,e006_nested_fusion,0,0,0,9.14010282348,442936.924965,0,False
79507629,wide64_anchor,0,0,0,7.87390122906,328715.095636,0,False
79507629,e006_affine,-5,-10,0,2.61348185118,36214.1837231,274,False
79507629,e006_quadratic,-5,-10,0,2.61348185118,36214.1837231,5907,False
79507629,wide64_quadratic,-5,-10,0,2.2156439884,26027.9330583,5907,False
79507629,pf_quadratic,-5,-10,0,2.15870842604,24707.4370081,5907,True
79507629,trellis_quadratic,-10,-10,0,4.21335729277,94123.117045,5351,False
79507629,e006_hinge_025,-5,-10,0,2.61348185118,36214.1837231,6437,False
79507629,e006_hinge_050,-5,-10,0,2.61348185118,36214.1837231,6601,False
79507629,e006_hinge_075,-5,-10,0,2.61348185118,36214.1837231,6729,False
79507629,e006_jump_025,-5,-10,0,2.61348185118,36214.1837231,5097,False
79507629,e006_jump_050,-5,-10,0,2.61348185118,36214.1837231,5405,False
79507629,e006_jump_075,-5,-10,0,2.61348185118,36214.1837231,5091,False
79507629,dtw_derivative,0,0,0,22.6033949094,2708863.1725,0,False
796dbd4c,last_known_tvt,0,0,0,4.86750711804,148031.5244,0,False
796dbd4c,e004_geometry_prefix,0,0,0,10.3293743659,666636.450496,0,False
796dbd4c,align_visible_path,0,0,0,5.45249860395,185751.421931,0,False
796dbd4c,pf_gr_path,0,0,0,8.30618744972,431066.701687,0,False
796dbd4c,trellis_gr_path,0,0,0,11.6715097731,851128.429123,0,False
796dbd4c,e006_nested_fusion,0,0,0,8.57525131436,459446.274533,0,False
796dbd4c,wide64_anchor,0,0,0,10.0463653676,630607.247961,0,False
796dbd4c,e006_affine,-5,-10,0,5.27706060623,173990.359274,274,False
796dbd4c,e006_quadratic,-5,-10,0,5.27706060623,173990.359274,5907,False
796dbd4c,wide64_quadratic,-10,-10,0,5.04516063404,159034.379104,5351,False
796dbd4c,pf_quadratic,-5,0,0,5.12825476955,164316.13314,5932,False
796dbd4c,trellis_quadratic,-10,-10,10,3.55984466932,79177.7429475,5352,True
796dbd4c,e006_hinge_025,-5,0,-10,4.45846226505,124197.030284,6461,False
796dbd4c,e006_hinge_050,-5,-10,20,4.23731929709,112182.05791,6603,False
796dbd4c,e006_hinge_075,-5,-10,50,3.9019632867,95127.7836822,6734,False
796dbd4c,e006_jump_025,-5,-10,0,5.27706060623,173990.359274,5097,False
796dbd4c,e006_jump_050,-5,10,-10,3.68201768192,84705.7243041,5454,False
796dbd4c,e006_jump_075,-5,-10,0,5.27706060623,173990.359274,5091,False
796dbd4c,dtw_derivative,0,0,0,12.6746849551,1003726.44667,0,False
7987f2f2,last_known_tvt,0,0,0,12.030471815,536232.994,0,False
7987f2f2,e004_geometry_prefix,0,0,0,11.8486653701,520148.177246,0,False
7987f2f2,align_visible_path,0,0,0,11.8486653701,520148.177246,0,False
7987f2f2,pf_gr_path,0,0,0,15.779582571,922527.312752,0,False
7987f2f2,trellis_gr_path,0,0,0,12.2546684368,556405.408927,0,False
7987f2f2,e006_nested_fusion,0,0,0,12.9187116731,618338.977335,0,False
7987f2f2,wide64_anchor,0,0,0,13.2767334558,653086.467909,0,False
7987f2f2,e006_affine,-10,10,0,9.60180319276,341581.083967,251,False
7987f2f2,e006_quadratic,-10,10,20,7.84412529209,227969.76742,5403,False
7987f2f2,wide64_quadratic,-10,10,20,7.70020664449,219681.240673,5403,False
7987f2f2,pf_quadratic,-10,10,20,7.64071264965,216299.714689,5403,False
7987f2f2,trellis_quadratic,-5,10,20,8.54961278703,270820.230984,5959,False
7987f2f2,e006_hinge_025,-10,-40,110,6.54677825717,158797.432058,5759,True
7987f2f2,e006_hinge_050,-10,-10,70,8.48637722168,266828.906882,5986,False
7987f2f2,e006_hinge_075,-10,0,90,8.80839312362,287462.759802,6138,False
7987f2f2,e006_jump_025,-10,20,-10,7.18324391651,191174.269673,4693,False
7987f2f2,e006_jump_050,-10,-10,10,8.48175284468,266538.186534,4871,False
7987f2f2,e006_jump_075,-10,0,10,9.44347496791,330409.008135,4637,False
7987f2f2,dtw_derivative,0,0,0,7.77807554449,224146.791246,0,False
7993a768,last_known_tvt,0,0,0,8.94458476658,438990.7088,0,False
7993a768,e004_geometry_prefix,0,0,0,10.4572333221,600023.909669,0,False
7993a768,align_visible_path,0,0,0,3.68068051786,74334.633592,0,False
7993a768,pf_gr_path,0,0,0,8.76649391006,421683.716712,0,False
7993a768,trellis_gr_path,0,0,0,10.3375366698,586366.413555,0,False
7993a768,e006_nested_fusion,0,0,0,3.6924848204,74812.1950451,0,False
7993a768,wide64_anchor,0,0,0,4.02458330374,88874.424708,0,False
7993a768,e006_affine,0,0,0,3.6924848204,74812.1950451,300,False
7993a768,e006_quadratic,0,0,0,3.6924848204,74812.1950451,6490,False
7993a768,wide64_quadratic,0,0,0,4.02458330374,88874.424708,6490,False
7993a768,pf_quadratic,-10,0,0,3.46628491096,65927.0242577,5376,False
7993a768,trellis_quadratic,10,0,-10,5.04458894214,139632.504365,7603,False
7993a768,e006_hinge_025,0,20,-40,2.78880409145,42674.7488653,7123,True
7993a768,e006_hinge_050,0,0,10,3.13573906293,53952.8999161,7250,False
7993a768,e006_hinge_075,0,0,20,3.41638452954,64042.5260131,7381,False
7993a768,e006_jump_025,0,0,0,3.6924848204,74812.1950451,5589,False
7993a768,e006_jump_050,0,0,0,3.6924848204,74812.1950451,5974,False
7993a768,e006_jump_075,0,0,0,3.6924848204,74812.1950451,5589,False
7993a768,dtw_derivative,0,0,0,16.5647983133,1505591.88432,0,False
7a5660b0,last_known_tvt,0,0,0,13.4534115596,904609.4244,0,False
7a5660b0,e004_geometry_prefix,0,0,0,14.4628315837,1045449.14009,0,False
7a5660b0,align_visible_path,0,0,0,7.37667833254,271968.085342,0,False
7a5660b0,pf_gr_path,0,0,0,3.87146314897,74911.1581152,0,False
7a5660b0,trellis_gr_path,0,0,0,11.3142348245,639803.524505,0,False
7a5660b0,e006_nested_fusion,0,0,0,8.50857803531,361834.709115,0,False
7a5660b0,wide64_anchor,0,0,0,5.69489874187,162094.494657,0,False
7a5660b0,e006_affine,-5,-10,0,4.24340337371,89996.3480158,274,False
7a5660b0,e006_quadratic,-5,-10,0,4.24340337371,89996.3480158,5907,False
7a5660b0,wide64_quadratic,-5,-10,0,3.99579341852,79799.8924874,5907,False
7a5660b0,pf_quadratic,0,0,0,3.87146314897,74911.1581152,6490,False
7a5660b0,trellis_quadratic,-10,-10,0,4.43261052379,98200.8842057,5351,False
7a5660b0,e006_hinge_025,-5,-20,30,3.45113759559,59527.9328172,6415,True
7a5660b0,e006_hinge_050,-5,-10,10,3.68997328923,68052.2825703,6602,False
7a5660b0,e006_hinge_075,-5,0,-50,4.09698278404,83892.7691279,6749,False
7a5660b0,e006_jump_025,-5,-10,0,4.24340337371,89996.3480158,5097,False
7a5660b0,e006_jump_050,-5,-20,10,3.75057859382,70306.0652624,5381,False
7a5660b0,e006_jump_075,-5,-10,0,4.24340337371,89996.3480158,5091,False
7a5660b0,dtw_derivative,0,0,0,10.9939773573,604095.955588,0,False
7acda2df,last_known_tvt,0,0,0,13.8412276907,592172.4941,0,False
7acda2df,e004_geometry_prefix,0,0,0,14.6208054427,660756.738991,0,False
7acda2df,align_visible_path,0,0,0,14.6208054427,660756.738991,0,False
7acda2df,pf_gr_path,0,0,0,11.5649697734,413416.693431,0,False
7acda2df,trellis_gr_path,0,0,0,14.3014060022,632202.890357,0,False
7acda2df,e006_nested_fusion,0,0,0,12.771227287,504155.225672,0,False
7acda2df,wide64_anchor,0,0,0,13.079716875,528805.169001,0,False
7acda2df,e006_affine,5,20,0,3.90360818288,47101.1428093,327,False
7acda2df,e006_quadratic,5,20,0,3.90360818288,47101.1428093,7098,False
7acda2df,wide64_quadratic,5,20,0,4.13129385242,52755.9172745,7098,False
7acda2df,pf_quadratic,5,20,0,3.93182360974,47784.5012521,7098,False
7acda2df,trellis_quadratic,10,20,0,4.1325150268,52787.1102608,7654,False
7acda2df,e006_hinge_025,5,0,40,3.25059669199,32660.6770376,7696,True
7acda2df,e006_hinge_050,5,20,0,3.90360818288,47101.1428093,7922,False
7acda2df,e006_hinge_075,5,20,-20,3.74233627493,43289.7047363,8052,False
7acda2df,e006_jump_025,5,20,0,3.90360818288,47101.1428093,6103,False
7acda2df,e006_jump_050,5,20,0,3.90360818288,47101.1428093,6568,False
7acda2df,e006_jump_075,5,20,0,3.90360818288,47101.1428093,6109,False
7acda2df,dtw_derivative,0,0,0,52.1228248166,8397594.38747,0,False
7b2c7b3c,last_known_tvt,0,0,0,6.17273385675,98457.2302,0,False
7b2c7b3c,e004_geometry_prefix,0,0,0,5.33281233411,73486.0850179,0,False
7b2c7b3c,align_visible_path,0,0,0,8.9657750281,207715.154872,0,False
7b2c7b3c,pf_gr_path,0,0,0,4.92890973457,62776.0866272,0,False
7b2c7b3c,trellis_gr_path,0,0,0,6.8131628886,119947.183204,0,False
7b2c7b3c,e006_nested_fusion,0,0,0,5.33089512526,73433.2562895,0,False
7b2c7b3c,wide64_anchor,0,0,0,5.33938436553,73667.3216411,0,False
7b2c7b3c,e006_affine,0,0,0,5.33089512526,73433.2562895,300,False
7b2c7b3c,e006_quadratic,0,0,0,5.33089512526,73433.2562895,6490,False
7b2c7b3c,wide64_quadratic,0,0,0,5.33938436553,73667.3216411,6490,False
7b2c7b3c,pf_quadratic,0,0,0,4.92890973457,62776.0866272,6490,False
7b2c7b3c,trellis_quadratic,0,10,0,5.22862148426,70642.6391046,6515,False
7b2c7b3c,e006_hinge_025,0,0,10,4.7760799097,58943.4671611,7078,True
7b2c7b3c,e006_hinge_050,0,10,-20,4.8144615103,59894.6384146,7272,False
7b2c7b3c,e006_hinge_075,0,0,30,5.0834703355,66774.8769646,7382,False
7b2c7b3c,e006_jump_025,0,0,0,5.33089512526,73433.2562895,5589,False
7b2c7b3c,e006_jump_050,0,-10,10,5.01596691246,65013.2437888,5950,False
7b2c7b3c,e006_jump_075,0,0,0,5.33089512526,73433.2562895,5589,False
7b2c7b3c,dtw_derivative,0,0,0,7.32649079947,138702.575851,0,False
7b38844c,last_known_tvt,0,0,0,7.38834990715,204649.3411,0,False
7b38844c,e004_geometry_prefix,0,0,0,8.25533331818,255496.3302,0,False
7b38844c,align_visible_path,0,0,0,9.92899391465,369594.865669,0,False
7b38844c,pf_gr_path,0,0,0,15.0944560004,854181.914707,0,False
7b38844c,trellis_gr_path,0,0,0,11.0048195611,454026.594843,0,False
7b38844c,e006_nested_fusion,0,0,0,8.12059931117,247224.555264,0,False
7b38844c,wide64_anchor,0,0,0,8.55819053366,274586.601914,0,False
7b38844c,e006_affine,5,0,0,7.29314285005,199409.057435,325,False
7b38844c,e006_quadratic,5,0,10,6.21624269907,144867.633178,7049,False
7b38844c,wide64_quadratic,5,0,10,6.10490977523,139724.94269,7049,False
7b38844c,pf_quadratic,15,0,10,6.0925800563,139161.124502,8158,False
7b38844c,trellis_quadratic,-5,0,20,7.63446959145,218510.937159,5934,False
7b38844c,e006_hinge_025,5,-20,40,6.88938821585,177941.298788,7646,False
7b38844c,e006_hinge_050,5,-20,70,5.86832528437,129105.21892,7829,False
7b38844c,e006_hinge_075,5,-10,90,5.69623335658,121644.082123,7988,False
7b38844c,e006_jump_025,5,10,-10,4.86388367904,88691.4592978,6080,True
7b38844c,e006_jump_050,5,0,0,7.29314285005,199409.057435,6518,False
7b38844c,e006_jump_075,5,-10,10,6.81643857707,174192.916946,6044,False
7b38844c,dtw_derivative,0,0,0,22.6822271021,1928798.36525,0,False
7bb17b96,last_known_tvt,0,0,0,17.0090461945,1134664.6129,0,False
7bb17b96,e004_geometry_prefix,0,0,0,14.0650409163,775871.124584,0,False
7bb17b96,align_visible_path,0,0,0,7.68079713143,231376.99602,0,False
7bb17b96,pf_gr_path,0,0,0,15.7718115973,975597.661036,0,False
7bb17b96,trellis_gr_path,0,0,0,14.9031698962,871093.742929,0,False
7bb17b96,e006_nested_fusion,0,0,0,15.163599781,901804.122122,0,False
7bb17b96,wide64_anchor,0,0,0,13.7224091058,738530.294762,0,False
7bb17b96,e006_affine,15,10,0,5.63028421134,124327.793378,376,False
7bb17b96,e006_quadratic,15,10,-10,5.22417686893,107039.317963,8181,False
7bb17b96,wide64_quadratic,10,10,-10,4.90713721075,94441.7427632,7628,False
7bb17b96,pf_quadratic,15,10,-10,5.18490535606,105436.081208,8181,False
7bb17b96,trellis_quadratic,10,10,-10,6.27178039309,154272.769311,7628,False
7bb17b96,e006_hinge_025,15,10,0,5.63028421134,124327.793378,8940,False
7bb17b96,e006_hinge_050,15,20,-30,5.57575562958,121931.257398,9160,False
7bb17b96,e006_hinge_075,15,20,-100,3.90207287337,59717.0493651,9294,True
7bb17b96,e006_jump_025,15,10,0,5.63028421134,124327.793378,7019,False
7bb17b96,e006_jump_050,15,10,0,5.63028421134,124327.793378,7603,False
7bb17b96,e006_jump_075,15,10,0,5.63028421134,124327.793378,7039,False
7bb17b96,dtw_derivative,0,0,0,38.9539177151,5951273.0204,0,False
7c607683,last_known_tvt,0,0,0,16.8647536555,1515389.3117,0,False
7c607683,e004_geometry_prefix,0,0,0,13.5534389104,978730.72316,0,False
7c607683,align_visible_path,0,0,0,22.4190435971,2677924.81222,0,False
7c607683,pf_gr_path,0,0,0,13.7784980054,1011504.85481,0,False
7c607683,trellis_gr_path,0,0,0,14.0228997885,1047707.07606,0,False
7c607683,e006_nested_fusion,0,0,0,11.4333887606,696488.832921,0,False
7c607683,wide64_anchor,0,0,0,8.72964524086,406029.329734,0,False
7c607683,e006_affine,-10,-10,0,7.02498993386,262939.376466,249,False
7c607683,e006_quadratic,-10,-10,20,5.20233960599,144198.78954,5353,False
7c607683,wide64_quadratic,-5,-10,20,5.04497194965,135606.881231,5909,False
7c607683,pf_quadratic,-10,-10,20,5.29311100518,149274.704475,5353,False
7c607683,trellis_quadratic,-10,-10,20,6.81015298789,247102.962852,5353,False
7c607683,e006_hinge_025,-10,-30,60,6.37459292571,216505.597512,5779,False
7c607683,e006_hinge_050,-10,-20,60,5.12408081324,139893.055874,5960,False
7c607683,e006_hinge_075,-10,-20,120,3.91441255674,81638.9495396,6091,True
7c607683,e006_jump_025,-10,0,-10,6.35879489189,215433.803758,4649,False
7c607683,e006_jump_050,-10,10,-10,6.25441137979,208418.901578,4919,False
7c607683,e006_jump_075,-10,-20,10,5.80786673063,179720.451439,4593,False
7c607683,dtw_derivative,0,0,0,19.7337426294,2074832.94702,0,False
7cbbd047,last_known_tvt,0,0,0,12.5326987291,804347.9802,0,False
7cbbd047,e004_geometry_prefix,0,0,0,7.46500298546,285374.226483,0,False
7cbbd047,align_visible_path,0,0,0,7.46500298546,285374.226483,0,False
7cbbd047,pf_gr_path,0,0,0,13.0492446633,872018.148548,0,False
7cbbd047,trellis_gr_path,0,0,0,8.1234866213,337940.089654,0,False
7cbbd047,e006_nested_fusion,0,0,0,9.6946198674,481300.536046,0,False
7cbbd047,wide64_anchor,0,0,0,9.05804111422,420168.365303,0,False
7cbbd047,e006_affine,5,10,0,6.05602770071,187815.089612,326,False
7cbbd047,e006_quadratic,5,10,10,4.94711197698,125330.92851,7074,False
7cbbd047,wide64_quadratic,5,10,10,4.90695761554,123304.631401,7074,False
7cbbd047,pf_quadratic,10,10,10,4.89631393007,122770.291211,7630,False
7cbbd047,trellis_quadratic,5,10,10,5.54825947422,157640.681133,7074,False
7cbbd047,e006_hinge_025,5,-30,90,4.2902604586,94258.8405242,7626,False
7cbbd047,e006_hinge_050,5,0,40,4.90094055734,123002.417153,7876,False
7cbbd047,e006_hinge_075,5,10,10,6.03415452412,186460.837624,8030,False
7cbbd047,e006_jump_025,5,20,-10,3.38279190713,58601.0424461,6102,True
7cbbd047,e006_jump_050,5,-10,10,5.60371222664,160807.546072,6494,False
7cbbd047,e006_jump_075,5,10,0,6.05602770071,187815.089612,6087,False
7cbbd047,dtw_derivative,0,0,0,17.6155453561,1589084.39099,0,False
7cd4bb31,last_known_tvt,0,0,0,5.91437970773,225235.4945,0,False
7cd4bb31,e004_geometry_prefix,0,0,0,5.77605823405,214823.382928,0,False
7cd4bb31,align_visible_path,0,0,0,10.2338429395,674366.3945,0,False
7cd4bb31,pf_gr_path,0,0,0,6.40672218321,264295.767926,0,False
7cd4bb31,trellis_gr_path,0,0,0,5.59380553067,201480.561768,0,False
7cd4bb31,e006_nested_fusion,0,0,0,5.90862805051,224797.630343,0,False
7cd4bb31,wide64_anchor,0,0,0,5.39977560294,187745.635483,0,False
7cd4bb31,e006_affine,0,-10,0,5.81276927467,217562.777678,299,False
7cd4bb31,e006_quadratic,0,-10,0,5.81276927467,217562.777678,6465,False
7cd4bb31,wide64_quadratic,0,-10,0,5.29471224557,180510.782818,6465,False
7cd4bb31,pf_quadratic,5,0,0,5.422928744,189359.11753,7048,False
7cd4bb31,trellis_quadratic,0,0,10,5.32014942188,182249.39078,6491,False
7cd4bb31,e006_hinge_025,0,0,-10,5.10278191805,167661.150089,7076,False
7cd4bb31,e006_hinge_050,0,-10,20,4.95326265597,157979.647636,7226,False
7cd4bb31,e006_hinge_075,0,-10,60,4.33207343449,120839.813097,7360,False
7cd4bb31,e006_jump_025,0,-10,0,5.81276927467,217562.777678,5567,False
7cd4bb31,e006_jump_050,0,10,-10,4.2871638215,118347.362419,5998,True
7cd4bb31,e006_jump_075,0,-20,10,5.50299294703,194991.795124,5546,False
7cd4bb31,dtw_derivative,0,0,0,48.1065183283,14901372.7234,0,False
7d50373e,last_known_tvt,0,0,0,14.2881408865,1045661.2683,0,False
7d50373e,e004_geometry_prefix,0,0,0,11.7305558261,704817.624619,0,False
7d50373e,align_visible_path,0,0,0,11.7305558261,704817.624619,0,False
7d50373e,pf_gr_path,0,0,0,7.52928509434,290366.866511,0,False
7d50373e,trellis_gr_path,0,0,0,12.7221970683,829017.715615,0,False
7d50373e,e006_nested_fusion,0,0,0,9.41193122569,453729.549812,0,False
7d50373e,wide64_anchor,0,0,0,9.16636798483,430362.231015,0,False
7d50373e,e006_affine,-10,0,0,3.50367007602,62876.1558962,250,False
7d50373e,e006_quadratic,-10,0,10,2.93093849821,44000.0312601,5377,False
7d50373e,wide64_quadratic,-10,0,10,3.0465884436,47540.8732631,5377,False
7d50373e,pf_quadratic,-5,0,10,2.97877824703,45448.1198461,5933,False
7d50373e,trellis_quadratic,-10,0,10,4.86700581712,121328.633086,5377,False
7d50373e,e006_hinge_025,-10,-20,40,2.70564813792,37495.7641163,5802,False
7d50373e,e006_hinge_050,-10,-10,30,2.24322634719,25774.2340859,5982,True
7d50373e,e006_hinge_075,-10,-10,60,3.24804058596,54035.9098934,6110,False
7d50373e,e006_jump_025,-10,0,0,3.50367007602,62876.1558962,4650,False
7d50373e,e006_jump_050,-10,0,0,3.50367007602,62876.1558962,4895,False
7d50373e,e006_jump_075,-10,0,0,3.50367007602,62876.1558962,4636,False
7d50373e,dtw_derivative,0,0,0,11.5891733028,687930.37963,0,False
7d57c75d,last_known_tvt,0,0,0,14.1981139968,887988.2729,0,False
7d57c75d,e004_geometry_prefix,0,0,0,12.2642008052,662558.787228,0,False
7d57c75d,align_visible_path,0,0,0,16.0614684261,1136361.23306,0,False
7d57c75d,pf_gr_path,0,0,0,11.1648027429,549095.673363,0,False
7d57c75d,trellis_gr_path,0,0,0,12.2390403982,659843.05397,0,False
7d57c75d,e006_nested_fusion,0,0,0,11.5549614842,588142.979239,0,False
7d57c75d,wide64_anchor,0,0,0,11.0662972907,539449.231872,0,False
7d57c75d,e006_affine,5,10,0,8.31830589607,304800.50818,326,False
7d57c75d,e006_quadratic,5,10,20,5.85520907195,151018.699782,7075,False
7d57c75d,wide64_quadratic,5,10,20,5.94398302429,155632.76512,7075,False
7d57c75d,pf_quadratic,5,10,20,5.87291647904,151933.506807,7075,False
7d57c75d,trellis_quadratic,5,10,20,6.09359746145,163566.151748,7075,False
7d57c75d,e006_hinge_025,5,-20,70,7.46748877599,245637.726869,7649,False
7d57c75d,e006_hinge_050,5,-10,80,6.00011423385,158586.038459,7855,False
7d57c75d,e006_hinge_075,5,0,120,5.0745411355,113433.012876,8016,True
7d57c75d,e006_jump_025,5,20,-10,7.00305899806,216033.68963,6102,False
7d57c75d,e006_jump_050,5,30,-10,7.96594275816,279524.754936,6592,False
7d57c75d,e006_jump_075,5,0,10,5.77981692905,147154.679845,6066,False
7d57c75d,dtw_derivative,0,0,0,50.5285233219,11246545.0024,0,False
7e208414,last_known_tvt,0,0,0,6.38193141457,172120.9593,0,False
7e208414,e004_geometry_prefix,0,0,0,8.47293783566,303387.394946,0,False
7e208414,align_visible_path,0,0,0,8.47293783566,303387.394946,0,False
7e208414,pf_gr_path,0,0,0,4.11780563049,71657.4218876,0,False
7e208414,trellis_gr_path,0,0,0,7.83302347038,259291.540762,0,False
7e208414,e006_nested_fusion,0,0,0,5.45073631412,125556.684423,0,False
7e208414,wide64_anchor,0,0,0,2.70755366631,30980.1588132,0,False
7e208414,e006_affine,-5,0,0,2.687106193,30514.0007403,275,False
7e208414,e006_quadratic,-5,0,0,2.687106193,30514.0007403,5932,False
7e208414,wide64_quadratic,0,0,0,2.70755366631,30980.1588132,6490,False
7e208414,pf_quadratic,-5,0,0,2.45230499192,25414.3178423,5932,False
7e208414,trellis_quadratic,-5,-10,0,3.93765688805,65524.7291117,5907,False
7e208414,e006_hinge_025,-5,-20,40,1.57641666013,10501.9881693,6416,False
7e208414,e006_hinge_050,-5,-10,20,1.35295699689,7735.6618774,6603,True
7e208414,e006_hinge_075,-5,0,-20,2.49671333601,26343.0984398,6752,False
7e208414,e006_jump_025,-5,0,0,2.687106193,30514.0007403,5119,False
7e208414,e006_jump_050,-5,0,0,2.687106193,30514.0007403,5430,False
7e208414,e006_jump_075,-5,0,0,2.687106193,30514.0007403,5113,False
7e208414,dtw_derivative,0,0,0,11.3779837408,547091.680192,0,False
7e721392,last_known_tvt,0,0,0,40.331826474,10042975.5438,0,False
7e721392,e004_geometry_prefix,0,0,0,39.2678591008,9520090.41811,0,False
7e721392,align_visible_path,0,0,0,48.5538746659,14555073.7721,0,False
7e721392,pf_gr_path,0,0,0,39.199416816,9486933.07678,0,False
7e721392,trellis_gr_path,0,0,0,41.3141661938,10538155.6669,0,False
7e721392,e006_nested_fusion,0,0,0,38.5405869451,9170716.62294,0,False
7e721392,wide64_anchor,0,0,0,37.5340390617,8697956.44105,0,False
7e721392,e006_affine,-35,-20,0,6.92199575605,295821.191873,123,False
7e721392,e006_quadratic,-35,-20,20,3.97573119604,97588.9515654,2622,False
7e721392,wide64_quadratic,-35,-20,20,4.07034240664,102288.901435,2622,False
7e721392,pf_quadratic,-35,-20,20,3.95350024964,96500.6339184,2622,False
7e721392,trellis_quadratic,-35,-30,30,5.2531088237,170372.470385,2598,False
7e721392,e006_hinge_025,-35,-70,110,3.08745449634,58852.8848984,2722,True
7e721392,e006_hinge_050,-35,-40,60,3.81332377849,89778.8396911,2869,False
7e721392,e006_hinge_075,-35,-30,80,4.64843164752,133407.27821,2959,False
7e721392,e006_jump_025,-35,-10,-10,4.77238068225,140616.661681,2312,False
7e721392,e006_jump_050,-35,-40,10,6.71903233165,278727.671655,2284,False
7e721392,e006_jump_075,-35,-40,10,5.15234658015,163899.173191,2222,False
7e721392,dtw_derivative,0,0,0,56.981668089,20046425.4159,0,False
7ff89f8f,last_known_tvt,0,0,0,14.1555555161,1470186.2402,0,False
7ff89f8f,e004_geometry_prefix,0,0,0,12.6051560651,1165775.63231,0,False
7ff89f8f,align_visible_path,0,0,0,12.6051560651,1165775.63231,0,False
7ff89f8f,pf_gr_path,0,0,0,11.4501588737,961925.736223,0,False
7ff89f8f,trellis_gr_path,0,0,0,13.3546996286,1308539.29193,0,False
7ff89f8f,e006_nested_fusion,0,0,0,11.9222404689,1042879.84318,0,False
7ff89f8f,wide64_anchor,0,0,0,14.2650829183,1493025.13773,0,False
7ff89f8f,e006_affine,5,0,0,11.4005317863,953605.481194,325,False
7ff89f8f,e006_quadratic,5,0,-30,7.26521314817,387271.234162,7045,False
7ff89f8f,wide64_quadratic,10,0,-30,7.27363801481,388169.927754,7601,False
7ff89f8f,pf_quadratic,0,10,-30,7.30067953507,391061.525321,6512,False
7ff89f8f,trellis_quadratic,5,0,-30,7.8421911382,451225.220079,7045,False
7ff89f8f,e006_hinge_025,5,50,-110,10.300683295,778485.608134,7806,False
7ff89f8f,e006_hinge_050,5,30,-100,7.29715333463,390683.854092,7937,False
7ff89f8f,e006_hinge_075,5,10,-120,6.47510589519,307618.372248,8017,False
7ff89f8f,e006_jump_025,5,-10,10,9.30916456529,635828.417958,6038,False
7ff89f8f,e006_jump_050,5,-10,10,10.1780858592,760065.008797,6494,False
7ff89f8f,e006_jump_075,5,30,-20,7.9388614604,462418.249686,6129,False
7ff89f8f,dtw_derivative,0,0,0,4.00976693272,117965.979781,0,True
8050c789,last_known_tvt,0,0,0,7.78644945772,186554.8027,0,False
8050c789,e004_geometry_prefix,0,0,0,8.57356969833,226178.261614,0,False
8050c789,align_visible_path,0,0,0,9.59458260213,283256.359106,0,False
8050c789,pf_gr_path,0,0,0,12.6121842212,489449.746185,0,False
8050c789,trellis_gr_path,0,0,0,8.42131079096,218216.148923,0,False
8050c789,e006_nested_fusion,0,0,0,8.69113237548,232423.601116,0,False
8050c789,wide64_anchor,0,0,0,7.91032027828,192537.634567,0,False
8050c789,e006_affine,5,-10,0,4.21977351283,54790.5651131,324,False
8050c789,e006_quadratic,5,-10,-10,3.50981360582,37904.9215919,7022,False
8050c789,wide64_quadratic,5,-10,-10,4.22144363289,54833.9441855,7022,False
8050c789,pf_quadratic,10,-10,-10,3.76674359688,43657.5754879,7578,False
8050c789,trellis_quadratic,0,-10,-10,5.67004845991,98923.8562277,6464,False
8050c789,e006_hinge_025,5,20,-70,2.46808718131,18743.4049873,7735,True
8050c789,e006_hinge_050,5,0,-40,4.01331501104,49560.3078316,7868,False
8050c789,e006_hinge_075,5,-10,-20,4.0101223771,49481.4877119,7977,False
8050c789,e006_jump_025,5,-10,0,4.21977351283,54790.5651131,6037,False
8050c789,e006_jump_050,5,-10,0,4.21977351283,54790.5651131,6493,False
8050c789,e006_jump_075,5,-10,0,4.21977351283,54790.5651131,6043,False
8050c789,dtw_derivative,0,0,0,24.2717271163,1812712.20038,0,False
807f0298,last_known_tvt,0,0,0,8.85382549301,293728.1763,0,False
807f0298,e004_geometry_prefix,0,0,0,10.3982278627,405137.415642,0,False
807f0298,align_visible_path,0,0,0,14.5067791874,788543.569047,0,False
807f0298,pf_gr_path,0,0,0,10.507348611,413685.192503,0,False
807f0298,trellis_gr_path,0,0,0,11.0971392226,461429.931471,0,False
807f0298,e006_nested_fusion,0,0,0,10.3457581801,401059.067066,0,False
807f0298,wide64_anchor,0,0,0,10.6856984375,427848.01416,0,False
807f0298,e006_affine,0,10,0,8.52276412566,272172.743756,301,False
807f0298,e006_quadratic,0,10,20,5.34236205773,106942.498838,6517,False
807f0298,wide64_quadratic,-5,10,20,5.10284387432,97568.1914746,5959,False
807f0298,pf_quadratic,5,10,20,5.29576657537,105085.153147,7075,False
807f0298,trellis_quadratic,5,10,20,6.23729791368,145772.858084,7075,False
807f0298,e006_hinge_025,0,-20,70,7.64991002325,219278.649244,7034,False
807f0298,e006_hinge_050,0,-10,80,5.55023258549,115426.641329,7232,False
807f0298,e006_hinge_075,0,0,120,4.59481340231,79107.826327,7391,True
807f0298,e006_jump_025,0,20,-10,6.69765604578,168085.161114,5632,False
807f0298,e006_jump_050,0,10,0,8.52276412566,272172.743756,5999,False
807f0298,e006_jump_075,0,0,10,6.33101346432,150186.247876,5590,False
807f0298,dtw_derivative,0,0,0,29.5028724375,3261461.79929,0,False
811f52b3,last_known_tvt,0,0,0,4.598301011,102254.1839,0,False
811f52b3,e004_geometry_prefix,0,0,0,4.18796943781,84819.0296264,0,False
811f52b3,align_visible_path,0,0,0,18.6304611549,1678546.98463,0,False
811f52b3,pf_gr_path,0,0,0,3.74753369101,67916.8263887,0,False
811f52b3,trellis_gr_path,0,0,0,6.34918810154,194949.748658,0,False
811f52b3,e006_nested_fusion,0,0,0,5.5848556336,150837.801799,0,False
811f52b3,wide64_anchor,0,0,0,4.66626435706,105299.17547,0,False
811f52b3,e006_affine,5,0,0,3.63953669457,64058.7554699,325,False
811f52b3,e006_quadratic,5,0,0,3.63953669457,64058.7554699,7048,False
811f52b3,wide64_quadratic,5,0,0,4.09039918818,80912.8836482,7048,False
811f52b3,pf_quadratic,0,0,0,3.74753369101,67916.8263887,6490,False
811f52b3,trellis_quadratic,5,0,0,5.21769150824,131656.737409,7048,False
811f52b3,e006_hinge_025,5,10,-30,3.44114838117,57265.5045483,7714,True
811f52b3,e006_hinge_050,5,0,-10,3.54882885693,60905.4847328,7871,False
811f52b3,e006_hinge_075,5,0,-10,3.59587953715,62531.1708866,8003,False
811f52b3,e006_jump_025,5,0,0,3.63953669457,64058.7554699,6059,False
811f52b3,e006_jump_050,5,0,0,3.63953669457,64058.7554699,6518,False
811f52b3,e006_jump_075,5,0,0,3.63953669457,64058.7554699,6065,False
811f52b3,dtw_derivative,0,0,0,8.5547306564,353915.002695,0,False
81bf5923,last_known_tvt,0,0,0,31.319279353,4456216.2485,0,False
81bf5923,e004_geometry_prefix,0,0,0,40.0737522615,7295629.23311,0,False
81bf5923,align_visible_path,0,0,0,58.1580063166,15366032.8533,0,False
81bf5923,pf_gr_path,0,0,0,35.2485948663,5644511.40815,0,False
81bf5923,trellis_gr_path,0,0,0,39.8113997782,7200416.73009,0,False
81bf5923,e006_nested_fusion,0,0,0,37.3458477574,6336178.18207,0,False
81bf5923,wide64_anchor,0,0,0,34.7312425865,5480035.59832,0,False
81bf5923,e006_affine,-30,-30,0,6.95785547044,219934.592732,147,False
81bf5923,e006_quadratic,-30,-30,-10,6.46115091663,189654.218514,3120,False
81bf5923,wide64_quadratic,-30,-30,-10,6.20501525084,174915.559398,3120,False
81bf5923,pf_quadratic,-30,-30,-10,6.28084934305,179217.11806,3120,False
81bf5923,trellis_quadratic,-35,-30,-10,7.37811033707,247305.074679,2594,False
81bf5923,e006_hinge_025,-30,-10,-50,6.43381302204,188052.714862,3429,False
81bf5923,e006_hinge_050,-30,-20,-50,5.85315541505,155640.582825,3500,True
81bf5923,e006_hinge_075,-30,-30,-10,6.9350406249,218494.624015,3564,False
81bf5923,e006_jump_025,-30,-40,10,5.98478154399,162719.402817,2703,False
81bf5923,e006_jump_050,-30,-30,0,6.95785547044,219934.592732,2784,False
81bf5923,e006_jump_075,-30,-20,-10,5.97407257011,162137.594181,2712,False
81bf5923,dtw_derivative,0,0,0,22.0246346829,2203739.03303,0,False
81fc01c6,last_known_tvt,0,0,0,15.0076100975,1330874.3842,0,False
81fc01c6,e004_geometry_prefix,0,0,0,15.1345526627,1353484.12953,0,False
81fc01c6,align_visible_path,0,0,0,15.1345526627,1353484.12953,0,False
81fc01c6,pf_gr_path,0,0,0,14.975203558,1325132.96796,0,False
81fc01c6,trellis_gr_path,0,0,0,13.9954111454,1157404.88926,0,False
81fc01c6,e006_nested_fusion,0,0,0,15.3007702469,1383377.08601,0,False
81fc01c6,wide64_anchor,0,0,0,15.5859725566,1435429.29202,0,False
81fc01c6,e006_affine,10,10,0,9.30494868282,511613.45157,351,False
81fc01c6,e006_quadratic,10,10,10,8.37677951322,414637.100492,7630,False
81fc01c6,wide64_quadratic,10,10,10,8.40377402823,417313.776475,7630,False
81fc01c6,pf_quadratic,10,10,10,8.3518860705,412176.391523,7630,False
81fc01c6,trellis_quadratic,10,10,10,8.50382315766,427309.384026,7630,False
81fc01c6,e006_hinge_025,10,-10,50,9.17283511393,497188.601898,8286,False
81fc01c6,e006_hinge_050,10,0,40,8.71062186881,448344.981114,8498,False
81fc01c6,e006_hinge_075,10,0,120,6.84076181462,276517.695206,8641,True
81fc01c6,e006_jump_025,10,20,-10,8.42069817211,418996.303883,6571,False
81fc01c6,e006_jump_050,10,10,0,9.30494868282,511613.45157,7078,False
81fc01c6,e006_jump_075,10,0,10,9.06143627221,485185.787806,6543,False
81fc01c6,dtw_derivative,0,0,0,10.9279466639,705652.888069,0,False
8255c867,last_known_tvt,0,0,0,25.3795444137,2311751.2547,0,False
8255c867,e004_geometry_prefix,0,0,0,15.9680104073,915113.732003,0,False
8255c867,align_visible_path,0,0,0,34.3723639765,4240257.80573,0,False
8255c867,pf_gr_path,0,0,0,27.1605060297,2647580.49208,0,False
8255c867,trellis_gr_path,0,0,0,17.4524120903,1093161.62241,0,False
8255c867,e006_nested_fusion,0,0,0,21.1615485363,1607194.16873,0,False
8255c867,wide64_anchor,0,0,0,22.3653680841,1795252.57575,0,False
8255c867,e006_affine,20,10,0,8.09468516792,235165.377476,401,False
8255c867,e006_quadratic,20,10,0,8.09468516792,235165.377476,8731,False
8255c867,wide64_quadratic,20,10,0,8.01287872098,230436.14295,8731,False
8255c867,pf_quadratic,25,10,0,8.01995663382,230843.419122,9274,False
8255c867,trellis_quadratic,15,10,-10,9.51359135912,324834.721348,8181,False
8255c867,e006_hinge_025,20,30,-50,7.98318309111,228731.320823,9587,False
8255c867,e006_hinge_050,20,10,-10,8.08308230765,234491.692116,9753,False
8255c867,e006_hinge_075,20,0,90,7.84380006819,220813.941041,9887,False
8255c867,e006_jump_025,20,0,10,7.69917938274,212746.456408,7465,False
8255c867,e006_jump_050,20,40,-20,6.25766529987,140539.407894,8190,True
8255c867,e006_jump_075,20,10,0,8.09468516792,235165.377476,7511,False
8255c867,dtw_derivative,0,0,0,39.1982944342,5514521.06243,0,False
82aab6d2,last_known_tvt,0,0,0,16.3593851671,1643245.0259,0,False
82aab6d2,e004_geometry_prefix,0,0,0,5.73196329752,201732.175919,0,False
82aab6d2,align_visible_path,0,0,0,13.8279921417,1174050.07135,0,False
82aab6d2,pf_gr_path,0,0,0,6.99116894225,300101.361119,0,False
82aab6d2,trellis_gr_path,0,0,0,7.1414323523,313140.344101,0,False
82aab6d2,e006_nested_fusion,0,0,0,6.24189939964,239222.431827,0,False
82aab6d2,wide64_anchor,0,0,0,11.220368875,773005.60103,0,False
82aab6d2,e006_affine,-5,0,0,5.36916969441,177003.816894,275,False
82aab6d2,e006_quadratic,-5,0,0,5.36916969441,177003.816894,5932,False
82aab6d2,wide64_quadratic,-10,0,0,5.15937086157,163441.321199,5376,False
82aab6d2,pf_quadratic,-5,10,0,5.39092466307,178441.101959,5957,False
82aab6d2,trellis_quadratic,-5,10,0,5.2940960046,172088.558387,5957,False
82aab6d2,e006_hinge_025,-5,-10,30,4.56804769327,128123.74673,6440,True
82aab6d2,e006_hinge_050,-5,0,20,4.74171197079,138050.731022,6628,False
82aab6d2,e006_hinge_075,-5,10,-50,5.10510934368,160021.548263,6774,False
82aab6d2,e006_jump_025,-5,0,0,5.36916969441,177003.816894,5119,False
82aab6d2,e006_jump_050,-5,-10,10,5.05585017378,156948.352816,5406,False
82aab6d2,e006_jump_075,-5,0,0,5.36916969441,177003.816894,5113,False
82aab6d2,dtw_derivative,0,0,0,7.91112899928,384277.806945,0,False
82fcf37c,last_known_tvt,0,0,0,6.56238597443,258992.3668,0,False
82fcf37c,e004_geometry_prefix,0,0,0,3.91837983292,92337.1548972,0,True
82fcf37c,align_visible_path,0,0,0,29.6117683191,5273416.93341,0,False
82fcf37c,pf_gr_path,0,0,0,8.13595383655,398089.181411,0,False
82fcf37c,trellis_gr_path,0,0,0,4.83722138022,140719.846037,0,False
82fcf37c,e006_nested_fusion,0,0,0,4.25824211068,109049.612001,0,False
82fcf37c,wide64_anchor,0,0,0,5.67570383113,193732.674468,0,False
82fcf37c,e006_affine,0,0,0,4.25824211068,109049.612001,300,False
82fcf37c,e006_quadratic,0,0,0,4.25824211068,109049.612001,6490,False
82fcf37c,wide64_quadratic,5,0,0,4.06618026076,99434.4049848,7048,False
82fcf37c,pf_quadratic,5,0,0,4.76814487112,136729.525949,7048,False
82fcf37c,trellis_quadratic,0,0,0,4.83722138022,140719.846037,6490,False
82fcf37c,e006_hinge_025,0,-10,30,3.99930090685,96190.3681695,7055,False
82fcf37c,e006_hinge_050,0,0,10,4.23280210241,107750.51442,7250,False
82fcf37c,e006_hinge_075,0,0,20,4.13202888028,102681.007282,7381,False
82fcf37c,e006_jump_025,0,0,0,4.25824211068,109049.612001,5589,False
82fcf37c,e006_jump_050,0,0,0,4.25824211068,109049.612001,5974,False
82fcf37c,e006_jump_075,0,0,0,4.25824211068,109049.612001,5589,False
82fcf37c,dtw_derivative,0,0,0,16.4790954627,1633165.37183,0,False
833af382,last_known_tvt,0,0,0,11.9324190804,516564.1639,0,False
833af382,e004_geometry_prefix,0,0,0,16.1695519555,948556.60108,0,False
833af382,align_visible_path,0,0,0,34.628277012,4350398.53968,0,False
833af382,pf_gr_path,0,0,0,16.0190508276,930981.041602,0,False
833af382,trellis_gr_path,0,0,0,16.3472378411,969518.367307,0,False
833af382,e006_nested_fusion,0,0,0,16.6844786299,1009932.98891,0,False
833af382,wide64_anchor,0,0,0,15.2437512818,843045.445999,0,False
833af382,e006_affine,-15,0,0,9.01197703794,294650.66892,225,False
833af382,e006_quadratic,-15,0,0,9.01197703794,294650.66892,4823,False
833af382,wide64_quadratic,-10,0,0,9.26180752458,311213.753242,5376,False
833af382,pf_quadratic,-15,0,0,9.12425306924,302038.234491,4823,False
833af382,trellis_quadratic,-15,0,0,9.54645280315,330636.913354,4823,False
833af382,e006_hinge_025,-15,-30,70,8.62485796232,269880.298429,5171,True
833af382,e006_hinge_050,-15,0,0,9.01197703794,294650.66892,5385,False
833af382,e006_hinge_075,-15,0,20,8.90942192983,287982.655221,5506,False
833af382,e006_jump_025,-15,0,0,9.01197703794,294650.66892,4181,False
833af382,e006_jump_050,-15,0,0,9.01197703794,294650.66892,4370,False
833af382,e006_jump_075,-15,0,0,9.01197703794,294650.66892,4161,False
833af382,dtw_derivative,0,0,0,24.7944951665,2230374.64175,0,False
8382f4b6,last_known_tvt,0,0,0,35.9576135448,6422082.5101,0,False
8382f4b6,e004_geometry_prefix,0,0,0,37.4771282925,6976326.06546,0,False
8382f4b6,align_visible_path,0,0,0,37.4771282925,6976326.06546,0,False
8382f4b6,pf_gr_path,0,0,0,26.7680875185,3559007.04018,0,False
8382f4b6,trellis_gr_path,0,0,0,36.7765455194,6717938.52981,0,False
8382f4b6,e006_nested_fusion,0,0,0,32.0218047422,5093141.82745,0,False
8382f4b6,wide64_anchor,0,0,0,29.5357054388,4333001.66829,0,False
8382f4b6,e006_affine,-30,-20,0,6.57019212886,214412.598039,148,False
8382f4b6,e006_quadratic,-30,-20,10,5.05795472766,127070.294237,3147,False
8382f4b6,wide64_quadratic,-25,-20,10,4.6777330551,108683.853518,3682,False
8382f4b6,pf_quadratic,-25,-20,10,4.68156835936,108862.147801,3682,False
8382f4b6,trellis_quadratic,-35,-30,10,4.92111683904,120287.780816,2596,False
8382f4b6,e006_hinge_025,-30,-50,60,4.95249125384,121826.4515,3340,False
8382f4b6,e006_hinge_050,-30,-40,60,3.77287821965,70703.3081695,3461,True
8382f4b6,e006_hinge_075,-30,-30,70,4.57307798072,103875.080696,3572,False
8382f4b6,e006_jump_025,-30,-10,-10,5.74362335056,163857.402062,2766,False
8382f4b6,e006_jump_050,-30,-20,0,6.57019212886,214412.598039,2808,False
8382f4b6,e006_jump_075,-30,-40,10,5.44720661089,147381.121333,2675,False
8382f4b6,dtw_derivative,0,0,0,18.5654738974,1712009.77008,0,False
84633df4,last_known_tvt,0,0,0,4.7361724467,111528.57,0,False
84633df4,e004_geometry_prefix,0,0,0,6.60999573461,217236.840837,0,False
84633df4,align_visible_path,0,0,0,14.8356732227,1094323.27825,0,False
84633df4,pf_gr_path,0,0,0,5.17371783731,133087.295325,0,False
84633df4,trellis_gr_path,0,0,0,7.16743642716,255422.304629,0,False
84633df4,e006_nested_fusion,0,0,0,4.92189738525,120447.067286,0,False
84633df4,wide64_anchor,0,0,0,4.82396308065,115701.521663,0,False
84633df4,e006_affine,0,10,0,3.26932791225,53143.246849,301,False
84633df4,e006_quadratic,0,10,0,3.26932791225,53143.246849,6515,False
84633df4,wide64_quadratic,0,10,0,3.11994405885,48397.7012257,6515,False
84633df4,pf_quadratic,-5,10,0,4.04996708083,81551.904245,5957,False
84633df4,trellis_quadratic,5,10,0,3.75644058032,70159.125484,7073,False
84633df4,e006_hinge_025,0,0,20,2.95379040603,43380.0922363,7079,False
84633df4,e006_hinge_050,0,10,-10,2.59489683826,33478.9102973,7273,True
84633df4,e006_hinge_075,0,10,-30,2.69564078376,36128.9347569,7401,False
84633df4,e006_jump_025,0,10,0,3.26932791225,53143.246849,5611,False
84633df4,e006_jump_050,0,10,0,3.26932791225,53143.246849,5999,False
84633df4,e006_jump_075,0,10,0,3.26932791225,53143.246849,5611,False
84633df4,dtw_derivative,0,0,0,40.8645471238,8302798.54426,0,False
8478df29,last_known_tvt,0,0,0,14.0430240343,957832.0872,0,False
8478df29,e004_geometry_prefix,0,0,0,9.6169778333,449205.777672,0,False
8478df29,align_visible_path,0,0,0,3.345457863,54359.9729368,0,False
8478df29,pf_gr_path,0,0,0,3.85364812832,72129.3831274,0,False
8478df29,trellis_gr_path,0,0,0,9.2958118574,419703.657554,0,False
8478df29,e006_nested_fusion,0,0,0,5.92991802653,170791.197331,0,False
8478df29,wide64_anchor,0,0,0,7.73013709585,290230.129812,0,False
8478df29,e006_affine,-5,0,0,3.40430761759,56289.2803952,275,False
8478df29,e006_quadratic,-5,0,10,3.21868405268,50318.1655896,5933,False
8478df29,wide64_quadratic,-5,0,10,3.75625888165,68529.7481775,5933,False
8478df29,pf_quadratic,0,0,10,3.69069377933,66158.2683219,6491,False
8478df29,trellis_quadratic,-10,0,10,3.80460004814,70304.9852734,5377,False
8478df29,e006_hinge_025,-5,-10,30,2.52298460947,30916.9971565,6440,True
8478df29,e006_hinge_050,-5,0,10,2.81475916389,38481.3754651,6627,False
8478df29,e006_hinge_075,-5,0,30,2.95900771445,42526.5643593,6757,False
8478df29,e006_jump_025,-5,0,0,3.40430761759,56289.2803952,5119,False
8478df29,e006_jump_050,-5,0,0,3.40430761759,56289.2803952,5430,False
8478df29,e006_jump_075,-5,0,0,3.40430761759,56289.2803952,5113,False
8478df29,dtw_derivative,0,0,0,18.3912057934,1642814.44025,0,False
84815d5a,last_known_tvt,0,0,0,18.7963852521,1288500.0474,0,False
84815d5a,e004_geometry_prefix,0,0,0,19.6921392596,1414234.93141,0,False
84815d5a,align_visible_path,0,0,0,8.50237234988,263642.853846,0,False
84815d5a,pf_gr_path,0,0,0,10.3229060654,388633.035001,0,False
84815d5a,trellis_gr_path,0,0,0,19.9460854564,1450945.5474,0,False
84815d5a,e006_nested_fusion,0,0,0,14.3587752972,751918.139048,0,False
84815d5a,wide64_anchor,0,0,0,10.5642603163,407018.314727,0,False
84815d5a,e006_affine,10,0,0,8.43377141508,259405.640528,350,False
84815d5a,e006_quadratic,10,0,-10,7.31152994559,194963.04062,7603,False
84815d5a,wide64_quadratic,5,0,-10,7.27629347999,193088.397505,7047,False
84815d5a,pf_quadratic,5,0,-10,7.21646151036,189925.974116,7047,False
84815d5a,trellis_quadratic,20,0,-20,7.18954007638,188511.557302,8704,False
84815d5a,e006_hinge_025,10,50,-120,5.5849282396,113755.121291,8419,True
84815d5a,e006_hinge_050,10,10,-50,7.06203502395,181884.419164,8514,False
84815d5a,e006_hinge_075,10,0,-20,8.31915909295,252403.064026,8627,False
84815d5a,e006_jump_025,10,-10,10,6.23367496996,141717.692143,6507,False
84815d5a,e006_jump_050,10,30,-20,5.58782012861,113872.957131,7126,False
84815d5a,e006_jump_075,10,10,-10,8.42891141693,259106.759369,6563,False
84815d5a,dtw_derivative,0,0,0,15.8109272003,911696.822851,0,False
84c3b497,last_known_tvt,0,0,0,18.9603947131,1909645.7675,0,False
84c3b497,e004_geometry_prefix,0,0,0,21.368664552,2425564.50899,0,False
84c3b497,align_visible_path,0,0,0,19.4705628808,2013794.17397,0,False
84c3b497,pf_gr_path,0,0,0,16.3405634452,1418378.44082,0,False
84c3b497,trellis_gr_path,0,0,0,23.4916239156,2931461.16594,0,False
84c3b497,e006_nested_fusion,0,0,0,18.9573166217,1909025.78178,0,False
84c3b497,wide64_anchor,0,0,0,18.3347693703,1785701.93489,0,False
84c3b497,e006_affine,5,30,0,10.1517368388,547442.825601,328,False
84c3b497,e006_quadratic,5,30,20,7.4802823919,297230.966208,7125,False
84c3b497,wide64_quadratic,5,30,20,7.11637294704,269014.36195,7125,False
84c3b497,pf_quadratic,0,20,20,6.80422019301,245931.854854,6542,True
84c3b497,trellis_quadratic,15,30,20,9.32637707306,462044.715049,8234,False
84c3b497,e006_hinge_025,5,-20,110,7.29995246559,283072.793471,7653,False
84c3b497,e006_hinge_050,5,0,100,7.91391658733,332690.96239,7882,False
84c3b497,e006_hinge_075,5,20,110,7.4796452942,297180.337878,8065,False
84c3b497,e006_jump_025,5,40,-10,8.48972428244,382864.622497,6145,False
84c3b497,e006_jump_050,5,30,0,10.1517368388,547442.825601,6593,False
84c3b497,e006_jump_075,5,10,10,8.76036976814,407664.544856,6088,False
84c3b497,dtw_derivative,0,0,0,17.8009489203,1683233.53244,0,False
85380836,last_known_tvt,0,0,0,14.1657998131,1328033.2946,0,False
85380836,e004_geometry_prefix,0,0,0,14.3302941428,1359054.8114,0,False
85380836,align_visible_path,0,0,0,6.90619991174,315649.462408,0,False
85380836,pf_gr_path,0,0,0,11.5528079055,883287.05798,0,False
85380836,trellis_gr_path,0,0,0,17.8160254169,2100624.42065,0,False
85380836,e006_nested_fusion,0,0,0,12.1118840334,970845.609161,0,False
85380836,wide64_anchor,0,0,0,16.2274930458,1742728.06918,0,False
85380836,e006_affine,10,10,0,2.96971067259,58365.3430272,351,False
85380836,e006_quadratic,10,10,0,2.96971067259,58365.3430272,7629,False
85380836,wide64_quadratic,15,10,0,2.96883691246,58331.0031113,8182,False
85380836,pf_quadratic,10,10,0,3.01252425239,60060.3510927,7629,False
85380836,trellis_quadratic,15,10,-10,5.56251496532,204771.32839,8181,False
85380836,e006_hinge_025,10,30,-50,2.26386379966,33917.7748301,8376,True
85380836,e006_hinge_050,10,10,0,2.96971067259,58365.3430272,8519,False
85380836,e006_hinge_075,10,10,-10,2.9487629218,57544.8519252,8653,False
85380836,e006_jump_025,10,10,0,2.96971067259,58365.3430272,6550,False
85380836,e006_jump_050,10,10,0,2.96971067259,58365.3430272,7078,False
85380836,e006_jump_075,10,10,0,2.96971067259,58365.3430272,6564,False
85380836,dtw_derivative,0,0,0,61.577443613,25094010.3767,0,False
8612b37f,last_known_tvt,0,0,0,19.617069449,1987643.9221,0,False
8612b37f,e004_geometry_prefix,0,0,0,18.6683804068,1800046.02553,0,False
8612b37f,align_visible_path,0,0,0,23.6875045518,2898070.50831,0,False
8612b37f,pf_gr_path,0,0,0,17.2847561744,1543109.84138,0,False
8612b37f,trellis_gr_path,0,0,0,18.9701938812,1858719.54168,0,False
8612b37f,e006_nested_fusion,0,0,0,17.9190177582,1658436.03466,0,False
8612b37f,wide64_anchor,0,0,0,16.0041739984,1322929.96844,0,False
8612b37f,e006_affine,10,10,0,11.7903135654,717994.366358,351,False
8612b37f,e006_quadratic,10,10,0,11.7903135654,717994.366358,7629,False
8612b37f,wide64_quadratic,5,10,0,11.9648744883,739412.21416,7073,False
8612b37f,pf_quadratic,10,10,0,11.7136127774,708683.061002,7629,False
8612b37f,trellis_quadratic,15,10,0,10.8746730367,610805.223033,8182,False
8612b37f,e006_hinge_025,10,-10,60,11.041154138,629650.092468,8287,False
8612b37f,e006_hinge_050,10,10,20,11.4094311126,672354.486089,8521,False
8612b37f,e006_hinge_075,10,20,-100,9.96817917219,513218.138385,8669,False
8612b37f,e006_jump_025,10,30,-10,11.0574647276,631511.772839,6593,False
8612b37f,e006_jump_050,10,-10,20,8.50078324517,373240.02601,7030,True
8612b37f,e006_jump_075,10,10,0,11.7903135654,717994.366358,6564,False
8612b37f,dtw_derivative,0,0,0,11.3774866616,668594.802126,0,False
861e71df,last_known_tvt,0,0,0,11.539564678,625859.2989,0,False
861e71df,e004_geometry_prefix,0,0,0,18.8073197068,1662461.7904,0,False
861e71df,align_visible_path,0,0,0,14.0749085494,931084.33817,0,False
861e71df,pf_gr_path,0,0,0,10.5215694426,520306.090617,0,False
861e71df,trellis_gr_path,0,0,0,19.4951552524,1786287.06808,0,False
861e71df,e006_nested_fusion,0,0,0,7.40747799409,257892.432095,0,False
861e71df,wide64_anchor,0,0,0,9.67988361012,440390.689516,0,False
861e71df,e006_affine,-5,-10,0,3.48339529125,57030.0009489,274,False
861e71df,e006_quadratic,-5,-10,10,3.02099482942,42894.1258691,5908,False
861e71df,wide64_quadratic,-10,-10,10,3.83155757638,68999.9172671,5352,False
861e71df,pf_quadratic,10,0,10,3.36867856676,53335.5778449,7605,False
861e71df,trellis_quadratic,-15,-20,10,5.79358361392,157758.37213,4774,False
861e71df,e006_hinge_025,-5,-10,0,3.48339529125,57030.0009489,6437,False
861e71df,e006_hinge_050,-5,-20,40,3.17237060469,47300.4956914,6580,False
861e71df,e006_hinge_075,-5,-10,40,2.49209671006,29189.5662578,6733,True
861e71df,e006_jump_025,-5,-10,0,3.48339529125,57030.0009489,5097,False
861e71df,e006_jump_050,-5,-10,0,3.48339529125,57030.0009489,5405,False
861e71df,e006_jump_075,-5,-10,0,3.48339529125,57030.0009489,5091,False
861e71df,dtw_derivative,0,0,0,44.6018972354,9349847.41389,0,False
86454a6f,last_known_tvt,0,0,0,70.2633851373,39317816.3692,0,False
86454a6f,e004_geometry_prefix,0,0,0,65.5418961759,34211274.5891,0,False
86454a6f,align_visible_path,0,0,0,65.5418961759,34211274.5891,0,False
86454a6f,pf_gr_path,0,0,0,51.3055317442,20963299.4273,0,False
86454a6f,trellis_gr_path,0,0,0,63.0563688646,31665705.4316,0,False
86454a6f,e006_nested_fusion,0,0,0,59.4056725042,28105226.1841,0,False
86454a6f,wide64_anchor,0,0,0,59.0413330353,27761540.4085,0,False
86454a6f,e006_affine,55,40,0,14.1220396938,1588276.48872,573,False
86454a6f,e006_quadratic,55,40,-40,7.86099984716,492137.917307,12390,False
86454a6f,wide64_quadratic,55,40,-40,7.9317870401,501041.088353,12390,False
86454a6f,pf_quadratic,45,30,-40,7.66512916463,467918.4895,11401,True
86454a6f,trellis_quadratic,55,40,-40,8.19942384012,535424.110633,12390,False
86454a6f,e006_hinge_025,55,90,-120,10.7067044971,912941.362738,13618,False
86454a6f,e006_hinge_050,55,70,-120,8.39615061088,561424.928222,13913,False
86454a6f,e006_hinge_075,55,50,-120,11.5072716454,1054571.38295,14109,False
86454a6f,e006_jump_025,55,10,20,11.7790945357,1104981.6502,10594,False
86454a6f,e006_jump_050,55,50,-10,13.9499833951,1549810.62048,11451,False
86454a6f,e006_jump_075,55,60,-20,10.5090537643,879545.840571,10703,False
86454a6f,dtw_derivative,0,0,0,22.3899021977,3992414.68545,0,False
8648abae,last_known_tvt,0,0,0,6.85783976787,199595.1769,0,False
8648abae,e004_geometry_prefix,0,0,0,5.81983966463,143746.545116,0,False
8648abae,align_visible_path,0,0,0,14.2333530299,859784.90848,0,False
8648abae,pf_gr_path,0,0,0,8.5043512268,306943.012663,0,False
8648abae,trellis_gr_path,0,0,0,7.32694456617,227835.391172,0,False
8648abae,e006_nested_fusion,0,0,0,7.36248568834,230051.093749,0,False
8648abae,wide64_anchor,0,0,0,8.37709642796,297825.859927,0,False
8648abae,e006_affine,5,0,0,4.7704173468,96580.2057763,325,False
8648abae,e006_quadratic,5,0,-10,4.1158976105,71895.9621665,7047,False
8648abae,wide64_quadratic,5,0,-10,4.49408163772,85715.090889,7047,False
8648abae,pf_quadratic,5,0,-10,4.5923186451,89503.373444,7047,False
8648abae,trellis_quadratic,5,0,-10,5.03752686788,107698.616953,7047,False
8648abae,e006_hinge_025,5,20,-50,4.41366578766,82675.011488,7737,False
8648abae,e006_hinge_050,5,10,-40,3.67976839515,57466.7114555,7893,False
8648abae,e006_hinge_075,5,0,0,4.7704173468,96580.2057763,8004,False
8648abae,e006_jump_025,5,-10,10,3.22021544937,44009.3783214,6038,True
8648abae,e006_jump_050,5,0,0,4.7704173468,96580.2057763,6518,False
8648abae,e006_jump_075,5,0,0,4.7704173468,96580.2057763,6065,False
8648abae,dtw_derivative,0,0,0,29.4923981723,3691437.778,0,False
865033f8,last_known_tvt,0,0,0,5.94030867813,125516.8094,0,False
865033f8,e004_geometry_prefix,0,0,0,5.48742642479,107107.846066,0,False
865033f8,align_visible_path,0,0,0,12.4727933093,553364.527939,0,False
865033f8,pf_gr_path,0,0,0,7.31773373521,190474.600508,0,False
865033f8,trellis_gr_path,0,0,0,6.76274941902,162678.611409,0,False
865033f8,e006_nested_fusion,0,0,0,5.76754296913,118322.011111,0,False
865033f8,wide64_anchor,0,0,0,7.85482508782,219460.771859,0,False
865033f8,e006_affine,-5,0,0,5.59279381287,111260.621747,275,False
865033f8,e006_quadratic,-5,0,10,4.8422886649,83403.6805921,5933,False
865033f8,wide64_quadratic,-5,0,10,4.37081759701,67953.0932806,5933,False
865033f8,pf_quadratic,-5,0,10,3.94432896372,55338.8490746,5933,False
865033f8,trellis_quadratic,-5,0,10,6.27652068359,140126.990198,5933,False
865033f8,e006_hinge_025,-5,-30,80,3.85479003363,52854.9078653,6395,False
865033f8,e006_hinge_050,-5,-10,50,4.44628978098,70320.0859482,6606,False
865033f8,e006_hinge_075,-5,0,30,5.33853560598,101374.366315,6757,False
865033f8,e006_jump_025,-5,10,-10,4.36612378447,67807.2222581,5140,False
865033f8,e006_jump_050,-5,-10,10,4.47336128742,71178.989016,5406,False
865033f8,e006_jump_075,-5,0,0,5.59279381287,111260.621747,5113,False
865033f8,dtw_derivative,0,0,0,3.29100210373,38524.78157,0,True
87695469,last_known_tvt,0,0,0,7.05159301463,348223.9232,0,False
87695469,e004_geometry_prefix,0,0,0,9.67795991072,655921.344959,0,False
87695469,align_visible_path,0,0,0,9.67795991072,655921.344959,0,False
87695469,pf_gr_path,0,0,0,8.41021375901,495334.063392,0,False
87695469,trellis_gr_path,0,0,0,8.15583605828,465823.185652,0,False
87695469,e006_nested_fusion,0,0,0,9.5402425908,637386.649525,0,False
87695469,wide64_anchor,0,0,0,6.78472799493,322365.835358,0,False
87695469,e006_affine,-5,-10,0,6.19751077788,268979.206313,274,False
87695469,e006_quadratic,-5,-10,-10,6.10374575088,260901.752476,5906,False
87695469,wide64_quadratic,0,-10,-10,6.01390360053,253277.756725,6464,False
87695469,pf_quadratic,-5,-10,-10,5.74553754057,231177.445016,5906,False
87695469,trellis_quadratic,-5,0,0,6.23124711029,271915.569168,5932,False
87695469,e006_hinge_025,-5,20,-60,5.18699261156,188414.961144,6506,False
87695469,e006_hinge_050,-5,0,-20,5.65895780905,224262.695802,6624,False
87695469,e006_hinge_075,-5,-10,20,6.0259795224,254295.941718,6731,False
87695469,e006_jump_025,-5,-20,10,5.40441488853,204541.525113,5076,False
87695469,e006_jump_050,-5,10,-10,4.06781150446,115879.274322,5454,True
87695469,e006_jump_075,-5,-10,0,6.19751077788,268979.206313,5091,False
87695469,dtw_derivative,0,0,0,9.7318663777,663248.690023,0,False
877ed19c,last_known_tvt,0,0,0,3.96199014191,58205.8327,0,False
877ed19c,e004_geometry_prefix,0,0,0,5.17788377158,99413.2611452,0,False
877ed19c,align_visible_path,0,0,0,5.17788377158,99413.2611452,0,False
877ed19c,pf_gr_path,0,0,0,5.06629545721,95174.5325385,0,False
877ed19c,trellis_gr_path,0,0,0,6.68901264271,165906.636618,0,False
877ed19c,e006_nested_fusion,0,0,0,4.77328288943,84483.9231438,0,False
877ed19c,wide64_anchor,0,0,0,7.33556095016,199529.165113,0,False
877ed19c,e006_affine,-5,0,0,4.06082815352,61146.1261844,275,False
877ed19c,e006_quadratic,-5,0,0,4.06082815352,61146.1261844,5932,False
877ed19c,wide64_quadratic,-5,0,0,3.86270159036,55325.0789403,5932,False
877ed19c,pf_quadratic,-5,0,0,3.72788622052,51530.5790759,5932,False
877ed19c,trellis_quadratic,-5,0,0,4.68411789767,81357.0814572,5932,False
877ed19c,e006_hinge_025,-5,-10,20,3.65003759381,49400.8476096,6439,False
877ed19c,e006_hinge_050,-5,-10,30,3.62837159906,48816.1183489,6604,True
877ed19c,e006_hinge_075,-5,0,-10,4.03810432902,60463.710609,6753,False
877ed19c,e006_jump_025,-5,0,0,4.06082815352,61146.1261844,5119,False
877ed19c,e006_jump_050,-5,0,0,4.06082815352,61146.1261844,5430,False
877ed19c,e006_jump_075,-5,0,0,4.06082815352,61146.1261844,5113,False
877ed19c,dtw_derivative,0,0,0,11.7170192369,509065.905569,0,False
87aa3730,last_known_tvt,0,0,0,9.11648413217,465999.3564,0,False
87aa3730,e004_geometry_prefix,0,0,0,10.1489182416,577524.036043,0,False
87aa3730,align_visible_path,0,0,0,7.17391779346,288564.796116,0,False
87aa3730,pf_gr_path,0,0,0,6.85847587234,263745.942071,0,False
87aa3730,trellis_gr_path,0,0,0,11.9787985371,804557.481898,0,False
87aa3730,e006_nested_fusion,0,0,0,8.20528382949,377500.710025,0,False
87aa3730,wide64_anchor,0,0,0,10.447497404,612005.182654,0,False
87aa3730,e006_affine,-5,0,0,6.80978034325,260014.018369,275,False
87aa3730,e006_quadratic,-5,0,10,5.41090126915,164160.919217,5933,False
87aa3730,wide64_quadratic,-10,0,10,5.77792637286,187186.516785,5377,False
87aa3730,pf_quadratic,0,0,10,5.47205953116,167892.842919,6491,False
87aa3730,trellis_quadratic,-10,0,10,7.14400738905,286163.57071,5377,False
87aa3730,e006_hinge_025,-5,-20,50,6.41449111022,230703.918611,6417,False
87aa3730,e006_hinge_050,-5,-10,50,4.88078014206,133570.036956,6606,False
87aa3730,e006_hinge_075,-5,-10,120,5.68665927004,181319.691115,6741,False
87aa3730,e006_jump_025,-5,10,-10,6.28723807571,221641.136214,5140,False
87aa3730,e006_jump_050,-5,20,-10,6.52029057755,238377.058933,5479,False
87aa3730,e006_jump_075,-5,-10,10,3.30410581469,61212.265121,5092,True
87aa3730,dtw_derivative,0,0,0,9.62286962427,519206.06825,0,False
884ecb5f,last_known_tvt,0,0,0,19.9289101154,2670513.6462,0,False
884ecb5f,e004_geometry_prefix,0,0,0,27.3877051251,5043580.89993,0,False
884ecb5f,align_visible_path,0,0,0,36.8205696351,9116092.23764,0,False
884ecb5f,pf_gr_path,0,0,0,28.892270955,5612948.56997,0,False
884ecb5f,trellis_gr_path,0,0,0,24.4041007619,4004546.34099,0,False
884ecb5f,e006_nested_fusion,0,0,0,27.0658310472,4925728.12989,0,False
884ecb5f,wide64_anchor,0,0,0,19.8920995202,2660657.37122,0,False
884ecb5f,e006_affine,25,-10,0,9.37519539206,591001.196811,424,False
884ecb5f,e006_quadratic,25,-10,-10,8.54998120107,491539.048494,9223,False
884ecb5f,wide64_quadratic,15,-10,-10,8.75340901282,515207.466681,8131,False
884ecb5f,pf_quadratic,25,-10,-10,8.76728504848,516842.190603,9223,False
884ecb5f,trellis_quadratic,20,-10,-10,9.13622484106,561256.343626,8680,False
884ecb5f,e006_hinge_025,25,30,-90,8.07263622736,438185.971853,10177,True
884ecb5f,e006_hinge_050,25,10,-70,8.59209799762,496393.571156,10358,False
884ecb5f,e006_hinge_075,25,-10,-10,9.36307481989,589474.051638,10474,False
884ecb5f,e006_jump_025,25,-10,0,9.37519539206,591001.196811,7906,False
884ecb5f,e006_jump_050,25,-10,0,9.37519539206,591001.196811,8572,False
884ecb5f,e006_jump_075,25,0,-10,9.15484470985,563546.385492,7958,False
884ecb5f,dtw_derivative,0,0,0,14.1993273487,1355698.91247,0,False
8902c3f6,last_known_tvt,0,0,0,8.83204420732,386826.8192,0,False
8902c3f6,e004_geometry_prefix,0,0,0,6.07920620308,183268.513627,0,False
8902c3f6,align_visible_path,0,0,0,10.0317092306,499049.907643,0,False
8902c3f6,pf_gr_path,0,0,0,5.62797902419,157072.09942,0,False
8902c3f6,trellis_gr_path,0,0,0,7.24810431352,260521.145037,0,False
8902c3f6,e006_nested_fusion,0,0,0,6.41149816044,203851.143652,0,False
8902c3f6,wide64_anchor,0,0,0,5.45693295308,147669.683465,0,False
8902c3f6,e006_affine,5,-10,0,5.45845558622,147752.102701,324,False
8902c3f6,e006_quadratic,5,-10,-10,5.3416880435,141498.276893,7022,False
8902c3f6,wide64_quadratic,0,-10,-10,5.13638404803,130830.52536,6464,False
8902c3f6,pf_quadratic,0,0,-10,5.5148020512,150818.273611,6489,False
8902c3f6,trellis_quadratic,-5,0,0,7.02608638598,244805.44803,5932,False
8902c3f6,e006_hinge_025,5,20,-60,3.44606562007,58889.9511906,7736,True
8902c3f6,e006_hinge_050,5,0,-20,4.4437748675,97926.0428272,7870,False
8902c3f6,e006_hinge_075,5,-10,30,4.98149024784,123058.800398,7982,False
8902c3f6,e006_jump_025,5,-20,10,5.09121944565,128539.836086,6016,False
8902c3f6,e006_jump_050,5,10,-10,3.79441779579,71397.7301824,6542,False
8902c3f6,e006_jump_075,5,-10,0,5.45845558622,147752.102701,6043,False
8902c3f6,dtw_derivative,0,0,0,24.6010111596,3001235.15062,0,False
896d15b9,last_known_tvt,0,0,0,29.7846072706,3795998.5907,0,False
896d15b9,e004_geometry_prefix,0,0,0,34.9922897676,5239465.80846,0,False
896d15b9,align_visible_path,0,0,0,15.7834307517,1065970.30064,0,False
896d15b9,pf_gr_path,0,0,0,17.875088378,1367220.87896,0,False
896d15b9,trellis_gr_path,0,0,0,34.4756855309,5085903.4084,0,False
896d15b9,e006_nested_fusion,0,0,0,27.4453598485,3223147.23869,0,False
896d15b9,wide64_anchor,0,0,0,19.5955668775,1643077.12632,0,False
896d15b9,e006_affine,20,30,0,11.4654094665,562498.573305,403,False
896d15b9,e006_quadratic,20,30,-30,7.1294621483,217498.277412,8778,False
896d15b9,wide64_quadratic,5,30,-30,7.40664388394,234738.980735,7120,False
896d15b9,pf_quadratic,10,20,-30,6.80533979668,198171.828273,7651,False
896d15b9,trellis_quadratic,30,30,-30,7.40564935655,234675.945796,9856,False
896d15b9,e006_hinge_025,20,60,-80,10.3544731742,458773.475869,9659,False
896d15b9,e006_hinge_050,20,50,-110,6.13527470804,161068.388185,9843,True
896d15b9,e006_hinge_075,20,30,-120,7.31860792627,229191.892046,9941,False
896d15b9,e006_jump_025,20,0,20,8.84380983756,334673.309084,7466,False
896d15b9,e006_jump_050,20,10,10,10.266528494,451013.477711,8119,False
896d15b9,e006_jump_075,20,50,-20,6.51624004935,181692.263765,7590,False
896d15b9,dtw_derivative,0,0,0,13.2022687786,745829.275957,0,False
8995c945,last_known_tvt,0,0,0,17.0495729307,1954585.6892,0,False
8995c945,e004_geometry_prefix,0,0,0,20.7447990637,2893651.13141,0,False
8995c945,align_visible_path,0,0,0,20.7447990637,2893651.13141,0,False
8995c945,pf_gr_path,0,0,0,13.3212457235,1193211.37119,0,False
8995c945,trellis_gr_path,0,0,0,20.2299653318,2751807.06802,0,False
8995c945,e006_nested_fusion,0,0,0,16.5993447947,1852719.17695,0,False
8995c945,wide64_anchor,0,0,0,14.2127080099,1358255.18778,0,False
8995c945,e006_affine,15,10,0,5.4981959768,203267.589112,376,False
8995c945,e006_quadratic,15,10,-10,4.5778390038,140912.245268,8181,False
8995c945,wide64_quadratic,10,10,-10,4.51516898303,137080.513356,7628,False
8995c945,pf_quadratic,10,10,-10,4.10834370617,113490.953366,7628,True
8995c945,trellis_quadratic,15,10,-10,5.88597407193,232950.900774,8181,False
8995c945,e006_hinge_025,15,30,-40,4.65796354276,145888.102235,8986,False
8995c945,e006_hinge_050,15,20,-30,4.36041218216,127844.719135,9160,False
8995c945,e006_hinge_075,15,20,-70,4.30305347082,124503.393918,9297,False
8995c945,e006_jump_025,15,0,10,4.52513049681,137686.043632,6998,False
8995c945,e006_jump_050,15,10,0,5.4981959768,203267.589112,7603,False
8995c945,e006_jump_075,15,20,-10,5.30431505464,189184.838129,7060,False
8995c945,dtw_derivative,0,0,0,7.13670400004,342470.42575,0,False
89969c7a,last_known_tvt,0,0,0,8.23533247479,335509.0077,0,False
89969c7a,e004_geometry_prefix,0,0,0,8.50100891256,357505.603573,0,False
89969c7a,align_visible_path,0,0,0,15.543194674,1195150.18563,0,False
89969c7a,pf_gr_path,0,0,0,9.28969160092,426918.036589,0,False
89969c7a,trellis_gr_path,0,0,0,8.58813259312,364871.038049,0,False
89969c7a,e006_nested_fusion,0,0,0,9.31020086521,428805.169225,0,False
89969c7a,wide64_anchor,0,0,0,8.0468286182,320325.42716,0,False
89969c7a,e006_affine,5,0,0,7.92860802378,310982.396238,325,False
89969c7a,e006_quadratic,5,0,0,7.92860802378,310982.396238,7048,False
89969c7a,wide64_quadratic,0,0,0,8.0468286182,320325.42716,6490,False
89969c7a,pf_quadratic,5,10,0,7.99277252533,316036.189338,7073,False
89969c7a,trellis_quadratic,5,0,0,7.9831253581,315273.74702,7048,False
89969c7a,e006_hinge_025,5,0,10,7.48261953986,276980.527347,7693,False
89969c7a,e006_hinge_050,5,10,-20,7.53293407209,280717.988598,7895,False
89969c7a,e006_hinge_075,5,10,-60,6.96243612376,239808.381498,8023,True
89969c7a,e006_jump_025,5,0,0,7.92860802378,310982.396238,6059,False
89969c7a,e006_jump_050,5,20,-10,7.74156701897,296482.910971,6567,False
89969c7a,e006_jump_075,5,0,0,7.92860802378,310982.396238,6065,False
89969c7a,dtw_derivative,0,0,0,23.2690841875,2678554.52984,0,False
89f1085d,last_known_tvt,0,0,0,27.6305067523,4576088.7509,0,False
89f1085d,e004_geometry_prefix,0,0,0,24.9770863666,3739385.93113,0,False
89f1085d,align_visible_path,0,0,0,9.1957206656,506860.303687,0,False
89f1085d,pf_gr_path,0,0,0,26.8896816467,4333991.54449,0,False
89f1085d,trellis_gr_path,0,0,0,26.551125932,4225543.95582,0,False
89f1085d,e006_nested_fusion,0,0,0,24.1194228814,3486988.88142,0,False
89f1085d,wide64_anchor,0,0,0,18.3164388619,2010938.6439,0,False
89f1085d,e006_affine,-25,0,0,8.81606530425,465871.706648,175,False
89f1085d,e006_quadratic,-25,0,20,6.46395783249,250445.808656,3733,False
89f1085d,wide64_quadratic,-15,0,20,6.12025287502,224520.226553,4825,False
89f1085d,pf_quadratic,-25,0,20,6.00939585793,216460.354432,3733,False
89f1085d,trellis_quadratic,-25,0,30,6.97734686846,291808.115721,3734,False
89f1085d,e006_hinge_025,-25,-50,120,5.47824935785,179887.228864,3930,True
89f1085d,e006_hinge_050,-25,-20,80,6.93533184968,288304.374224,4116,False
89f1085d,e006_hinge_075,-25,0,40,8.44101032788,427076.4282,4262,False
89f1085d,e006_jump_025,-25,10,-10,6.58930216303,260252.904557,3271,False
89f1085d,e006_jump_050,-25,-10,10,7.7067665267,356009.136281,3327,False
89f1085d,e006_jump_075,-25,-10,10,8.61340472458,444699.301251,3198,False
89f1085d,dtw_derivative,0,0,0,47.0345094423,13260197.0004,0,False
89f36adf,last_known_tvt,0,0,0,4.47797245431,106116.4398,0,False
89f36adf,e004_geometry_prefix,0,0,0,4.78397982649,121115.162092,0,False
89f36adf,align_visible_path,0,0,0,9.27403247461,455152.633776,0,False
89f36adf,pf_gr_path,0,0,0,4.7882652193,121332.244324,0,False
89f36adf,trellis_gr_path,0,0,0,6.00119021778,190587.591087,0,False
89f36adf,e006_nested_fusion,0,0,0,4.43585165263,104129.519147,0,False
89f36adf,wide64_anchor,0,0,0,4.93643131307,128957.329943,0,False
89f36adf,e006_affine,0,0,0,4.43585165263,104129.519147,300,False
89f36adf,e006_quadratic,0,0,0,4.43585165263,104129.519147,6490,False
89f36adf,wide64_quadratic,0,0,0,4.93643131307,128957.329943,6490,False
89f36adf,pf_quadratic,0,0,0,4.7882652193,121332.244324,6490,False
89f36adf,trellis_quadratic,0,0,0,6.00119021778,190587.591087,6490,False
89f36adf,e006_hinge_025,0,0,0,4.43585165263,104129.519147,7077,False
89f36adf,e006_hinge_050,0,10,-40,4.18775560007,92807.3755436,7270,True
89f36adf,e006_hinge_075,0,0,-10,4.34425594471,99873.5860019,7378,False
89f36adf,e006_jump_025,0,0,0,4.43585165263,104129.519147,5589,False
89f36adf,e006_jump_050,0,0,0,4.43585165263,104129.519147,5974,False
89f36adf,e006_jump_075,0,0,0,4.43585165263,104129.519147,5589,False
89f36adf,dtw_derivative,0,0,0,9.06772655751,435127.634766,0,False
89fdb2f2,last_known_tvt,0,0,0,1.6866180519,5777.546,0,True
89fdb2f2,e004_geometry_prefix,0,0,0,1.9903195443,8045.54630541,0,False
89fdb2f2,align_visible_path,0,0,0,1.9903195443,8045.54630541,0,False
89fdb2f2,pf_gr_path,0,0,0,3.09423999928,19445.4463026,0,False
89fdb2f2,trellis_gr_path,0,0,0,2.14668019933,9359.32706861,0,False
89fdb2f2,e006_nested_fusion,0,0,0,2.37032954857,11411.0966649,0,False
89fdb2f2,wide64_anchor,0,0,0,1.71711057642,5988.33999399,0,False
89fdb2f2,e006_affine,0,0,0,2.37032954857,11411.0966649,300,False
89fdb2f2,e006_quadratic,0,0,0,2.37032954857,11411.0966649,6490,False
89fdb2f2,wide64_quadratic,0,0,0,1.71711057642,5988.33999399,6490,False
89fdb2f2,pf_quadratic,-5,0,0,2.66379956414,14411.6269075,5932,False
89fdb2f2,trellis_quadratic,0,0,0,2.14668019933,9359.32706861,6490,False
89fdb2f2,e006_hinge_025,0,0,0,2.37032954857,11411.0966649,7077,False
89fdb2f2,e006_hinge_050,0,0,0,2.37032954857,11411.0966649,7249,False
89fdb2f2,e006_hinge_075,0,0,10,2.2079852142,9901.52857215,7380,False
89fdb2f2,e006_jump_025,0,0,0,2.37032954857,11411.0966649,5589,False
89fdb2f2,e006_jump_050,0,0,0,2.37032954857,11411.0966649,5974,False
89fdb2f2,e006_jump_075,0,0,0,2.37032954857,11411.0966649,5589,False
89fdb2f2,dtw_derivative,0,0,0,3.55169054337,25620.0611089,0,False
8a3da6d1,last_known_tvt,0,0,0,9.41224609723,406895.5997,0,False
8a3da6d1,e004_geometry_prefix,0,0,0,10.1257520935,470924.219122,0,False
8a3da6d1,align_visible_path,0,0,0,10.1257520935,470924.219122,0,False
8a3da6d1,pf_gr_path,0,0,0,7.88989990995,285916.641065,0,False
8a3da6d1,trellis_gr_path,0,0,0,10.1507429956,473251.620388,0,False
8a3da6d1,e006_nested_fusion,0,0,0,8.32632977229,318422.436021,0,False
8a3da6d1,wide64_anchor,0,0,0,6.64358292007,202722.132115,0,False
8a3da6d1,e006_affine,5,10,0,4.96212386182,113091.9381,326,False
8a3da6d1,e006_quadratic,5,10,-10,4.72027364238,102336.556109,7072,False
8a3da6d1,wide64_quadratic,0,10,-10,4.92633114381,111466.316107,6514,False
8a3da6d1,pf_quadratic,5,10,-10,4.81552782392,106508.492668,7072,False
8a3da6d1,trellis_quadratic,5,10,-10,7.42431304783,253168.108498,7072,False
8a3da6d1,e006_hinge_025,5,20,-30,4.63534847483,98687.2900339,7739,False
8a3da6d1,e006_hinge_050,5,20,-50,4.0224183975,74314.0499685,7917,True
8a3da6d1,e006_hinge_075,5,10,-20,4.74281835548,103316.439102,8027,False
8a3da6d1,e006_jump_025,5,10,0,4.96212386182,113091.9381,6081,False
8a3da6d1,e006_jump_050,5,10,0,4.96212386182,113091.9381,6543,False
8a3da6d1,e006_jump_075,5,10,0,4.96212386182,113091.9381,6087,False
8a3da6d1,dtw_derivative,0,0,0,47.0635786365,10173405.1337,0,False
8a89da23,last_known_tvt,0,0,0,24.2524563049,2314494.7409,0,False
8a89da23,e004_geometry_prefix,0,0,0,22.0616356689,1915226.54861,0,False
8a89da23,align_visible_path,0,0,0,31.6274177304,3936155.12827,0,False
8a89da23,pf_gr_path,0,0,0,26.3261808842,2727221.7928,0,False
8a89da23,trellis_gr_path,0,0,0,22.8679155646,2057775.04753,0,False
8a89da23,e006_nested_fusion,0,0,0,23.2052827039,2118939.04703,0,False
8a89da23,wide64_anchor,0,0,0,21.0046806402,1736108.65561,0,False
8a89da23,e006_affine,20,10,0,6.18893139317,150721.800491,401,False
8a89da23,e006_quadratic,20,10,-10,5.1660797626,105018.775747,8730,False
8a89da23,wide64_quadratic,20,10,-10,4.88804522964,94018.9005671,8730,False
8a89da23,pf_quadratic,25,10,-10,4.8850620153,93904.1745652,9273,False
8a89da23,trellis_quadratic,20,10,-10,5.77830159751,131384.807399,8730,False
8a89da23,e006_hinge_025,20,60,-120,3.28363031451,42428.0673468,9655,True
8a89da23,e006_hinge_050,20,20,-40,5.38819042731,114243.265579,9775,False
8a89da23,e006_hinge_075,20,10,-20,6.11907429714,147338.481449,9901,False
8a89da23,e006_jump_025,20,0,10,5.93302024413,138514.86947,7465,False
8a89da23,e006_jump_050,20,20,-10,5.714521775,128500.412125,8142,False
8a89da23,e006_jump_075,20,10,0,6.18893139317,150721.800491,7511,False
8a89da23,dtw_derivative,0,0,0,18.5495237394,1353973.80982,0,False
8a9c8932,last_known_tvt,0,0,0,2.39692950879,26790.199,0,False
8a9c8932,e004_geometry_prefix,0,0,0,2.31429320711,24974.8090651,0,False
8a9c8932,align_visible_path,0,0,0,10.7146808289,535332.848492,0,False
8a9c8932,pf_gr_path,0,0,0,3.2692176609,49837.1373253,0,False
8a9c8932,trellis_gr_path,0,0,0,4.58201361808,97898.9799369,0,False
8a9c8932,e006_nested_fusion,0,0,0,2.34027912723,25538.8145121,0,False
8a9c8932,wide64_anchor,0,0,0,4.16134232961,80748.0984365,0,False
8a9c8932,e006_affine,0,0,0,2.34027912723,25538.8145121,300,False
8a9c8932,e006_quadratic,0,0,0,2.34027912723,25538.8145121,6490,False
8a9c8932,wide64_quadratic,5,0,0,2.80752613245,36754.7125161,7048,False
8a9c8932,pf_quadratic,0,0,0,3.2692176609,49837.1373253,6490,False
8a9c8932,trellis_quadratic,0,0,0,4.58201361808,97898.9799369,6490,False
8a9c8932,e006_hinge_025,0,10,-20,2.27751201094,24187.2652563,7100,True
8a9c8932,e006_hinge_050,0,0,0,2.34027912723,25538.8145121,7249,False
8a9c8932,e006_hinge_075,0,0,-10,2.32538920788,25214.8692563,7378,False
8a9c8932,e006_jump_025,0,0,0,2.34027912723,25538.8145121,5589,False
8a9c8932,e006_jump_050,0,0,0,2.34027912723,25538.8145121,5974,False
8a9c8932,e006_jump_075,0,0,0,2.34027912723,25538.8145121,5589,False
8a9c8932,dtw_derivative,0,0,0,35.9788667427,6036154.8873,0,False
8ac2f237,last_known_tvt,0,0,0,16.4511989784,1439544.5205,0,False
8ac2f237,e004_geometry_prefix,0,0,0,16.6468189056,1473983.08729,0,False
8ac2f237,align_visible_path,0,0,0,12.2620916087,799758.939211,0,False
8ac2f237,pf_gr_path,0,0,0,18.0378252695,1730606.54408,0,False
8ac2f237,trellis_gr_path,0,0,0,15.7222175284,1314793.6316,0,False
8ac2f237,e006_nested_fusion,0,0,0,17.8411696972,1693076.72107,0,False
8ac2f237,wide64_anchor,0,0,0,17.6413216734,1655359.12941,0,False
8ac2f237,e006_affine,-15,-20,0,5.67612934862,171369.905669,223,False
8ac2f237,e006_quadratic,-15,-20,-10,3.8556310831,79071.6744895,4772,False
8ac2f237,wide64_quadratic,-10,-20,-10,3.83079423797,78056.2425217,5325,False
8ac2f237,pf_quadratic,-15,-20,-10,3.80989374615,77206.8294088,4772,False
8ac2f237,trellis_quadratic,-10,-10,-10,5.30787850027,149855.24103,5350,False
8ac2f237,e006_hinge_025,-15,10,-70,4.84252131368,124730.61741,5257,False
8ac2f237,e006_hinge_050,-15,-10,-40,4.03954361832,86794.977355,5356,False
8ac2f237,e006_hinge_075,-15,-10,-110,3.3667480581,60290.8250368,5468,True
8ac2f237,e006_jump_025,-15,-30,10,5.31314803584,150152.934168,4116,False
8ac2f237,e006_jump_050,-15,-20,0,5.67612934862,171369.905669,4320,False
8ac2f237,e006_jump_075,-15,-10,-10,4.49937499553,107679.832489,4138,False
8ac2f237,dtw_derivative,0,0,0,34.3742333722,6284866.1461,0,False
8b12bab6,last_known_tvt,0,0,0,15.8112563921,1308478.1674,0,False
8b12bab6,e004_geometry_prefix,0,0,0,15.4639118031,1251619.86224,0,False
8b12bab6,align_visible_path,0,0,0,9.8098659397,503685.980697,0,False
8b12bab6,pf_gr_path,0,0,0,14.8622962179,1156127.00098,0,False
8b12bab6,trellis_gr_path,0,0,0,16.9713246054,1507527.34529,0,False
8b12bab6,e006_nested_fusion,0,0,0,15.5170574738,1260237.66622,0,False
8b12bab6,wide64_anchor,0,0,0,10.2667588105,551696.7651,0,False
8b12bab6,e006_affine,10,20,0,4.99148258982,130404.578459,352,False
8b12bab6,e006_quadratic,10,20,0,4.99148258982,130404.578459,7654,False
8b12bab6,wide64_quadratic,5,20,0,4.79735349162,120458.41914,7098,False
8b12bab6,pf_quadratic,10,20,0,4.58961186928,110251.787237,7654,False
8b12bab6,trellis_quadratic,15,10,0,6.34397572141,210647.710311,8182,False
8b12bab6,e006_hinge_025,10,0,40,4.20656014395,92616.4059124,8310,True
8b12bab6,e006_hinge_050,10,10,20,4.23049212471,93673.2309724,8521,False
8b12bab6,e006_hinge_075,10,10,40,4.65548650794,113439.38491,8658,False
8b12bab6,e006_jump_025,10,20,0,4.99148258982,130404.578459,6572,False
8b12bab6,e006_jump_050,10,20,0,4.99148258982,130404.578459,7103,False
8b12bab6,e006_jump_075,10,20,0,4.99148258982,130404.578459,6586,False
8b12bab6,dtw_derivative,0,0,0,27.3701082421,3920908.867,0,False
8b5be31b,last_known_tvt,0,0,0,14.4285847265,1180819.9725,0,False
8b5be31b,e004_geometry_prefix,0,0,0,13.2955761089,1002652.73555,0,False
8b5be31b,align_visible_path,0,0,0,21.2201146315,2554063.39893,0,False
8b5be31b,pf_gr_path,0,0,0,14.87608699,1255202.05256,0,False
8b5be31b,trellis_gr_path,0,0,0,16.9409118577,1627832.7732,0,False
8b5be31b,e006_nested_fusion,0,0,0,13.1989644618,988134.223771,0,False
8b5be31b,wide64_anchor,0,0,0,10.8944716353,673206.913263,0,False
8b5be31b,e006_affine,-10,0,0,10.2247066143,592977.114974,250,False
8b5be31b,e006_quadratic,-10,0,20,7.3256650594,304389.970487,5378,False
8b5be31b,wide64_quadratic,-5,0,20,7.22896075383,296406.658948,5934,False
8b5be31b,pf_quadratic,-10,0,20,7.38560830719,309391.775501,5378,False
8b5be31b,trellis_quadratic,-10,0,30,9.50071121541,511974.649131,5379,False
8b5be31b,e006_hinge_025,-10,-50,120,8.16415221471,378057.979215,5735,False
8b5be31b,e006_hinge_050,-10,-20,90,7.35509159575,306840.29615,5963,False
8b5be31b,e006_hinge_075,-10,-10,120,8.18973661352,380431.169051,6116,False
8b5be31b,e006_jump_025,-10,10,-10,8.86889860558,446144.559964,4671,False
8b5be31b,e006_jump_050,-10,20,-10,10.0016137624,567383.079979,4944,False
8b5be31b,e006_jump_075,-10,-20,20,4.71202170831,125936.258744,4594,True
8b5be31b,dtw_derivative,0,0,0,27.1717755066,4187668.13907,0,False
8b95d6d1,last_known_tvt,0,0,0,12.8215916831,284564.6522,0,False
8b95d6d1,e004_geometry_prefix,0,0,0,11.3020412364,221111.251606,0,False
8b95d6d1,align_visible_path,0,0,0,11.3020412364,221111.251606,0,False
8b95d6d1,pf_gr_path,0,0,0,6.55233030227,74317.0790673,0,False
8b95d6d1,trellis_gr_path,0,0,0,12.0063542093,249528.049163,0,False
8b95d6d1,e006_nested_fusion,0,0,0,8.61306602956,128414.07303,0,False
8b95d6d1,wide64_anchor,0,0,0,11.8172973417,241731.581995,0,False
8b95d6d1,e006_affine,-5,-10,0,2.25545799753,8805.75413777,274,False
8b95d6d1,e006_quadratic,-5,-10,0,2.25545799753,8805.75413777,5907,False
8b95d6d1,wide64_quadratic,-10,-10,0,1.79868937325,5600.27567174,5351,True
8b95d6d1,pf_quadratic,-5,-10,0,2.23675152044,8660.29229744,5907,False
8b95d6d1,trellis_quadratic,-10,-10,10,4.45309746523,34325.8633473,5352,False
8b95d6d1,e006_hinge_025,-5,-10,0,2.25545799753,8805.75413777,6437,False
8b95d6d1,e006_hinge_050,-5,-10,0,2.25545799753,8805.75413777,6601,False
8b95d6d1,e006_hinge_075,-5,-10,20,1.94125358376,6523.21373973,6731,False
8b95d6d1,e006_jump_025,-5,-10,0,2.25545799753,8805.75413777,5097,False
8b95d6d1,e006_jump_050,-5,-10,0,2.25545799753,8805.75413777,5405,False
8b95d6d1,e006_jump_075,-5,-10,0,2.25545799753,8805.75413777,5091,False
8b95d6d1,dtw_derivative,0,0,0,12.6378580423,276467.45416,0,False
8b9d8326,last_known_tvt,0,0,0,6.58255298843,267042.8137,0,False
8b9d8326,e004_geometry_prefix,0,0,0,6.20266125348,237109.139832,0,False
8b9d8326,align_visible_path,0,0,0,20.9587643643,2707219.80006,0,False
8b9d8326,pf_gr_path,0,0,0,7.04793364585,306136.971152,0,False
8b9d8326,trellis_gr_path,0,0,0,8.5086519076,446183.680345,0,False
8b9d8326,e006_nested_fusion,0,0,0,6.43627063155,255305.847337,0,False
8b9d8326,wide64_anchor,0,0,0,6.77492666234,282879.427579,0,False
8b9d8326,e006_affine,0,-10,0,3.60368769992,80036.2003327,299,False
8b9d8326,e006_quadratic,0,-10,-10,2.69292484653,44693.1159838,6464,False
8b9d8326,wide64_quadratic,0,-10,-10,3.42430954597,72266.6962259,6464,False
8b9d8326,pf_quadratic,0,-10,-10,3.1253705493,60199.820817,6464,False
8b9d8326,trellis_quadratic,0,-10,-10,4.13571881664,105413.000513,6464,False
8b9d8326,e006_hinge_025,0,0,-20,3.27866988244,66250.2544082,7075,False
8b9d8326,e006_hinge_050,0,0,-40,2.6562974695,43485.6118271,7245,True
8b9d8326,e006_hinge_075,0,-10,-20,3.31660082005,67792.0200804,7352,False
8b9d8326,e006_jump_025,0,-10,0,3.60368769992,80036.2003327,5567,False
8b9d8326,e006_jump_050,0,-10,0,3.60368769992,80036.2003327,5949,False
8b9d8326,e006_jump_075,0,0,-10,2.82299499823,49114.8005842,5588,False
8b9d8326,dtw_derivative,0,0,0,47.7708715355,14064312.1588,0,False
8bb9c1e6,last_known_tvt,0,0,0,5.87708942916,157019.659,0,False
8bb9c1e6,e004_geometry_prefix,0,0,0,6.99691922899,222557.970557,0,False
8bb9c1e6,align_visible_path,0,0,0,4.9568716628,111697.841594,0,False
8bb9c1e6,pf_gr_path,0,0,0,3.61551874071,59425.2018251,0,False
8bb9c1e6,trellis_gr_path,0,0,0,7.06714910933,227048.135841,0,False
8bb9c1e6,e006_nested_fusion,0,0,0,4.67292707419,99267.5808654,0,False
8bb9c1e6,wide64_anchor,0,0,0,3.21028859889,46850.8618297,0,True
8bb9c1e6,e006_affine,-5,0,0,3.58193229178,58326.2662344,275,False
8bb9c1e6,e006_quadratic,-5,0,0,3.58193229178,58326.2662344,5932,False
8bb9c1e6,wide64_quadratic,0,0,0,3.21028859889,46850.8618297,6490,False
8bb9c1e6,pf_quadratic,0,0,0,3.61551874071,59425.2018251,6490,False
8bb9c1e6,trellis_quadratic,-5,0,0,4.7788319944,103818.071359,5932,False
8bb9c1e6,e006_hinge_025,-5,-20,50,3.24682316836,47923.2986813,6417,False
8bb9c1e6,e006_hinge_050,-5,0,0,3.58193229178,58326.2662344,6626,False
8bb9c1e6,e006_hinge_075,-5,0,0,3.58193229178,58326.2662344,6754,False
8bb9c1e6,e006_jump_025,-5,0,0,3.58193229178,58326.2662344,5119,False
8bb9c1e6,e006_jump_050,-5,0,0,3.58193229178,58326.2662344,5430,False
8bb9c1e6,e006_jump_075,-5,0,0,3.58193229178,58326.2662344,5113,False
8bb9c1e6,dtw_derivative,0,0,0,16.1050488195,1179107.82814,0,False
8bda1a11,last_known_tvt,0,0,0,12.8605730753,989223.5465,0,False
8bda1a11,e004_geometry_prefix,0,0,0,14.2463390379,1213892.85056,0,False
8bda1a11,align_visible_path,0,0,0,26.1565728459,4091998.65851,0,False
8bda1a11,pf_gr_path,0,0,0,13.0067162759,1011833.69099,0,False
8bda1a11,trellis_gr_path,0,0,0,13.4209926831,1077315.92975,0,False
8bda1a11,e006_nested_fusion,0,0,0,14.0113377104,1174175.47251,0,False
8bda1a11,wide64_anchor,0,0,0,12.5359910809,939920.563906,0,False
8bda1a11,e006_affine,-5,10,0,10.0211938641,600637.896572,276,False
8bda1a11,e006_quadratic,-5,10,30,6.04478047963,218541.978232,5960,False
8bda1a11,wide64_quadratic,0,10,30,6.02076208661,216808.714675,6518,False
8bda1a11,pf_quadratic,0,10,30,6.26299045639,234605.020801,6518,False
8bda1a11,trellis_quadratic,-5,10,30,5.89084897032,207553.269617,5960,False
8bda1a11,e006_hinge_025,-5,-40,120,5.44565199176,177367.306306,6374,True
8bda1a11,e006_hinge_050,-5,-10,100,6.3379488085,240254.348288,6611,False
8bda1a11,e006_hinge_075,-5,10,70,8.76149413317,459124.164864,6786,False
8bda1a11,e006_jump_025,-5,40,-20,6.14518934674,225862.608954,5204,False
8bda1a11,e006_jump_050,-5,0,10,9.39789509903,528244.50554,5431,False
8bda1a11,e006_jump_075,-5,0,10,7.65006700253,350029.203882,5114,False
8bda1a11,dtw_derivative,0,0,0,44.9026527604,12059180.6333,0,False
8bfa881d,last_known_tvt,0,0,0,24.9076564787,2536780.2353,0,False
8bfa881d,e004_geometry_prefix,0,0,0,24.8105463661,2517037.96971,0,False
8bfa881d,align_visible_path,0,0,0,24.8105463661,2517037.96971,0,False
8bfa881d,pf_gr_path,0,0,0,16.3269106311,1089996.59599,0,False
8bfa881d,trellis_gr_path,0,0,0,22.6270562321,2093501.24188,0,False
8bfa881d,e006_nested_fusion,0,0,0,20.5213577528,1721984.72111,0,False
8bfa881d,wide64_anchor,0,0,0,18.0393882065,1330640.44534,0,False
8bfa881d,e006_affine,15,20,0,3.51473876529,50513.0059374,377,False
8bfa881d,e006_quadratic,15,20,10,2.53849785985,26349.3989912,8208,False
8bfa881d,wide64_quadratic,15,20,10,2.37839996879,23130.5996367,8208,True
8bfa881d,pf_quadratic,15,20,10,3.46564838062,49111.8287566,8208,False
8bfa881d,trellis_quadratic,20,20,10,3.59945987335,52977.5394322,8757,False
8bfa881d,e006_hinge_025,15,10,20,3.36580101978,46322.7128879,8942,False
8bfa881d,e006_hinge_050,15,10,40,2.46687406918,24883.4773157,9142,False
8bfa881d,e006_hinge_075,15,20,30,3.07902486158,38765.3314675,9307,False
8bfa881d,e006_jump_025,15,20,0,3.51473876529,50513.0059374,7041,False
8bfa881d,e006_jump_050,15,20,0,3.51473876529,50513.0059374,7628,False
8bfa881d,e006_jump_075,15,20,0,3.51473876529,50513.0059374,7061,False
8bfa881d,dtw_derivative,0,0,0,21.832270875,1949013.88282,0,False
8c167025,last_known_tvt,0,0,0,12.8421004941,885288.1181,0,False
8c167025,e004_geometry_prefix,0,0,0,11.0432358292,654644.013084,0,False
8c167025,align_visible_path,0,0,0,25.0170777671,3359585.23828,0,False
8c167025,pf_gr_path,0,0,0,20.9566428142,2357522.95333,0,False
8c167025,trellis_gr_path,0,0,0,14.9720791495,1203307.81099,0,False
8c167025,e006_nested_fusion,0,0,0,15.4644619396,1283754.96197,0,False
8c167025,wide64_anchor,0,0,0,15.1066558016,1225036.91376,0,False
8c167025,e006_affine,10,10,0,6.69257045618,240435.400301,351,False
8c167025,e006_quadratic,10,10,0,6.69257045618,240435.400301,7629,False
8c167025,wide64_quadratic,10,10,0,6.57226412627,231868.912041,7629,False
8c167025,pf_quadratic,15,20,0,6.481689049,225521.988437,8207,False
8c167025,trellis_quadratic,10,10,0,9.33168550039,467447.341765,7629,False
8c167025,e006_hinge_025,10,0,30,6.33773977324,215616.163086,8309,False
8c167025,e006_hinge_050,10,10,10,6.51829699107,228076.634323,8520,False
8c167025,e006_hinge_075,10,20,-80,5.09390919262,139288.385511,8671,False
8c167025,e006_jump_025,10,10,0,6.69257045618,240435.400301,6550,False
8c167025,e006_jump_050,10,0,10,4.95447401235,131767.290783,7054,True
8c167025,e006_jump_075,10,10,0,6.69257045618,240435.400301,6564,False
8c167025,dtw_derivative,0,0,0,13.4671027425,973555.812492,0,False
8c8348e8,last_known_tvt,0,0,0,6.54112107106,166352.9978,0,False
8c8348e8,e004_geometry_prefix,0,0,0,4.48596436676,78241.6310536,0,False
8c8348e8,align_visible_path,0,0,0,6.10029351725,144686.402915,0,False
8c8348e8,pf_gr_path,0,0,0,5.75508520871,128774.470393,0,False
8c8348e8,trellis_gr_path,0,0,0,3.59437410154,50231.1139069,0,False
8c8348e8,e006_nested_fusion,0,0,0,4.35116847196,73610.2095736,0,False
8c8348e8,wide64_anchor,0,0,0,4.30588426844,72086.0057276,0,False
8c8348e8,e006_affine,0,0,0,4.35116847196,73610.2095736,300,False
8c8348e8,e006_quadratic,0,0,-10,4.01784498756,62764.2886018,6489,False
8c8348e8,wide64_quadratic,0,0,-10,3.96875932829,61240.0847557,6489,False
8c8348e8,pf_quadratic,5,0,-10,4.44744247748,76903.6469677,7047,False
8c8348e8,trellis_quadratic,0,0,0,3.59437410154,50231.1139069,6490,False
8c8348e8,e006_hinge_025,0,0,0,4.35116847196,73610.2095736,7077,False
8c8348e8,e006_hinge_050,0,10,-40,3.42685813746,45658.1708273,7270,False
8c8348e8,e006_hinge_075,0,0,-10,4.27191533783,70953.125421,7378,False
8c8348e8,e006_jump_025,0,0,0,4.35116847196,73610.2095736,5589,False
8c8348e8,e006_jump_050,0,0,0,4.35116847196,73610.2095736,5974,False
8c8348e8,e006_jump_075,0,10,-10,3.78501664438,55700.8526811,5610,False
8c8348e8,dtw_derivative,0,0,0,2.86392435859,31889.619901,0,True
8cc21f01,last_known_tvt,0,0,0,5.69240567501,131039.6827,0,False
8cc21f01,e004_geometry_prefix,0,0,0,4.8219199198,94026.6869673,0,False
8cc21f01,align_visible_path,0,0,0,21.2527196934,1826586.21362,0,False
8cc21f01,pf_gr_path,0,0,0,5.0502633269,103142.86571,0,False
8cc21f01,trellis_gr_path,0,0,0,6.10769547141,150857.149421,0,False
8cc21f01,e006_nested_fusion,0,0,0,5.60462364173,127029.344133,0,False
8cc21f01,wide64_anchor,0,0,0,5.78361430626,135272.58633,0,False
8cc21f01,e006_affine,-5,0,0,5.37486601195,116827.86271,275,False
8cc21f01,e006_quadratic,-5,0,10,4.47171373053,80864.7285934,5933,False
8cc21f01,wide64_quadratic,-5,0,10,4.30718638404,75023.6997876,5933,False
8cc21f01,pf_quadratic,0,0,10,4.07580651066,67179.7315927,6491,False
8cc21f01,trellis_quadratic,0,0,10,4.99308936136,100820.726902,6491,False
8cc21f01,e006_hinge_025,-5,-30,70,4.2903789834,74439.3307649,6394,False
8cc21f01,e006_hinge_050,-5,-10,30,4.20424987252,71480.5995098,6604,False
8cc21f01,e006_hinge_075,-5,0,0,5.37486601195,116827.86271,6754,False
8cc21f01,e006_jump_025,-5,10,-10,3.02385657116,36977.1574285,5140,True
8cc21f01,e006_jump_050,-5,0,0,5.37486601195,116827.86271,5430,False
8cc21f01,e006_jump_075,-5,0,0,5.37486601195,116827.86271,5113,False
8cc21f01,dtw_derivative,0,0,0,21.47266486,1864588.65955,0,False
8cc800b3,last_known_tvt,0,0,0,13.8946314305,1269567.7063,0,False
8cc800b3,e004_geometry_prefix,0,0,0,20.5955965205,2789398.44753,0,False
8cc800b3,align_visible_path,0,0,0,10.8738184642,777545.766474,0,False
8cc800b3,pf_gr_path,0,0,0,7.90013417626,410422.101139,0,False
8cc800b3,trellis_gr_path,0,0,0,21.7445109129,3109289.01185,0,False
8cc800b3,e006_nested_fusion,0,0,0,14.4124009729,1365948.97666,0,False
8cc800b3,wide64_anchor,0,0,0,12.5314189896,1032671.7734,0,False
8cc800b3,e006_affine,-15,0,0,4.78226843695,150393.721067,225,False
8cc800b3,e006_quadratic,-15,0,10,3.95271560929,102743.165484,4824,False
8cc800b3,wide64_quadratic,-10,0,10,4.07289608926,109085.861274,5377,False
8cc800b3,pf_quadratic,-5,0,10,3.57271924308,83938.1866661,5933,False
8cc800b3,trellis_quadratic,-20,-10,10,5.93081164931,231307.688366,4250,False
8cc800b3,e006_hinge_025,-15,-20,40,3.86366892423,98166.1173688,5193,False
8cc800b3,e006_hinge_050,-15,-10,30,3.44902448082,78226.5826606,5363,True
8cc800b3,e006_hinge_075,-15,-10,70,3.55438349747,83078.8301016,5486,False
8cc800b3,e006_jump_025,-15,0,0,4.78226843695,150393.721067,4181,False
8cc800b3,e006_jump_050,-15,10,-10,4.54183713614,135651.59934,4394,False
8cc800b3,e006_jump_075,-15,-10,10,4.31645556805,122522.6423,4140,False
8cc800b3,dtw_derivative,0,0,0,27.2276771431,4875093.94355,0,False
8d5d46d7,last_known_tvt,0,0,0,14.4486784325,1201438.5951,0,False
8d5d46d7,e004_geometry_prefix,0,0,0,13.8262601264,1100157.27457,0,False
8d5d46d7,align_visible_path,0,0,0,6.71051217023,259153.252992,0,False
8d5d46d7,pf_gr_path,0,0,0,18.5170650834,1973284.17948,0,False
8d5d46d7,trellis_gr_path,0,0,0,12.2777411688,867525.55184,0,False
8d5d46d7,e006_nested_fusion,0,0,0,16.0012679153,1473513.50853,0,False
8d5d46d7,wide64_anchor,0,0,0,17.5401530034,1770565.84729,0,False
8d5d46d7,e006_affine,15,0,0,6.18582157425,220211.556096,375,False
8d5d46d7,e006_quadratic,15,0,-20,4.44901019549,113912.695846,8155,False
8d5d46d7,wide64_quadratic,15,0,-20,4.66238046382,125100.990597,8155,False
8d5d46d7,pf_quadratic,15,0,-20,5.05870641081,147273.38822,8155,False
8d5d46d7,trellis_quadratic,10,-10,-10,5.87411094051,198577.30711,7578,False
8d5d46d7,e006_hinge_025,15,40,-100,4.19071298673,101069.743565,9005,True
8d5d46d7,e006_hinge_050,15,20,-80,4.35222585365,109010.461166,9155,False
8d5d46d7,e006_hinge_075,15,0,-40,5.62711071587,182228.478175,9250,False
8d5d46d7,e006_jump_025,15,-10,10,5.71696677992,188094.746232,6976,False
8d5d46d7,e006_jump_050,15,0,0,6.18582157425,220211.556096,7578,False
8d5d46d7,e006_jump_075,15,10,-10,4.7242713667,128444.348391,7038,False
8d5d46d7,dtw_derivative,0,0,0,51.2763170228,15131395.2561,0,False
8d92cb49,last_known_tvt,0,0,0,7.26161538575,189251.7672,0,False
8d92cb49,e004_geometry_prefix,0,0,0,6.34157107439,144333.514529,0,False
8d92cb49,align_visible_path,0,0,0,6.34157107439,144333.514529,0,False
8d92cb49,pf_gr_path,0,0,0,5.6723373906,115477.551776,0,False
8d92cb49,trellis_gr_path,0,0,0,7.28759122493,190608.150258,0,False
8d92cb49,e006_nested_fusion,0,0,0,5.85592329122,123073.40512,0,False
8d92cb49,wide64_anchor,0,0,0,5.86102051476,123287.754132,0,False
8d92cb49,e006_affine,0,-10,0,3.45543073178,42852.6655347,299,False
8d92cb49,e006_quadratic,0,-10,0,3.45543073178,42852.6655347,6465,False
8d92cb49,wide64_quadratic,0,-10,0,3.46406198327,43067.0145464,6465,False
8d92cb49,pf_quadratic,0,-10,0,3.31427957335,39423.1877852,6465,False
8d92cb49,trellis_quadratic,-5,-10,-10,4.63915987101,77241.7556641,5906,False
8d92cb49,e006_hinge_025,0,0,-20,3.24507907175,37794.1015348,7075,True
8d92cb49,e006_hinge_050,0,-10,0,3.45543073178,42852.6655347,7224,False
8d92cb49,e006_hinge_075,0,0,-70,3.25631728464,38056.3285047,7372,False
8d92cb49,e006_jump_025,0,-10,0,3.45543073178,42852.6655347,5567,False
8d92cb49,e006_jump_050,0,-10,0,3.45543073178,42852.6655347,5949,False
8d92cb49,e006_jump_075,0,-10,0,3.45543073178,42852.6655347,5567,False
8d92cb49,dtw_derivative,0,0,0,5.49456039384,108352.605984,0,False
8f201368,last_known_tvt,0,0,0,31.1794929059,6172248.7787,0,False
8f201368,e004_geometry_prefix,0,0,0,30.2620953433,5814378.73807,0,False
8f201368,align_visible_path,0,0,0,30.2620953433,5814378.73807,0,False
8f201368,pf_gr_path,0,0,0,28.662693876,5216021.07844,0,False
8f201368,trellis_gr_path,0,0,0,31.3513894926,6240493.19715,0,False
8f201368,e006_nested_fusion,0,0,0,29.4498689412,5506454.56237,0,False
8f201368,wide64_anchor,0,0,0,35.3773396514,7946130.06499,0,False
8f201368,e006_affine,30,0,0,9.75547067116,604229.301692,450,False
8f201368,e006_quadratic,30,0,-10,9.32459025434,552032.746678,9783,False
8f201368,wide64_quadratic,35,0,-10,9.12503262004,528657.232791,10309,False
8f201368,pf_quadratic,25,0,-10,9.28433945312,547277.191204,9248,False
8f201368,trellis_quadratic,30,0,-10,9.33907954087,553749.663952,9783,False
8f201368,e006_hinge_025,30,50,-120,7.74545543327,380889.715087,10808,True
8f201368,e006_hinge_050,30,0,0,9.75547067116,604229.301692,10943,False
8f201368,e006_hinge_075,30,0,-10,9.73589655695,601806.991543,11117,False
8f201368,e006_jump_025,30,0,0,9.75547067116,604229.301692,8389,False
8f201368,e006_jump_050,30,20,-10,9.01698053272,516211.399902,9139,False
8f201368,e006_jump_075,30,0,0,9.75547067116,604229.301692,8423,False
8f201368,dtw_derivative,0,0,0,39.4644727011,9888215.80081,0,False
90386ee4,last_known_tvt,0,0,0,10.1529546102,395836.7513,0,False
90386ee4,e004_geometry_prefix,0,0,0,8.29129188855,263982.801335,0,False
90386ee4,align_visible_path,0,0,0,16.9792017748,1107046.24477,0,False
90386ee4,pf_gr_path,0,0,0,14.3475900074,790476.821833,0,False
90386ee4,trellis_gr_path,0,0,0,8.76068982891,294718.795309,0,False
90386ee4,e006_nested_fusion,0,0,0,11.3509786921,494763.714312,0,False
90386ee4,wide64_anchor,0,0,0,8.29648807953,264313.783503,0,False
90386ee4,e006_affine,10,0,0,5.89165825813,133292.686198,350,False
90386ee4,e006_quadratic,10,0,-10,5.18410868002,103199.933976,7603,False
90386ee4,wide64_quadratic,5,0,-10,5.24490743115,105634.767212,7047,False
90386ee4,pf_quadratic,15,0,-10,5.90742741448,134007.162844,8156,False
90386ee4,trellis_quadratic,5,0,-10,6.24715737496,149863.585027,7047,False
90386ee4,e006_hinge_025,10,20,-40,5.50572159107,116401.805715,8352,False
90386ee4,e006_hinge_050,10,20,-70,4.60026229589,81263.6666534,8537,True
90386ee4,e006_hinge_075,10,10,-60,5.87328373114,132462.57326,8648,False
90386ee4,e006_jump_025,10,-10,10,4.99434687101,95783.0425649,6507,False
90386ee4,e006_jump_050,10,0,0,5.89165825813,133292.686198,7053,False
90386ee4,e006_jump_075,10,0,0,5.89165825813,133292.686198,6542,False
90386ee4,dtw_derivative,0,0,0,18.3053683081,1286732.19415,0,False
91abc4c7,last_known_tvt,0,0,0,7.02683994774,288753.653,0,False
91abc4c7,e004_geometry_prefix,0,0,0,14.9788355866,1312089.53482,0,False
91abc4c7,align_visible_path,0,0,0,19.336958818,2186672.32558,0,False
91abc4c7,pf_gr_path,0,0,0,8.44330893291,416900.795628,0,False
91abc4c7,trellis_gr_path,0,0,0,15.6416771608,1430783.75263,0,False
91abc4c7,e006_nested_fusion,0,0,0,8.69770805012,442401.932902,0,False
91abc4c7,wide64_anchor,0,0,0,7.48998032386,328071.661112,0,False
91abc4c7,e006_affine,-5,10,0,6.65129030216,258713.547373,276,False
91abc4c7,e006_quadratic,-5,10,0,6.65129030216,258713.547373,5957,False
91abc4c7,wide64_quadratic,0,10,0,6.87311913785,276258.155563,6515,False
91abc4c7,pf_quadratic,0,10,0,6.75441014744,266797.78606,6515,False
91abc4c7,trellis_quadratic,-15,0,0,9.63641904781,543048.625436,4823,False
91abc4c7,e006_hinge_025,-5,-20,60,5.6359216275,185753.606434,6418,True
91abc4c7,e006_hinge_050,-5,10,-10,6.28338297047,230884.312285,6650,False
91abc4c7,e006_hinge_075,-5,10,-40,6.08002586025,216181.34617,6775,False
91abc4c7,e006_jump_025,-5,10,0,6.65129030216,258713.547373,5141,False
91abc4c7,e006_jump_050,-5,-10,10,6.07455834041,215792.714813,5406,False
91abc4c7,e006_jump_075,-5,10,0,6.65129030216,258713.547373,5135,False
91abc4c7,dtw_derivative,0,0,0,6.84159356563,273729.689921,0,False
91b301ce,last_known_tvt,0,0,0,35.315076933,8193806.1082,0,False
91b301ce,e004_geometry_prefix,0,0,0,35.3766355828,8222396.6877,0,False
91b301ce,align_visible_path,0,0,0,35.3766355828,8222396.6877,0,False
91b301ce,pf_gr_path,0,0,0,35.9595083141,8495576.58492,0,False
91b301ce,trellis_gr_path,0,0,0,34.4927887631,7816673.77162,0,False
91b301ce,e006_nested_fusion,0,0,0,35.9527216476,8492370.13374,0,False
91b301ce,wide64_anchor,0,0,0,34.6211722255,7874969.97039,0,False
91b301ce,e006_affine,-15,-50,0,15.8557518311,1651729.97047,220,False
91b301ce,e006_quadratic,-15,-50,-40,9.506871297,593800.554205,4694,False
91b301ce,wide64_quadratic,-15,-50,-40,9.53017300894,596714.978103,4694,False
91b301ce,pf_quadratic,-15,-50,-40,9.42287925039,583354.592624,4694,False
91b301ce,trellis_quadratic,-15,-50,-40,10.296375097,696520.784707,4694,False
91b301ce,e006_hinge_025,-15,0,-120,13.7641665347,1244701.48219,5227,False
91b301ce,e006_hinge_050,-15,-20,-120,10.5997066734,738164.344861,5323,False
91b301ce,e006_hinge_075,-15,-40,-120,12.1349692102,967481.628708,5392,False
91b301ce,e006_jump_025,-15,-70,20,13.8608522747,1262249.59339,4033,False
91b301ce,e006_jump_050,-15,-60,10,15.199094983,1517752.04814,4227,False
91b301ce,e006_jump_075,-15,-10,-30,8.12649402118,433882.176351,4136,True
91b301ce,dtw_derivative,0,0,0,33.6538213791,7441048.58576,0,False
91db7070,last_known_tvt,0,0,0,40.8074769098,6782563.9495,0,False
91db7070,e004_geometry_prefix,0,0,0,36.4765102989,5419272.328,0,False
91db7070,align_visible_path,0,0,0,45.0323876606,8259701.61717,0,False
91db7070,pf_gr_path,0,0,0,41.1759474048,6905603.05981,0,False
91db7070,trellis_gr_path,0,0,0,37.1916918976,5633862.98691,0,False
91db7070,e006_nested_fusion,0,0,0,38.950717272,6179386.06546,0,False
91db7070,wide64_anchor,0,0,0,38.377720977,5998915.88068,0,False
91db7070,e006_affine,35,40,0,7.51534350265,230044.620173,479,False
91db7070,e006_quadratic,35,40,-10,6.93964922371,196150.512781,10409,False
91db7070,wide64_quadratic,30,40,-10,6.78193612419,187336.240375,9883,False
91db7070,pf_quadratic,35,40,-10,6.45613253113,169769.349288,10409,False
91db7070,trellis_quadratic,30,40,-10,8.15573819891,270919.935063,9883,False
91db7070,e006_hinge_025,35,30,10,6.99128571788,199080.403503,11344,False
91db7070,e006_hinge_050,35,40,-20,6.53628187984,174010.70085,11633,False
91db7070,e006_hinge_075,35,40,-80,5.14234455556,107705.220762,11824,True
91db7070,e006_jump_025,35,40,0,7.51534350265,230044.620173,8930,False
91db7070,e006_jump_050,35,20,10,5.79965874186,136999.597119,9621,False
91db7070,e006_jump_075,35,50,-10,6.12331001869,152716.831908,8974,False
91db7070,dtw_derivative,0,0,0,16.1741415442,1065508.42717,0,False
925a7cd1,last_known_tvt,0,0,0,4.61256379274,96102.539,0,False
925a7cd1,e004_geometry_prefix,0,0,0,8.25913479592,308119.510326,0,False
925a7cd1,align_visible_path,0,0,0,8.25913479592,308119.510326,0,False
925a7cd1,pf_gr_path,0,0,0,3.1624783357,45175.7330837,0,False
925a7cd1,trellis_gr_path,0,0,0,8.25913479592,308119.510326,0,False
925a7cd1,e006_nested_fusion,0,0,0,4.68142792647,98993.5214845,0,False
925a7cd1,wide64_anchor,0,0,0,2.57814255668,30023.6816152,0,True
925a7cd1,e006_affine,-5,0,0,2.70615343975,33079.1945072,275,False
925a7cd1,e006_quadratic,-5,0,0,2.70615343975,33079.1945072,5932,False
925a7cd1,wide64_quadratic,0,0,0,2.57814255668,30023.6816152,6490,False
925a7cd1,pf_quadratic,0,0,0,3.1624783357,45175.7330837,6490,False
925a7cd1,trellis_quadratic,-10,0,0,3.0186910488,41161.1428424,5376,False
925a7cd1,e006_hinge_025,-5,10,-20,2.69336786367,32767.3589383,6485,False
925a7cd1,e006_hinge_050,-5,10,-30,2.69904684086,32905.6848367,6648,False
925a7cd1,e006_hinge_075,-5,0,0,2.70615343975,33079.1945072,6754,False
925a7cd1,e006_jump_025,-5,0,0,2.70615343975,33079.1945072,5119,False
925a7cd1,e006_jump_050,-5,0,0,2.70615343975,33079.1945072,5430,False
925a7cd1,e006_jump_075,-5,0,0,2.70615343975,33079.1945072,5113,False
925a7cd1,dtw_derivative,0,0,0,4.59957991868,95562.2637298,0,False
9283ae69,last_known_tvt,0,0,0,6.1732843785,128466.9223,0,False
9283ae69,e004_geometry_prefix,0,0,0,8.77590749486,259622.798,0,False
9283ae69,align_visible_path,0,0,0,17.7934273025,1067279.01198,0,False
9283ae69,pf_gr_path,0,0,0,12.9897712904,568802.847211,0,False
9283ae69,trellis_gr_path,0,0,0,10.4931180693,371165.730898,0,False
9283ae69,e006_nested_fusion,0,0,0,10.9524082651,404369.136978,0,False
9283ae69,wide64_anchor,0,0,0,5.98635464625,120804.645816,0,False
9283ae69,e006_affine,10,0,0,5.37249055829,97299.3803272,350,False
9283ae69,e006_quadratic,10,0,-10,3.84332455945,49793.5253091,7603,False
9283ae69,wide64_quadratic,5,0,-10,4.46820542628,67301.5421547,7047,False
9283ae69,pf_quadratic,10,0,-10,4.28170115991,61800.4244175,7603,False
9283ae69,trellis_quadratic,10,0,-20,4.99671508288,84164.3018191,7602,False
9283ae69,e006_hinge_025,10,40,-100,2.81348350336,26683.7890472,8396,True
9283ae69,e006_hinge_050,10,10,-50,3.53350089658,42089.0539639,8514,False
9283ae69,e006_hinge_075,10,0,-30,4.98452137658,83754.0232549,8626,False
9283ae69,e006_jump_025,10,-10,10,4.36941901703,64358.5338037,6507,False
9283ae69,e006_jump_050,10,0,0,5.37249055829,97299.3803272,7053,False
9283ae69,e006_jump_075,10,10,-10,4.59369826331,71135.0568485,6563,False
9283ae69,dtw_derivative,0,0,0,12.5385323063,529971.065167,0,False
9298ad5b,last_known_tvt,0,0,0,13.0899847636,679222.2872,0,False
9298ad5b,e004_geometry_prefix,0,0,0,13.0057605956,670509.841568,0,False
9298ad5b,align_visible_path,0,0,0,16.3062976085,1054009.13449,0,False
9298ad5b,pf_gr_path,0,0,0,16.066833998,1023279.46531,0,False
9298ad5b,trellis_gr_path,0,0,0,14.7661329855,864305.340782,0,False
9298ad5b,e006_nested_fusion,0,0,0,14.6731664917,853456.394238,0,False
9298ad5b,wide64_anchor,0,0,0,16.6899621546,1104191.37277,0,False
9298ad5b,e006_affine,10,0,0,10.5111098209,437956.315202,350,False
9298ad5b,e006_quadratic,10,0,-30,7.43001739432,218833.248214,7601,False
9298ad5b,wide64_quadratic,15,0,-30,7.69950285417,234995.212414,8154,False
9298ad5b,pf_quadratic,10,0,-30,7.69620945591,234794.220917,7601,False
9298ad5b,trellis_quadratic,10,0,-30,7.97896812017,252363.82749,7601,False
9298ad5b,e006_hinge_025,10,40,-100,9.59031950442,364585.840573,8396,False
9298ad5b,e006_hinge_050,10,20,-90,7.63114152765,230840.848504,8535,False
9298ad5b,e006_hinge_075,10,10,-120,6.80520278333,183575.951432,8642,False
9298ad5b,e006_jump_025,10,-10,10,9.41356132457,351270.40232,6507,False
9298ad5b,e006_jump_050,10,-30,20,8.94387286123,317091.704008,6980,False
9298ad5b,e006_jump_075,10,20,-20,4.40379684337,76875.5431919,6584,True
9298ad5b,dtw_derivative,0,0,0,28.4664141929,3212174.82548,0,False
9314ff13,last_known_tvt,0,0,0,5.18981577447,74015.148,0,False
9314ff13,e004_geometry_prefix,0,0,0,4.95245678305,67399.7238605,0,False
9314ff13,align_visible_path,0,0,0,20.2012144146,1121428.74739,0,False
9314ff13,pf_gr_path,0,0,0,8.88466100832,216919.428988,0,False
9314ff13,trellis_gr_path,0,0,0,3.12203576216,26785.050861,0,True
9314ff13,e006_nested_fusion,0,0,0,6.2017892392,105694.097481,0,False
9314ff13,wide64_anchor,0,0,0,5.0955693423,71351.344382,0,False
9314ff13,e006_affine,5,0,0,5.16751554432,73380.4400434,325,False
9314ff13,e006_quadratic,5,0,10,5.1384125975,72556.2244929,7049,False
9314ff13,wide64_quadratic,0,0,10,5.06605310311,70527.1288316,6491,False
9314ff13,pf_quadratic,10,0,10,5.34673998066,78558.8029003,7605,False
9314ff13,trellis_quadratic,0,0,0,3.12203576216,26785.050861,6490,False
9314ff13,e006_hinge_025,5,-20,60,3.82697615494,40246.5113558,7648,False
9314ff13,e006_hinge_050,5,0,20,3.88620958593,41502.013351,7874,False
9314ff13,e006_hinge_075,5,10,-40,4.71153451597,61001.6359967,8025,False
9314ff13,e006_jump_025,5,20,-10,4.55768094661,57082.7080192,6102,False
9314ff13,e006_jump_050,5,-10,10,3.52090091406,34066.2504417,6494,False
9314ff13,e006_jump_075,5,0,0,5.16751554432,73380.4400434,6065,False
9314ff13,dtw_derivative,0,0,0,21.2618859412,1242282.2973,0,False
93209a3d,last_known_tvt,0,0,0,13.6580998108,876195.714,0,False
93209a3d,e004_geometry_prefix,0,0,0,11.895075551,664591.786646,0,False
93209a3d,align_visible_path,0,0,0,21.1629686227,2103651.21863,0,False
93209a3d,pf_gr_path,0,0,0,16.4292491128,1267815.30344,0,False
93209a3d,trellis_gr_path,0,0,0,10.8034917076,548212.389155,0,False
93209a3d,e006_nested_fusion,0,0,0,13.7429603883,887117.506225,0,False
93209a3d,wide64_anchor,0,0,0,13.7255317622,884868.873459,0,False
93209a3d,e006_affine,10,0,0,6.34050806971,188828.994008,350,False
93209a3d,e006_quadratic,10,0,-10,6.20040101462,180576.03697,7603,False
93209a3d,wide64_quadratic,10,0,-10,6.1928649973,180137.356581,7603,False
93209a3d,pf_quadratic,15,0,-10,5.68808357399,151968.122416,8156,False
93209a3d,trellis_quadratic,10,0,0,7.1078997691,237302.957182,7604,False
93209a3d,e006_hinge_025,10,20,-40,5.93445244927,165417.658424,8352,False
93209a3d,e006_hinge_050,10,0,10,6.26864875353,184573.110945,8495,False
93209a3d,e006_hinge_075,10,10,-80,5.67432002583,151233.572728,8646,True
93209a3d,e006_jump_025,10,0,0,6.34050806971,188828.994008,6528,False
93209a3d,e006_jump_050,10,0,0,6.34050806971,188828.994008,7053,False
93209a3d,e006_jump_075,10,0,0,6.34050806971,188828.994008,6542,False
93209a3d,dtw_derivative,0,0,0,46.967199463,10361196.0259,0,False
939d9c34,last_known_tvt,0,0,0,15.7290818692,1262007.8879,0,False
939d9c34,e004_geometry_prefix,0,0,0,17.0537033862,1483517.70465,0,False
939d9c34,align_visible_path,0,0,0,19.481551242,1935986.80868,0,False
939d9c34,pf_gr_path,0,0,0,14.931910149,1137328.8595,0,False
939d9c34,trellis_gr_path,0,0,0,18.9429223361,1830413.79812,0,False
939d9c34,e006_nested_fusion,0,0,0,15.3437258395,1200928.03538,0,False
939d9c34,wide64_anchor,0,0,0,15.471493503,1221011.63429,0,False
939d9c34,e006_affine,0,-10,0,14.4435183609,1064146.25069,299,False
939d9c34,e006_quadratic,0,-10,0,14.4435183609,1064146.25069,6465,False
939d9c34,wide64_quadratic,5,-10,0,14.4334395277,1062661.62483,7023,False
939d9c34,pf_quadratic,0,-10,0,14.4883148859,1070757.37926,6465,False
939d9c34,trellis_quadratic,-10,-10,0,15.6604225302,1251014.30134,5351,False
939d9c34,e006_hinge_025,0,20,-70,14.0329438849,1004506.84531,7120,False
939d9c34,e006_hinge_050,0,-10,0,14.4435183609,1064146.25069,7224,False
939d9c34,e006_hinge_075,0,-20,120,12.2913942619,770650.78017,7341,False
939d9c34,e006_jump_025,0,-20,10,14.264915297,1037991.3108,5546,False
939d9c34,e006_jump_050,0,20,-20,10.9531859914,611978.617426,6022,True
939d9c34,e006_jump_075,0,-10,0,14.4435183609,1064146.25069,5567,False
939d9c34,dtw_derivative,0,0,0,21.1076142212,2272655.55975,0,False
93f5d2e6,last_known_tvt,0,0,0,20.105713681,1492048.8162,0,False
93f5d2e6,e004_geometry_prefix,0,0,0,21.6744409981,1733963.12002,0,False
93f5d2e6,align_visible_path,0,0,0,21.6744409981,1733963.12002,0,False
93f5d2e6,pf_gr_path,0,0,0,20.8201226115,1599965.47301,0,False
93f5d2e6,trellis_gr_path,0,0,0,23.2631278345,1997469.97353,0,False
93f5d2e6,e006_nested_fusion,0,0,0,20.6062800203,1567267.90323,0,False
93f5d2e6,wide64_anchor,0,0,0,20.2489407529,1513382.34955,0,False
93f5d2e6,e006_affine,-15,-20,0,7.59393044384,212851.774452,223,False
93f5d2e6,e006_quadratic,-15,-20,-20,4.10312905865,62140.4508534,4771,False
93f5d2e6,wide64_quadratic,-15,-20,-20,4.26371419024,67099.643847,4771,False
93f5d2e6,pf_quadratic,-15,-20,-20,4.14814441769,63511.4138881,4771,False
93f5d2e6,trellis_quadratic,-15,-20,-20,5.89036805234,128064.544508,4771,False
93f5d2e6,e006_hinge_025,-15,20,-100,5.99088506917,132472.588139,5279,False
93f5d2e6,e006_hinge_050,-15,0,-90,3.86893618264,55249.3505812,5376,False
93f5d2e6,e006_hinge_075,-15,-10,-120,4.62075454068,78807.9159905,5467,False
93f5d2e6,e006_jump_025,-15,-30,10,6.00775810779,133219.844265,4116,False
93f5d2e6,e006_jump_050,-15,-40,10,7.10948249666,186560.640398,4272,False
93f5d2e6,e006_jump_075,-15,-10,-10,3.38367736389,42259.2648082,4138,True
93f5d2e6,dtw_derivative,0,0,0,14.482841649,774197.223927,0,False
940a48d9,last_known_tvt,0,0,0,10.0632812817,401331.5443,0,False
940a48d9,e004_geometry_prefix,0,0,0,10.5588160571,441829.308042,0,False
940a48d9,align_visible_path,0,0,0,8.43311777447,281838.555002,0,False
940a48d9,pf_gr_path,0,0,0,7.10101593839,199832.005617,0,False
940a48d9,trellis_gr_path,0,0,0,10.0425029158,399675.94026,0,False
940a48d9,e006_nested_fusion,0,0,0,7.77649787885,239658.142027,0,False
940a48d9,wide64_anchor,0,0,0,8.77279113029,304999.867887,0,False
940a48d9,e006_affine,0,-10,0,6.14881313783,149832.719605,299,False
940a48d9,e006_quadratic,0,-10,10,5.47686157837,118874.198523,6466,False
940a48d9,wide64_quadratic,-5,-10,10,4.89793099349,95071.2921312,5908,False
940a48d9,pf_quadratic,0,-10,10,5.31603748342,111995.388683,6466,False
940a48d9,trellis_quadratic,-5,-10,10,4.6801463364,86804.6394404,5908,True
940a48d9,e006_hinge_025,0,-20,30,5.91762516405,138777.473688,7030,False
940a48d9,e006_hinge_050,0,-20,50,4.87011949796,93994.6873325,7204,False
940a48d9,e006_hinge_075,0,-10,30,5.89140939909,137550.596756,7357,False
940a48d9,e006_jump_025,0,0,-10,6.11334147497,148108.977031,5588,False
940a48d9,e006_jump_050,0,-10,0,6.14881313783,149832.719605,5949,False
940a48d9,e006_jump_075,0,-20,10,5.27195068735,110145.49803,5546,False
940a48d9,dtw_derivative,0,0,0,9.66152687551,369926.637507,0,False
940e709a,last_known_tvt,0,0,0,4.65195605754,72453.0474,0,False
940e709a,e004_geometry_prefix,0,0,0,10.7855509935,389466.513059,0,False
940e709a,align_visible_path,0,0,0,10.7855509935,389466.513059,0,False
940e709a,pf_gr_path,0,0,0,11.506244201,443253.958991,0,False
940e709a,trellis_gr_path,0,0,0,10.946674293,401189.762205,0,False
940e709a,e006_nested_fusion,0,0,0,11.1922862226,419394.822933,0,False
940e709a,wide64_anchor,0,0,0,8.08600104237,218903.666246,0,False
940e709a,e006_affine,10,0,0,4.02800386737,54320.6811407,350,False
940e709a,e006_quadratic,10,0,-10,3.56065664376,42446.8671599,7603,False
940e709a,wide64_quadratic,5,0,-10,4.07161603175,55503.3352044,7047,False
940e709a,pf_quadratic,10,0,-10,3.63279944344,44184.3320538,7603,False
940e709a,trellis_quadratic,10,0,-10,4.03750338624,54577.1996724,7603,False
940e709a,e006_hinge_025,10,10,-20,3.89939332955,50907.2383973,8329,False
940e709a,e006_hinge_050,10,10,-30,3.50963734206,41239.1717054,8516,False
940e709a,e006_hinge_075,10,10,-90,2.85416324204,27273.6376752,8645,True
940e709a,e006_jump_025,10,0,0,4.02800386737,54320.6811407,6528,False
940e709a,e006_jump_050,10,-10,10,3.86045706488,49895.6750542,7029,False
940e709a,e006_jump_075,10,0,0,4.02800386737,54320.6811407,6542,False
940e709a,dtw_derivative,0,0,0,14.5894132882,712625.081356,0,False
9426ec1e,last_known_tvt,0,0,0,12.079413246,369449.7521,0,False
9426ec1e,e004_geometry_prefix,0,0,0,14.8860256127,561075.396626,0,False
9426ec1e,align_visible_path,0,0,0,7.35061914963,136808.015967,0,False
9426ec1e,pf_gr_path,0,0,0,8.56368015785,185688.316386,0,False
9426ec1e,trellis_gr_path,0,0,0,14.0461557938,499549.655224,0,False
9426ec1e,e006_nested_fusion,0,0,0,10.8084387825,295794.187455,0,False
9426ec1e,wide64_anchor,0,0,0,12.2786276262,381736.211241,0,False
9426ec1e,e006_affine,-10,-10,0,2.69063520656,18330.459107,249,False
9426ec1e,e006_quadratic,-10,-10,0,2.69063520656,18330.459107,5351,False
9426ec1e,wide64_quadratic,-10,-10,0,2.66303877052,17956.375549,5351,False
9426ec1e,pf_quadratic,-5,-10,0,3.1594418021,25274.6075722,5907,False
9426ec1e,trellis_quadratic,-10,-20,10,5.50961118711,76860.9246767,5327,False
9426ec1e,e006_hinge_025,-10,-10,0,2.69063520656,18330.459107,5823,False
9426ec1e,e006_hinge_050,-10,-10,0,2.69063520656,18330.459107,5979,False
9426ec1e,e006_hinge_075,-10,-10,20,2.36710643356,14187.2843412,6106,True
9426ec1e,e006_jump_025,-10,-10,0,2.69063520656,18330.459107,4628,False
9426ec1e,e006_jump_050,-10,-10,0,2.69063520656,18330.459107,4870,False
9426ec1e,e006_jump_075,-10,-10,0,2.69063520656,18330.459107,4614,False
9426ec1e,dtw_derivative,0,0,0,44.5598636047,5027492.2174,0,False
94467f50,last_known_tvt,0,0,0,7.79532557311,184428.1509,0,False
94467f50,e004_geometry_prefix,0,0,0,8.12726887969,200469.335809,0,False
94467f50,align_visible_path,0,0,0,8.12726887969,200469.335809,0,False
94467f50,pf_gr_path,0,0,0,8.2108222597,204612.422617,0,False
94467f50,trellis_gr_path,0,0,0,9.60006726459,279709.519656,0,False
94467f50,e006_nested_fusion,0,0,0,7.87132557054,188041.820531,0,False
94467f50,wide64_anchor,0,0,0,11.4800658106,399988.44993,0,False
94467f50,e006_affine,0,0,0,7.87132557054,188041.820531,300,False
94467f50,e006_quadratic,0,0,-10,7.21657304758,158059.542083,6489,False
94467f50,wide64_quadratic,-10,0,-10,7.35168982418,164033.686828,5375,False
94467f50,pf_quadratic,5,0,-10,7.40914396509,166607.582387,7047,False
94467f50,trellis_quadratic,5,0,-10,8.7933947131,234677.704412,7047,False
94467f50,e006_hinge_025,0,0,-10,7.65922088766,178044.222079,7076,False
94467f50,e006_hinge_050,0,10,-50,7.37878999161,165245.254182,7269,False
94467f50,e006_hinge_075,0,10,-120,5.55449419993,93637.0516547,7392,True
94467f50,e006_jump_025,0,0,0,7.87132557054,188041.820531,5589,False
94467f50,e006_jump_050,0,-20,10,5.74885748326,100304.814771,5925,False
94467f50,e006_jump_075,0,10,-10,7.67485433445,178771.785782,5610,False
94467f50,dtw_derivative,0,0,0,52.3459701519,8316205.29413,0,False
944f36b9,last_known_tvt,0,0,0,6.51307585764,196405.3275,0,False
944f36b9,e004_geometry_prefix,0,0,0,3.35268355061,52043.454766,0,False
944f36b9,align_visible_path,0,0,0,10.7995182102,539995.018237,0,False
944f36b9,pf_gr_path,0,0,0,11.6326577705,626525.705113,0,False
944f36b9,trellis_gr_path,0,0,0,5.31991813861,131036.079277,0,False
944f36b9,e006_nested_fusion,0,0,0,4.91826568108,111996.631744,0,False
944f36b9,wide64_anchor,0,0,0,4.19806579242,81597.9921205,0,False
944f36b9,e006_affine,5,0,0,3.37486817347,52734.4739217,325,False
944f36b9,e006_quadratic,5,0,-10,3.23174692147,48356.5912012,7047,False
944f36b9,wide64_quadratic,5,0,-10,3.72676669467,64305.0976837,7047,False
944f36b9,pf_quadratic,10,0,-10,3.26511837447,49360.4207368,7603,False
944f36b9,trellis_quadratic,0,0,-10,4.67310983064,101109.733915,6489,False
944f36b9,e006_hinge_025,5,20,-50,3.22551555135,48170.2911483,7737,False
944f36b9,e006_hinge_050,5,10,-40,2.94528895496,40163.9861405,7893,True
944f36b9,e006_hinge_075,5,0,-10,3.26724320818,49424.6859799,8003,False
944f36b9,e006_jump_025,5,0,0,3.37486817347,52734.4739217,6059,False
944f36b9,e006_jump_050,5,0,0,3.37486817347,52734.4739217,6518,False
944f36b9,e006_jump_075,5,0,0,3.37486817347,52734.4739217,6065,False
944f36b9,dtw_derivative,0,0,0,10.4508343746,505688.318147,0,False
94d813a4,last_known_tvt,0,0,0,36.7309421185,6539388.7419,0,False
94d813a4,e004_geometry_prefix,0,0,0,40.8646557768,8094102.68473,0,False
94d813a4,align_visible_path,0,0,0,29.5720142693,4238721.02343,0,False
94d813a4,pf_gr_path,0,0,0,25.8364862088,3235488.92308,0,False
94d813a4,trellis_gr_path,0,0,0,38.9096457346,7338166.69469,0,False
94d813a4,e006_nested_fusion,0,0,0,32.4584518555,5106562.16646,0,False
94d813a4,wide64_anchor,0,0,0,33.6086492291,5474886.69567,0,False
94d813a4,e006_affine,-25,-30,0,7.28134593911,256978.239626,172,False
94d813a4,e006_quadratic,-25,-30,0,7.28134593911,256978.239626,3656,False
94d813a4,wide64_quadratic,-25,-30,0,7.44482146353,268646.752026,3656,False
94d813a4,pf_quadratic,-20,-30,0,7.17830593453,249756.584807,4199,False
94d813a4,trellis_quadratic,-35,-30,-10,7.60928423164,280647.147992,2594,False
94d813a4,e006_hinge_025,-25,-10,-60,6.56435186341,208860.697479,4012,False
94d813a4,e006_hinge_050,-25,-30,-20,6.67145568209,215731.83149,4081,False
94d813a4,e006_hinge_075,-25,-40,60,7.03965290905,240201.388298,4164,False
94d813a4,e006_jump_025,-25,-30,0,7.28134593911,256978.239626,3184,False
94d813a4,e006_jump_050,-25,-20,-10,5.52425202164,147917.645852,3300,True
94d813a4,e006_jump_075,-25,-30,0,7.28134593911,256978.239626,3156,False
94d813a4,dtw_derivative,0,0,0,34.3758936667,5727709.91093,0,False
95b559e7,last_known_tvt,0,0,0,20.3833591339,1199494.5985,0,False
95b559e7,e004_geometry_prefix,0,0,0,16.3045580417,767476.075541,0,False
95b559e7,align_visible_path,0,0,0,8.44135521373,205717.451536,0,False
95b559e7,pf_gr_path,0,0,0,12.048322296,419082.896518,0,False
95b559e7,trellis_gr_path,0,0,0,13.8598381093,554578.589542,0,False
95b559e7,e006_nested_fusion,0,0,0,14.2959958247,590032.058743,0,False
95b559e7,wide64_anchor,0,0,0,12.3311889742,438992.085523,0,False
95b559e7,e006_affine,15,10,0,6.71575108519,130207.489587,376,False
95b559e7,e006_quadratic,15,10,-20,4.6940927002,63613.6196248,8180,False
95b559e7,wide64_quadratic,10,10,-20,4.12179490632,49047.8009121,7627,False
95b559e7,pf_quadratic,10,0,-20,3.93765294188,44763.254564,7602,False
95b559e7,trellis_quadratic,10,10,-20,3.63633634743,38174.6336453,7627,False
95b559e7,e006_hinge_025,15,40,-80,5.19497916375,77913.8031735,9007,False
95b559e7,e006_hinge_050,15,20,-60,4.45011150862,57172.6826718,9157,False
95b559e7,e006_hinge_075,15,10,-90,3.51870322349,35744.7333467,9270,True
95b559e7,e006_jump_025,15,-10,10,6.07327219506,106485.941693,6976,False
95b559e7,e006_jump_050,15,-10,10,6.53199240075,123179.411677,7554,False
95b559e7,e006_jump_075,15,20,-10,5.47753488685,86619.7824167,7060,False
95b559e7,dtw_derivative,0,0,0,7.24808648579,151667.845496,0,False
95c8427f,last_known_tvt,0,0,0,27.2156872076,4692294.1472,0,False
95c8427f,e004_geometry_prefix,0,0,0,27.3526565099,4739643.12796,0,False
95c8427f,align_visible_path,0,0,0,27.3526565099,4739643.12796,0,False
95c8427f,pf_gr_path,0,0,0,18.720167009,2220066.87577,0,False
95c8427f,trellis_gr_path,0,0,0,29.9597516634,5686211.86949,0,False
95c8427f,e006_nested_fusion,0,0,0,23.2837712179,3434418.90347,0,False
95c8427f,wide64_anchor,0,0,0,18.4164643307,2148617.61373,0,False
95c8427f,e006_affine,-20,0,0,9.19874855273,536048.536222,200,False
95c8427f,e006_quadratic,-20,0,20,7.01613581265,311847.734632,4276,False
95c8427f,wide64_quadratic,-15,0,20,6.94243690956,305330.720591,4825,False
95c8427f,pf_quadratic,-15,0,20,7.00223094411,310612.893963,4825,False
95c8427f,trellis_quadratic,-30,0,20,9.72398126834,599011.067164,3198,False
95c8427f,e006_hinge_025,-20,-50,120,6.642493885,279517.462952,4524,True
95c8427f,e006_hinge_050,-20,-20,70,8.14297771369,420061.7251,4726,False
95c8427f,e006_hinge_075,-20,-10,120,7.30785681506,338319.225739,4867,False
95c8427f,e006_jump_025,-20,10,-10,8.71960714504,481659.861419,3735,False
95c8427f,e006_jump_050,-20,0,0,9.19874855273,536048.536222,3855,False
95c8427f,e006_jump_075,-20,-10,10,7.74051523166,379565.174286,3668,False
95c8427f,dtw_derivative,0,0,0,21.49846425,2927935.41897,0,False
96936c22,last_known_tvt,0,0,0,4.07982534376,55694.0858,0,False
96936c22,e004_geometry_prefix,0,0,0,3.71816675267,46257.6603463,0,False
96936c22,align_visible_path,0,0,0,9.19554506221,282931.231924,0,False
96936c22,pf_gr_path,0,0,0,4.4634585163,66660.5576069,0,False
96936c22,trellis_gr_path,0,0,0,4.21722574615,59508.586558,0,False
96936c22,e006_nested_fusion,0,0,0,4.1844702628,58587.7619584,0,False
96936c22,wide64_anchor,0,0,0,6.08644876925,123952.096945,0,False
96936c22,e006_affine,0,0,0,4.1844702628,58587.7619584,300,False
96936c22,e006_quadratic,0,0,0,4.1844702628,58587.7619584,6490,False
96936c22,wide64_quadratic,5,0,0,3.52582819799,41595.6801558,7048,True
96936c22,pf_quadratic,5,0,0,4.4574961036,66482.5824845,7048,False
96936c22,trellis_quadratic,0,0,0,4.21722574615,59508.586558,6490,False
96936c22,e006_hinge_025,0,0,0,4.1844702628,58587.7619584,7077,False
96936c22,e006_hinge_050,0,0,10,4.16746722689,58112.6022098,7250,False
96936c22,e006_hinge_075,0,0,30,3.83944847628,49324.6059584,7382,False
96936c22,e006_jump_025,0,0,0,4.1844702628,58587.7619584,5589,False
96936c22,e006_jump_050,0,0,0,4.1844702628,58587.7619584,5974,False
96936c22,e006_jump_075,0,0,0,4.1844702628,58587.7619584,5589,False
96936c22,dtw_derivative,0,0,0,4.3612940377,63643.8834963,0,False
96ae5806,last_known_tvt,0,0,0,8.45066904136,702640.4495,0,False
96ae5806,e004_geometry_prefix,0,0,0,13.2457301469,1726246.32314,0,False
96ae5806,align_visible_path,0,0,0,13.2457301469,1726246.32314,0,False
96ae5806,pf_gr_path,0,0,0,11.8493007107,1381453.91904,0,False
96ae5806,trellis_gr_path,0,0,0,13.1884256687,1711342.25017,0,False
96ae5806,e006_nested_fusion,0,0,0,13.2399075014,1724728.98721,0,False
96ae5806,wide64_anchor,0,0,0,14.9993737538,2213590.15478,0,False
96ae5806,e006_affine,-10,0,0,5.69139963767,318705.181553,250,False
96ae5806,e006_quadratic,-10,0,0,5.69139963767,318705.181553,5376,False
96ae5806,wide64_quadratic,-15,0,0,5.35791050398,282450.189686,4823,False
96ae5806,pf_quadratic,-10,0,0,5.32230211144,278708.366792,5376,False
96ae5806,trellis_quadratic,-10,-10,-10,6.93329772067,472966.803452,5350,False
96ae5806,e006_hinge_025,-10,-20,40,5.10280623721,256194.095275,5802,False
96ae5806,e006_hinge_050,-10,0,-10,5.33416885551,279952.583253,6003,False
96ae5806,e006_hinge_075,-10,0,-40,5.05225496058,251143.231757,6125,False
96ae5806,e006_jump_025,-10,0,0,5.69139963767,318705.181553,4650,False
96ae5806,e006_jump_050,-10,-20,10,4.51818459389,200853.267529,4846,True
96ae5806,e006_jump_075,-10,0,0,5.69139963767,318705.181553,4636,False
96ae5806,dtw_derivative,0,0,0,32.2020973768,10202797.7675,0,False
96b7eea1,last_known_tvt,0,0,0,12.4050568484,666631.7062,0,False
96b7eea1,e004_geometry_prefix,0,0,0,5.30622774963,121972.021297,0,False
96b7eea1,align_visible_path,0,0,0,24.6677212111,2636006.70695,0,False
96b7eea1,pf_gr_path,0,0,0,7.17787956172,223193.109071,0,False
96b7eea1,trellis_gr_path,0,0,0,7.53446285701,245919.541515,0,False
96b7eea1,e006_nested_fusion,0,0,0,7.2340806489,226701.88972,0,False
96b7eea1,wide64_anchor,0,0,0,7.76982142986,261523.381725,0,False
96b7eea1,e006_affine,5,0,0,3.26929535698,46301.6815121,325,False
96b7eea1,e006_quadratic,5,0,0,3.26929535698,46301.6815121,7048,False
96b7eea1,wide64_quadratic,5,0,0,3.59811274061,56083.8710543,7048,False
96b7eea1,pf_quadratic,5,0,0,3.22978134217,45189.2039291,7048,False
96b7eea1,trellis_quadratic,5,0,0,5.54374590647,133135.870102,7048,False
96b7eea1,e006_hinge_025,5,10,-20,3.12772907069,42378.609353,7715,False
96b7eea1,e006_hinge_050,5,0,10,3.22466841556,45046.2430429,7873,False
96b7eea1,e006_hinge_075,5,0,20,3.06596884998,40721.5147326,8006,True
96b7eea1,e006_jump_025,5,0,0,3.26929535698,46301.6815121,6059,False
96b7eea1,e006_jump_050,5,0,0,3.26929535698,46301.6815121,6518,False
96b7eea1,e006_jump_075,5,0,0,3.26929535698,46301.6815121,6065,False
96b7eea1,dtw_derivative,0,0,0,9.44280426539,386269.504972,0,False
9719aa04,last_known_tvt,0,0,0,7.07656345543,243928.7219,0,False
9719aa04,e004_geometry_prefix,0,0,0,7.08452139768,244477.649968,0,False
9719aa04,align_visible_path,0,0,0,7.08452139768,244477.649968,0,False
9719aa04,pf_gr_path,0,0,0,7.50844442993,274611.089616,0,False
9719aa04,trellis_gr_path,0,0,0,7.38069276053,265345.901421,0,False
9719aa04,e006_nested_fusion,0,0,0,7.13576947153,248027.452186,0,False
9719aa04,wide64_anchor,0,0,0,9.27854532207,419351.225444,0,False
9719aa04,e006_affine,5,0,0,6.37767506917,198126.655072,325,False
9719aa04,e006_quadratic,5,0,0,6.37767506917,198126.655072,7048,False
9719aa04,wide64_quadratic,5,0,0,6.48868671292,205083.982164,7048,False
9719aa04,pf_quadratic,5,0,0,6.32354674444,194777.862743,7048,False
9719aa04,trellis_quadratic,5,0,0,6.90713955173,232388.47753,7048,False
9719aa04,e006_hinge_025,5,0,10,5.89993019517,169555.497795,7693,True
9719aa04,e006_hinge_050,5,10,-20,5.91750940903,170567.405658,7895,False
9719aa04,e006_hinge_075,5,0,30,6.06511668944,179182.854664,8007,False
9719aa04,e006_jump_025,5,0,0,6.37767506917,198126.655072,6059,False
9719aa04,e006_jump_050,5,-10,10,6.02013847742,176535.109756,6494,False
9719aa04,e006_jump_075,5,20,-10,6.22005275005,188454.392815,6108,False
9719aa04,dtw_derivative,0,0,0,23.1754244602,2616215.556,0,False
974802e7,last_known_tvt,0,0,0,13.80511564,1113566.0558,0,False
974802e7,e004_geometry_prefix,0,0,0,13.8242372846,1116653.02177,0,False
974802e7,align_visible_path,0,0,0,18.292556674,1955170.81018,0,False
974802e7,pf_gr_path,0,0,0,15.2749761966,1363317.37788,0,False
974802e7,trellis_gr_path,0,0,0,13.1070842232,1003802.02288,0,False
974802e7,e006_nested_fusion,0,0,0,14.3558854821,1204192.33052,0,False
974802e7,wide64_anchor,0,0,0,14.2528220988,1186964.18546,0,False
974802e7,e006_affine,0,10,0,12.4483727499,905442.873215,301,False
974802e7,e006_quadratic,0,10,30,8.15418430509,388505.286784,6518,False
974802e7,wide64_quadratic,0,10,30,7.97133686949,371277.141718,6518,False
974802e7,pf_quadratic,-5,10,30,7.95372837113,369638.668195,5960,False
974802e7,trellis_quadratic,0,10,30,7.66733285537,343498.243771,6518,True
974802e7,e006_hinge_025,0,-30,100,11.126609152,723371.762632,7012,False
974802e7,e006_hinge_050,0,-20,120,7.80821037606,356236.896225,7211,False
974802e7,e006_hinge_075,0,0,120,9.1637350307,490660.314042,7391,False
974802e7,e006_jump_025,0,30,-20,8.17544223016,390533.590613,5653,False
974802e7,e006_jump_050,0,30,-10,12.4326873967,903162.536021,6048,False
974802e7,e006_jump_075,0,-10,20,7.96321397834,370520.855221,5569,False
974802e7,dtw_derivative,0,0,0,25.8626948815,3908259.91831,0,False
97cd5bf9,last_known_tvt,0,0,0,9.27393669208,296634.3552,0,False
97cd5bf9,e004_geometry_prefix,0,0,0,8.78054969706,265911.184737,0,False
97cd5bf9,align_visible_path,0,0,0,19.8480748804,1358720.0177,0,False
97cd5bf9,pf_gr_path,0,0,0,12.2498368879,517551.779537,0,False
97cd5bf9,trellis_gr_path,0,0,0,9.00862235719,279904.549595,0,False
97cd5bf9,e006_nested_fusion,0,0,0,11.3958569066,447906.297938,0,False
97cd5bf9,wide64_anchor,0,0,0,14.4205289253,717225.256318,0,False
97cd5bf9,e006_affine,5,10,0,5.38098827792,99865.9151879,326,False
97cd5bf9,e006_quadratic,5,10,10,4.09205349123,57753.1662222,7074,False
97cd5bf9,wide64_quadratic,10,10,10,4.00713011108,55380.9093668,7630,False
97cd5bf9,pf_quadratic,5,20,10,3.52355998604,42820.9731897,7099,False
97cd5bf9,trellis_quadratic,5,10,10,4.51036929686,70164.4941882,7074,False
97cd5bf9,e006_hinge_025,5,-20,80,2.38732661579,19656.9835497,7650,True
97cd5bf9,e006_hinge_050,5,0,60,3.19618485683,35233.596257,7878,False
97cd5bf9,e006_hinge_075,5,10,50,4.24297937041,62091.9122112,8034,False
97cd5bf9,e006_jump_025,5,30,-10,4.42963472128,67675.1183221,6123,False
97cd5bf9,e006_jump_050,5,0,10,4.65613759422,74773.000055,6519,False
97cd5bf9,e006_jump_075,5,0,10,4.60988446843,73294.8190675,6066,False
97cd5bf9,dtw_derivative,0,0,0,58.2962444552,11721261.3535,0,False
98177ced,last_known_tvt,0,0,0,5.7798659154,159417.4882,0,False
98177ced,e004_geometry_prefix,0,0,0,9.14194709395,398820.838503,0,False
98177ced,align_visible_path,0,0,0,13.8639303298,917219.268312,0,False
98177ced,pf_gr_path,0,0,0,9.92980960714,470524.539076,0,False
98177ced,trellis_gr_path,0,0,0,10.2655307708,502878.714218,0,False
98177ced,e006_nested_fusion,0,0,0,8.90616961148,378514.358313,0,False
98177ced,wide64_anchor,0,0,0,6.6008602979,207922.514041,0,False
98177ced,e006_affine,5,0,0,5.87676180639,164807.363558,325,False
98177ced,e006_quadratic,5,0,-20,3.64352096068,63349.4690966,7046,False
98177ced,wide64_quadratic,5,0,-20,3.36536513254,54046.1567722,7046,False
98177ced,pf_quadratic,10,0,-20,3.65744769837,63834.6797357,7602,False
98177ced,trellis_quadratic,10,0,-20,4.54524888926,98586.1197847,7602,False
98177ced,e006_hinge_025,5,30,-70,4.69964423715,105397.522221,7760,False
98177ced,e006_hinge_050,5,20,-80,3.49350730437,58240.3191594,7914,False
98177ced,e006_hinge_075,5,10,-110,3.97906637186,75554.9289825,8018,False
98177ced,e006_jump_025,5,-10,10,4.57555599159,99905.2206806,6038,False
98177ced,e006_jump_050,5,0,0,5.87676180639,164807.363558,6518,False
98177ced,e006_jump_075,5,10,-10,3.15472051039,47492.1918716,6086,True
98177ced,dtw_derivative,0,0,0,9.58327416237,438256.393598,0,False
9896fc0b,last_known_tvt,0,0,0,15.8147668507,899134.1277,0,False
9896fc0b,e004_geometry_prefix,0,0,0,18.0597905768,1172530.94826,0,False
9896fc0b,align_visible_path,0,0,0,25.5062083133,2338787.15176,0,False
9896fc0b,pf_gr_path,0,0,0,14.9751374573,806195.797005,0,False
9896fc0b,trellis_gr_path,0,0,0,20.744699256,1547081.45726,0,False
9896fc0b,e006_nested_fusion,0,0,0,15.2945685595,840956.159577,0,False
9896fc0b,wide64_anchor,0,0,0,14.4980024033,755640.504902,0,False
9896fc0b,e006_affine,-10,-20,0,9.34725113013,314099.117764,248,False
9896fc0b,e006_quadratic,-10,-20,-30,5.30530190257,101185.690657,5323,False
9896fc0b,wide64_quadratic,-5,-20,-30,4.74494249656,80939.5530679,5879,True
9896fc0b,pf_quadratic,-10,-20,-30,5.46616691274,107414.935681,5323,False
9896fc0b,trellis_quadratic,-10,-20,-30,5.91305038031,125696.172456,5323,False
9896fc0b,e006_hinge_025,-10,30,-110,7.80932890492,219243.296513,5912,False
9896fc0b,e006_hinge_050,-10,10,-110,4.91069214678,86693.056011,6018,False
9896fc0b,e006_hinge_075,-10,-10,-120,5.56763712645,111439.906503,6092,False
9896fc0b,e006_jump_025,-10,-30,10,6.29668952976,142535.635028,4585,False
9896fc0b,e006_jump_050,-10,-20,0,9.34725113013,314099.117764,4845,False
9896fc0b,e006_jump_075,-10,-10,-10,6.92467458786,172384.269741,4613,False
9896fc0b,dtw_derivative,0,0,0,10.2004269857,374055.114929,0,False
98bc6f66,last_known_tvt,0,0,0,17.6453918626,1887774.7947,0,False
98bc6f66,e004_geometry_prefix,0,0,0,16.3741070176,1625559.30073,0,False
98bc6f66,align_visible_path,0,0,0,8.11482175784,399250.563896,0,False
98bc6f66,pf_gr_path,0,0,0,15.222030613,1404859.0395,0,False
98bc6f66,trellis_gr_path,0,0,0,16.1829606274,1587828.24554,0,False
98bc6f66,e006_nested_fusion,0,0,0,15.1206643683,1386210.91856,0,False
98bc6f66,wide64_anchor,0,0,0,17.5592888111,1869396.44459,0,False
98bc6f66,e006_affine,15,0,0,6.43902881074,251378.600951,375,False
98bc6f66,e006_quadratic,15,0,-20,3.40526008201,70305.3125191,8155,False
98bc6f66,wide64_quadratic,15,0,-20,3.45300857538,72290.7752279,8155,False
98bc6f66,pf_quadratic,15,0,-20,3.39233129186,69772.4679928,8155,True
98bc6f66,trellis_quadratic,15,0,-10,4.9121146428,146293.340411,8156,False
98bc6f66,e006_hinge_025,15,50,-120,3.98504573876,96284.0143809,9028,False
98bc6f66,e006_hinge_050,15,20,-80,4.13078394272,103455.248575,9155,False
98bc6f66,e006_hinge_075,15,10,-120,4.57064435704,126660.858791,9267,False
98bc6f66,e006_jump_025,15,-10,10,5.60576780987,190527.548292,6976,False
98bc6f66,e006_jump_050,15,0,0,6.43902881074,251378.600951,7578,False
98bc6f66,e006_jump_075,15,10,-10,4.54813784907,125416.537512,7038,False
98bc6f66,dtw_derivative,0,0,0,6.43134621061,250779.103972,0,False
992c99e8,last_known_tvt,0,0,0,13.7790593196,931085.581,0,False
992c99e8,e004_geometry_prefix,0,0,0,15.5425969233,1184670.65296,0,False
992c99e8,align_visible_path,0,0,0,23.9776052889,2819434.92364,0,False
992c99e8,pf_gr_path,0,0,0,11.6019874578,660108.378005,0,False
992c99e8,trellis_gr_path,0,0,0,16.0381708135,1261421.2146,0,False
992c99e8,e006_nested_fusion,0,0,0,13.7457315107,926586.940887,0,False
992c99e8,wide64_anchor,0,0,0,16.1814768992,1284064.31451,0,False
992c99e8,e006_affine,-10,-20,0,3.62383732185,64400.2937703,248,False
992c99e8,e006_quadratic,-10,-20,0,3.62383732185,64400.2937703,5326,False
992c99e8,wide64_quadratic,-15,-20,0,4.24519655994,88378.3865547,4773,False
992c99e8,pf_quadratic,-5,-20,0,4.12106985133,83285.6947927,5882,False
992c99e8,trellis_quadratic,-10,-20,0,5.44485289052,145386.058389,5326,False
992c99e8,e006_hinge_025,-10,0,-40,2.62901105238,33894.9724529,5844,True
992c99e8,e006_hinge_050,-10,-20,10,3.25764889816,52042.6031893,5955,False
992c99e8,e006_hinge_075,-10,-20,30,3.09739015394,47048.121555,6082,False
992c99e8,e006_jump_025,-10,-20,0,3.62383732185,64400.2937703,4606,False
992c99e8,e006_jump_050,-10,-20,0,3.62383732185,64400.2937703,4845,False
992c99e8,e006_jump_075,-10,-20,0,3.62383732185,64400.2937703,4592,False
992c99e8,dtw_derivative,0,0,0,40.3839603185,7997758.28695,0,False
992ce078,last_known_tvt,0,0,0,5.02484380822,72692.0302,0,False
992ce078,e004_geometry_prefix,0,0,0,5.3667260452,82920.2337709,0,False
992ce078,align_visible_path,0,0,0,7.38440991431,156990.458664,0,False
992ce078,pf_gr_path,0,0,0,3.79058017526,41366.9059293,0,False
992ce078,trellis_gr_path,0,0,0,6.12387358227,107967.761809,0,False
992ce078,e006_nested_fusion,0,0,0,4.51632297775,58723.4617561,0,False
992ce078,wide64_anchor,0,0,0,5.42569573428,84752.5035247,0,False
992ce078,e006_affine,0,-10,0,3.71963895438,39833.0204648,299,False
992ce078,e006_quadratic,0,-10,0,3.71963895438,39833.0204648,6465,False
992ce078,wide64_quadratic,-5,-10,0,3.46295368227,34525.1067838,5907,False
992ce078,pf_quadratic,0,-10,0,3.52226682613,35717.9207885,6465,False
992ce078,trellis_quadratic,-5,-10,0,3.84374449035,42535.4161447,5907,False
992ce078,e006_hinge_025,0,10,-40,2.73704374091,21567.7648978,7098,False
992ce078,e006_hinge_050,0,0,-20,2.53141399022,18448.795498,7247,True
992ce078,e006_hinge_075,0,0,-50,3.42743423904,33820.4924277,7374,False
992ce078,e006_jump_025,0,-10,0,3.71963895438,39833.0204648,5567,False
992ce078,e006_jump_050,0,-10,0,3.71963895438,39833.0204648,5949,False
992ce078,e006_jump_075,0,-10,0,3.71963895438,39833.0204648,5567,False
992ce078,dtw_derivative,0,0,0,14.9005507676,639214.04354,0,False
99529c45,last_known_tvt,0,0,0,21.6755450884,2743802.8485,0,False
99529c45,e004_geometry_prefix,0,0,0,21.9584745053,2815899.67917,0,False
99529c45,align_visible_path,0,0,0,31.6349730319,5844505.66938,0,False
99529c45,pf_gr_path,0,0,0,24.4338935663,3486568.50408,0,False
99529c45,trellis_gr_path,0,0,0,22.1582722362,2867375.92639,0,False
99529c45,e006_nested_fusion,0,0,0,22.9633200531,3079514.15631,0,False
99529c45,wide64_anchor,0,0,0,19.1418062279,2139827.0747,0,False
99529c45,e006_affine,-20,0,0,6.95436862763,282441.339172,200,False
99529c45,e006_quadratic,-20,0,20,4.88354782901,139278.390086,4276,False
99529c45,wide64_quadratic,-20,0,20,4.91789199366,141244.264102,4276,False
99529c45,pf_quadratic,-25,0,20,4.75421908667,131999.178885,3733,True
99529c45,trellis_quadratic,-20,0,20,5.00212101605,146123.89361,4276,False
99529c45,e006_hinge_025,-20,-40,100,5.50992647511,177298.252205,4547,False
99529c45,e006_hinge_050,-20,-10,50,5.27216095336,162326.77773,4749,False
99529c45,e006_hinge_075,-20,-10,120,5.42990445317,172185.756244,4867,False
99529c45,e006_jump_025,-20,0,0,6.95436862763,282441.339172,3714,False
99529c45,e006_jump_050,-20,0,0,6.95436862763,282441.339172,3855,False
99529c45,e006_jump_075,-20,-10,10,5.02725145025,147595.821721,3668,False
99529c45,dtw_derivative,0,0,0,56.5232660843,18658096.9156,0,False
995ff498,last_known_tvt,0,0,0,8.34371019928,315088.8045,0,False
995ff498,e004_geometry_prefix,0,0,0,8.79672574054,350232.668872,0,False
995ff498,align_visible_path,0,0,0,8.79672574054,350232.668872,0,False
995ff498,pf_gr_path,0,0,0,7.53649086229,257070.891385,0,False
995ff498,trellis_gr_path,0,0,0,8.42547591464,321294.604501,0,False
995ff498,e006_nested_fusion,0,0,0,7.61442031929,262414.749911,0,False
995ff498,wide64_anchor,0,0,0,7.62197824416,262935.943956,0,False
995ff498,e006_affine,0,-10,0,5.12655885742,118950.547482,299,False
995ff498,e006_quadratic,0,-10,-10,3.49112273081,55162.6070331,6464,False
995ff498,wide64_quadratic,0,-10,-10,3.50757658181,55683.801078,6464,False
995ff498,pf_quadratic,5,-10,-10,4.15313503727,78066.8496668,7022,False
995ff498,trellis_quadratic,0,-10,-10,4.31060628578,84099.0839698,6464,False
995ff498,e006_hinge_025,0,10,-50,4.57271117522,94637.2455885,7097,False
995ff498,e006_hinge_050,0,10,-80,3.09247752258,43284.0263723,7266,True
995ff498,e006_hinge_075,0,0,-90,4.65915336435,98249.0957882,7370,False
995ff498,e006_jump_025,0,-20,10,4.49682884554,91522.3717085,5546,False
995ff498,e006_jump_050,0,-10,0,5.12655885742,118950.547482,5949,False
995ff498,e006_jump_075,0,0,-10,3.66931679286,60937.5467976,5588,False
995ff498,dtw_derivative,0,0,0,20.588239963,1918461.07773,0,False
999daf80,last_known_tvt,0,0,0,5.12162540345,93487.4507,0,False
999daf80,e004_geometry_prefix,0,0,0,3.78559659734,51074.7630544,0,False
999daf80,align_visible_path,0,0,0,11.1731786571,444929.479526,0,False
999daf80,pf_gr_path,0,0,0,7.35029596441,192551.696124,0,False
999daf80,trellis_gr_path,0,0,0,6.24771549973,139116.994113,0,False
999daf80,e006_nested_fusion,0,0,0,4.55612153702,73982.3796918,0,False
999daf80,wide64_anchor,0,0,0,5.4639738872,106403.257921,0,False
999daf80,e006_affine,5,0,0,4.05594951286,58630.389071,325,False
999daf80,e006_quadratic,5,0,-10,3.76607419123,50549.3339965,7047,False
999daf80,wide64_quadratic,5,0,-10,3.24542544251,37538.8503835,7047,False
999daf80,pf_quadratic,5,0,-10,3.57065281166,45439.4371911,7047,False
999daf80,trellis_quadratic,-5,-10,-10,5.7543890612,118014.708719,5906,False
999daf80,e006_hinge_025,5,20,-60,2.58327215679,23783.6235085,7736,True
999daf80,e006_hinge_050,5,0,-20,3.06054257762,33383.7059787,7870,False
999daf80,e006_hinge_075,5,0,-30,3.38420960648,40818.0452904,8001,False
999daf80,e006_jump_025,5,0,0,4.05594951286,58630.389071,6059,False
999daf80,e006_jump_050,5,10,-10,3.92066464856,54784.4226249,6542,False
999daf80,e006_jump_075,5,0,0,4.05594951286,58630.389071,6065,False
999daf80,dtw_derivative,0,0,0,17.1951953112,1053784.77975,0,False
9a6b0392,last_known_tvt,0,0,0,6.9740511335,206952.0911,0,False
9a6b0392,e004_geometry_prefix,0,0,0,14.734087032,923732.079439,0,False
9a6b0392,align_visible_path,0,0,0,7.76119805346,256305.010683,0,False
9a6b0392,pf_gr_path,0,0,0,15.0990919075,970065.862718,0,False
9a6b0392,trellis_gr_path,0,0,0,16.6136182226,1174432.38094,0,False
9a6b0392,e006_nested_fusion,0,0,0,14.8670748761,940482.289902,0,False
9a6b0392,wide64_anchor,0,0,0,13.3921478669,763132.652201,0,False
9a6b0392,e006_affine,-15,-10,0,4.19376410799,74835.4822092,224,False
9a6b0392,e006_quadratic,-15,-10,-10,3.53277454153,53104.5103151,4797,False
9a6b0392,wide64_quadratic,-10,-10,-10,3.71659257936,58774.572006,5350,False
9a6b0392,pf_quadratic,-15,-10,-10,3.49053065982,51842.0872417,4797,False
9a6b0392,trellis_quadratic,-15,-10,0,3.61638155247,55647.8070931,4798,False
9a6b0392,e006_hinge_025,-15,0,-20,3.81135840325,61810.0569961,5237,False
9a6b0392,e006_hinge_050,-15,0,-30,3.12083482716,41442.0406285,5382,True
9a6b0392,e006_hinge_075,-15,-10,-10,4.16019719018,73642.3090135,5478,False
9a6b0392,e006_jump_025,-15,-20,10,3.71390800415,58689.6943823,4138,False
9a6b0392,e006_jump_050,-15,-10,0,4.19376410799,74835.4822092,4345,False
9a6b0392,e006_jump_075,-15,-10,0,4.19376410799,74835.4822092,4139,False
9a6b0392,dtw_derivative,0,0,0,10.6637008639,483855.266067,0,False
9a8ae0d6,last_known_tvt,0,0,0,5.93721668867,221866.9114,0,False
9a8ae0d6,e004_geometry_prefix,0,0,0,5.42568926584,185283.426635,0,False
9a8ae0d6,align_visible_path,0,0,0,12.4998031456,983406.52521,0,False
9a8ae0d6,pf_gr_path,0,0,0,5.21977621579,171486.725198,0,False
9a8ae0d6,trellis_gr_path,0,0,0,7.14221895319,321065.069175,0,False
9a8ae0d6,e006_nested_fusion,0,0,0,5.25980964812,174127.270882,0,False
9a8ae0d6,wide64_anchor,0,0,0,6.00658753829,227081.816724,0,False
9a8ae0d6,e006_affine,0,10,0,4.02193577242,101811.538548,301,False
9a8ae0d6,e006_quadratic,0,10,0,4.02193577242,101811.538548,6515,False
9a8ae0d6,wide64_quadratic,5,10,0,4.35034734839,119117.235793,7073,False
9a8ae0d6,pf_quadratic,0,10,0,4.96797667188,155340.906185,6515,False
9a8ae0d6,trellis_quadratic,0,10,0,4.15934888513,108887.352735,6515,False
9a8ae0d6,e006_hinge_025,0,10,-10,3.57900167782,80621.4384441,7101,True
9a8ae0d6,e006_hinge_050,0,10,-10,3.60209521943,81665.2162703,7273,False
9a8ae0d6,e006_hinge_075,0,10,-10,3.97445100711,99421.6655252,7403,False
9a8ae0d6,e006_jump_025,0,10,0,4.02193577242,101811.538548,5611,False
9a8ae0d6,e006_jump_050,0,10,0,4.02193577242,101811.538548,5999,False
9a8ae0d6,e006_jump_075,0,10,0,4.02193577242,101811.538548,5611,False
9a8ae0d6,dtw_derivative,0,0,0,9.59706840934,579700.826605,0,False
9a95e33f,last_known_tvt,0,0,0,32.2893281325,6721646.7854,0,False
9a95e33f,e004_geometry_prefix,0,0,0,30.1049926511,5842984.32554,0,False
9a95e33f,align_visible_path,0,0,0,14.0161163579,1266522.93498,0,False
9a95e33f,pf_gr_path,0,0,0,24.5352207925,3880946.10155,0,False
9a95e33f,trellis_gr_path,0,0,0,27.8269380201,4992160.17781,0,False
9a95e33f,e006_nested_fusion,0,0,0,28.513949625,5241703.19879,0,False
9a95e33f,wide64_anchor,0,0,0,29.5416779109,5626366.10075,0,False
9a95e33f,e006_affine,-25,-10,0,10.3946302835,696587.639795,174,False
9a95e33f,e006_quadratic,-25,-10,30,7.27149469175,340882.772181,3709,False
9a95e33f,wide64_quadratic,-25,-10,30,7.51438492485,364036.17821,3709,False
9a95e33f,pf_quadratic,-20,-10,30,7.34694603734,347993.69084,4252,False
9a95e33f,trellis_quadratic,-25,-10,30,6.82211091603,300051.09932,3709,False
9a95e33f,e006_hinge_025,-25,-50,100,9.255748914,552307.320671,3928,False
9a95e33f,e006_hinge_050,-25,-30,80,8.08640616962,421569.102679,4091,False
9a95e33f,e006_hinge_075,-25,-20,120,6.70107733287,289498.908054,4220,True
9a95e33f,e006_jump_025,-25,0,-10,9.86599025833,627536.563073,3249,False
9a95e33f,e006_jump_050,-25,10,-10,9.47665462772,578985.61897,3375,False
9a95e33f,e006_jump_075,-25,-30,20,7.72503068049,384731.810346,3158,False
9a95e33f,dtw_derivative,0,0,0,69.3288588747,30987445.368,0,False
9ab94eeb,last_known_tvt,0,0,0,8.20572452305,299097.2502,0,False
9ab94eeb,e004_geometry_prefix,0,0,0,7.34750484569,239805.045566,0,False
9ab94eeb,align_visible_path,0,0,0,8.42762636363,315492.544167,0,False
9ab94eeb,pf_gr_path,0,0,0,6.09999157787,165286.363585,0,False
9ab94eeb,trellis_gr_path,0,0,0,10.8004650421,518159.500451,0,False
9ab94eeb,e006_nested_fusion,0,0,0,6.5161152711,188606.246041,0,False
9ab94eeb,wide64_anchor,0,0,0,7.58520804332,255572.16267,0,False
9ab94eeb,e006_affine,0,-10,0,5.76198239764,147476.359592,299,False
9ab94eeb,e006_quadratic,0,-10,10,5.72028331577,145349.530267,6466,False
9ab94eeb,wide64_quadratic,-5,-10,10,5.20172039743,120191.170003,5908,False
9ab94eeb,pf_quadratic,0,-10,10,5.15597143336,118086.311995,6466,False
9ab94eeb,trellis_quadratic,-5,-10,10,8.49910299527,320866.767159,5908,False
9ab94eeb,e006_hinge_025,0,-10,10,5.42156579917,130565.374925,7053,False
9ab94eeb,e006_hinge_050,0,-10,20,4.94336534338,108548.536198,7226,True
9ab94eeb,e006_hinge_075,0,-10,40,5.22332551338,121191.660878,7358,False
9ab94eeb,e006_jump_025,0,-10,0,5.76198239764,147476.359592,5567,False
9ab94eeb,e006_jump_050,0,-10,0,5.76198239764,147476.359592,5949,False
9ab94eeb,e006_jump_075,0,-20,10,5.27192361821,123457.299502,5546,False
9ab94eeb,dtw_derivative,0,0,0,6.30529635609,176599.537418,0,False
9ad5410a,last_known_tvt,0,0,0,8.78437724954,324480.0178,0,False
9ad5410a,e004_geometry_prefix,0,0,0,7.12102105917,213231.09659,0,False
9ad5410a,align_visible_path,0,0,0,14.7415907552,913807.464064,0,False
9ad5410a,pf_gr_path,0,0,0,7.89069654323,261816.301597,0,False
9ad5410a,trellis_gr_path,0,0,0,6.16905173164,160030.52292,0,False
9ad5410a,e006_nested_fusion,0,0,0,6.68870157495,188126.35443,0,False
9ad5410a,wide64_anchor,0,0,0,7.97254576527,267276.048543,0,False
9ad5410a,e006_affine,0,10,0,5.46309177746,125499.788288,301,False
9ad5410a,e006_quadratic,0,10,10,5.08765688388,108843.282049,6516,False
9ad5410a,wide64_quadratic,-5,10,10,4.77648758879,95936.375649,5958,False
9ad5410a,pf_quadratic,-5,10,10,4.78484379901,96272.3404107,5958,False
9ad5410a,trellis_quadratic,0,10,0,5.7951303453,141218.767698,6515,False
9ad5410a,e006_hinge_025,0,-20,60,4.40293570694,81517.4691397,7033,True
9ad5410a,e006_hinge_050,0,0,30,4.57118548728,87866.5730722,7252,False
9ad5410a,e006_hinge_075,0,10,-20,5.32611080733,119285.153876,7402,False
9ad5410a,e006_jump_025,0,20,-10,5.22117832375,114631.256486,5632,False
9ad5410a,e006_jump_050,0,10,0,5.46309177746,125499.788288,5999,False
9ad5410a,e006_jump_075,0,10,0,5.46309177746,125499.788288,5611,False
9ad5410a,dtw_derivative,0,0,0,22.7273058065,2172010.45489,0,False
9ae248be,last_known_tvt,0,0,0,8.1070039446,346428.6368,0,False
9ae248be,e004_geometry_prefix,0,0,0,9.20288214648,446417.012796,0,False
9ae248be,align_visible_path,0,0,0,16.8037020308,1488342.76263,0,False
9ae248be,pf_gr_path,0,0,0,9.1510520948,441402.787662,0,False
9ae248be,trellis_gr_path,0,0,0,9.4128449995,467019.30234,0,False
9ae248be,e006_nested_fusion,0,0,0,8.3272570099,365508.056267,0,False
9ae248be,wide64_anchor,0,0,0,7.70280902596,312745.649779,0,False
9ae248be,e006_affine,-5,10,0,5.61990773584,166475.906159,276,False
9ae248be,e006_quadratic,-5,10,10,4.45878723282,104791.61029,5958,False
9ae248be,wide64_quadratic,-5,10,10,4.62673704093,112834.69275,5958,False
9ae248be,pf_quadratic,-5,0,10,5.24634584535,145079.766867,5933,False
9ae248be,trellis_quadratic,-5,10,10,5.83446141981,179429.795052,5958,False
9ae248be,e006_hinge_025,-5,-10,40,4.75533687734,119194.329094,6441,False
9ae248be,e006_hinge_050,-5,0,30,4.55966807665,109587.110121,6629,False
9ae248be,e006_hinge_075,-5,0,90,3.65395063062,70374.9933172,6763,True
9ae248be,e006_jump_025,-5,10,0,5.61990773584,166475.906159,5141,False
9ae248be,e006_jump_050,-5,10,0,5.61990773584,166475.906159,5455,False
9ae248be,e006_jump_075,-5,10,0,5.61990773584,166475.906159,5135,False
9ae248be,dtw_derivative,0,0,0,52.8113826697,14701041.1172,0,False
9af1ffd0,last_known_tvt,0,0,0,18.1280538385,1158407.8343,0,False
9af1ffd0,e004_geometry_prefix,0,0,0,17.5481437742,1085479.15847,0,False
9af1ffd0,align_visible_path,0,0,0,25.5231374125,2296292.6654,0,False
9af1ffd0,pf_gr_path,0,0,0,14.8700669422,779444.090302,0,False
9af1ffd0,trellis_gr_path,0,0,0,17.065439208,1026582.98415,0,False
9af1ffd0,e006_nested_fusion,0,0,0,15.3130867847,826579.459739,0,False
9af1ffd0,wide64_anchor,0,0,0,14.9527232115,788133.35833,0,False
9af1ffd0,e006_affine,-10,-20,0,5.34885192144,100851.014493,248,False
9af1ffd0,e006_quadratic,-10,-20,-10,4.01575236197,56845.0912902,5325,False
9af1ffd0,wide64_quadratic,-10,-20,-10,4.14474538816,60555.6730225,5325,False
9af1ffd0,pf_quadratic,-10,-20,-10,4.16197546098,61060.1900758,5325,False
9af1ffd0,trellis_quadratic,-10,-20,-20,6.40157437031,144455.044326,5324,False
9af1ffd0,e006_hinge_025,-10,20,-90,3.60975900252,45932.0191983,5889,False
9af1ffd0,e006_hinge_050,-10,0,-70,3.53787482415,44120.8679064,5997,False
9af1ffd0,e006_hinge_075,-10,-20,-10,5.34082513441,100548.556235,6078,False
9af1ffd0,e006_jump_025,-10,-30,10,3.44154143035,41750.8311442,4585,True
9af1ffd0,e006_jump_050,-10,-20,0,5.34885192144,100851.014493,4845,False
9af1ffd0,e006_jump_075,-10,-10,-10,4.85198161292,82984.5826417,4613,False
9af1ffd0,dtw_derivative,0,0,0,8.04918362251,228382.483386,0,False
9b5b61c1,last_known_tvt,0,0,0,5.42998220962,163109.398,0,False
9b5b61c1,e004_geometry_prefix,0,0,0,5.73316849748,181832.530685,0,False
9b5b61c1,align_visible_path,0,0,0,23.1468515681,2963916.91194,0,False
9b5b61c1,pf_gr_path,0,0,0,11.8127240848,771937.771082,0,False
9b5b61c1,trellis_gr_path,0,0,0,4.76860169939,125795.25791,0,False
9b5b61c1,e006_nested_fusion,0,0,0,7.95934026555,350458.271164,0,False
9b5b61c1,wide64_anchor,0,0,0,5.17821955141,148334.814121,0,False
9b5b61c1,e006_affine,5,0,0,5.26471641493,153331.765759,325,False
9b5b61c1,e006_quadratic,5,0,0,5.26471641493,153331.765759,7048,False
9b5b61c1,wide64_quadratic,0,0,0,5.17821955141,148334.814121,6490,False
9b5b61c1,pf_quadratic,10,0,0,5.24921670836,152430.255116,7604,False
9b5b61c1,trellis_quadratic,0,0,0,4.76860169939,125795.25791,6490,False
9b5b61c1,e006_hinge_025,5,10,-20,5.11175081496,144551.140053,7715,False
9b5b61c1,e006_hinge_050,5,0,0,5.26471641493,153331.765759,7872,False
9b5b61c1,e006_hinge_075,5,0,30,4.82760033371,128927.270601,8007,False
9b5b61c1,e006_jump_025,5,0,0,5.26471641493,153331.765759,6059,False
9b5b61c1,e006_jump_050,5,20,-10,4.49081139117,111565.984613,6567,True
9b5b61c1,e006_jump_075,5,0,0,5.26471641493,153331.765759,6065,False
9b5b61c1,dtw_derivative,0,0,0,41.4583386491,9508367.5425,0,False
9b9e3b49,last_known_tvt,0,0,0,7.92372157259,321335.4907,0,False
9b9e3b49,e004_geometry_prefix,0,0,0,8.26905781477,349955.109143,0,False
9b9e3b49,align_visible_path,0,0,0,8.26905781477,349955.109143,0,False
9b9e3b49,pf_gr_path,0,0,0,8.69337111334,386791.321327,0,False
9b9e3b49,trellis_gr_path,0,0,0,8.31498096079,353852.93308,0,False
9b9e3b49,e006_nested_fusion,0,0,0,7.88790999703,318437.477253,0,False
9b9e3b49,wide64_anchor,0,0,0,7.8575737853,315992.82192,0,False
9b9e3b49,e006_affine,0,0,0,7.88790999703,318437.477253,300,False
9b9e3b49,e006_quadratic,0,0,-20,5.20691579681,138759.073285,6488,False
9b9e3b49,wide64_quadratic,0,0,-20,5.16084428996,136314.417953,6488,False
9b9e3b49,pf_quadratic,-5,-10,-20,5.42489026477,150619.845181,5905,False
9b9e3b49,trellis_quadratic,5,0,-20,5.84606797185,174915.381924,7046,False
9b9e3b49,e006_hinge_025,0,30,-80,6.20702890379,197182.249585,7144,False
9b9e3b49,e006_hinge_050,0,10,-60,4.95812456134,125815.78973,7268,False
9b9e3b49,e006_hinge_075,0,0,-100,4.74955082107,115453.036504,7369,False
9b9e3b49,e006_jump_025,0,-20,10,6.87116428054,241635.614882,5546,False
9b9e3b49,e006_jump_050,0,-20,10,7.17843462242,263730.14913,5925,False
9b9e3b49,e006_jump_075,0,10,-10,4.63359408683,109884.453718,5610,True
9b9e3b49,dtw_derivative,0,0,0,18.9507664888,1838035.27553,0,False
9bd2bba3,last_known_tvt,0,0,0,15.6732874729,1827404.7832,0,False
9bd2bba3,e004_geometry_prefix,0,0,0,9.57692077104,682285.823812,0,False
9bd2bba3,align_visible_path,0,0,0,18.8900032459,2654474.90415,0,False
9bd2bba3,pf_gr_path,0,0,0,14.6762432728,1602301.95542,0,False
9bd2bba3,trellis_gr_path,0,0,0,11.9354273337,1059718.47233,0,False
9bd2bba3,e006_nested_fusion,0,0,0,12.118276301,1092436.64395,0,False
9bd2bba3,wide64_anchor,0,0,0,9.95768381736,737617.519062,0,False
9bd2bba3,e006_affine,10,0,0,5.04588355826,189403.939232,350,False
9bd2bba3,e006_quadratic,10,0,-10,4.95169211941,182398.736795,7603,False
9bd2bba3,wide64_quadratic,10,0,-10,5.01948634972,187427.414277,7603,False
9bd2bba3,pf_quadratic,15,0,-10,5.11022388177,194264.933238,8156,False
9bd2bba3,trellis_quadratic,10,0,-10,5.97072475072,265197.032569,7603,False
9bd2bba3,e006_hinge_025,10,10,-20,4.98133149506,184588.842506,8329,False
9bd2bba3,e006_hinge_050,10,10,-30,4.71688376274,165510.254696,8516,False
9bd2bba3,e006_hinge_075,10,10,-80,4.66770536722,162077.014587,8646,True
9bd2bba3,e006_jump_025,10,0,0,5.04588355826,189403.939232,6528,False
9bd2bba3,e006_jump_050,10,-10,10,4.88527302905,177538.374816,7029,False
9bd2bba3,e006_jump_075,10,0,0,5.04588355826,189403.939232,6542,False
9bd2bba3,dtw_derivative,0,0,0,22.3658199428,3721210.23883,0,False
9c211c53,last_known_tvt,0,0,0,6.46650654177,303791.1103,0,False
9c211c53,e004_geometry_prefix,0,0,0,6.86749388075,342635.360548,0,False
9c211c53,align_visible_path,0,0,0,6.86749388075,342635.360548,0,False
9c211c53,pf_gr_path,0,0,0,6.59888483233,316356.466686,0,False
9c211c53,trellis_gr_path,0,0,0,8.30273646592,500815.919456,0,False
9c211c53,e006_nested_fusion,0,0,0,6.53885781597,310627.14607,0,False
9c211c53,wide64_anchor,0,0,0,7.92830296191,456663.281772,0,False
9c211c53,e006_affine,5,0,0,4.98205110126,180323.35302,325,False
9c211c53,e006_quadratic,5,0,0,4.98205110126,180323.35302,7048,False
9c211c53,wide64_quadratic,5,0,0,5.07744737897,187295.128253,7048,False
9c211c53,pf_quadratic,5,0,0,5.05231770413,185445.766543,7048,False
9c211c53,trellis_quadratic,5,-10,-10,5.77664507285,242430.349582,7022,False
9c211c53,e006_hinge_025,5,0,-10,4.64082313072,156468.043737,7691,False
9c211c53,e006_hinge_050,5,0,-10,4.51258552052,147940.305001,7871,False
9c211c53,e006_hinge_075,5,0,-40,4.20035908012,128176.51416,8000,True
9c211c53,e006_jump_025,5,0,0,4.98205110126,180323.35302,6059,False
9c211c53,e006_jump_050,5,0,0,4.98205110126,180323.35302,6518,False
9c211c53,e006_jump_075,5,0,0,4.98205110126,180323.35302,6065,False
9c211c53,dtw_derivative,0,0,0,11.9448202078,1036560.97197,0,False
9c350a6a,last_known_tvt,0,0,0,17.3979466063,1831871.0811,0,False
9c350a6a,e004_geometry_prefix,0,0,0,15.2109964524,1400277.94793,0,False
9c350a6a,align_visible_path,0,0,0,22.9961838481,3200445.70198,0,False
9c350a6a,pf_gr_path,0,0,0,11.6685160232,824005.618949,0,False
9c350a6a,trellis_gr_path,0,0,0,14.1835174765,1217493.96078,0,False
9c350a6a,e006_nested_fusion,0,0,0,13.4899506591,1101335.50868,0,False
9c350a6a,wide64_anchor,0,0,0,13.1726152819,1050129.68545,0,False
9c350a6a,e006_affine,10,10,0,10.0834416507,615341.914502,351,False
9c350a6a,e006_quadratic,10,10,-20,7.61588780954,351026.573616,7627,False
9c350a6a,wide64_quadratic,5,10,-20,7.51603954158,341882.626564,7071,False
9c350a6a,pf_quadratic,5,10,-20,7.56084531343,345970.942978,7071,False
9c350a6a,trellis_quadratic,10,10,-20,7.40233271329,331616.493128,7627,False
9c350a6a,e006_hinge_025,10,40,-70,9.58199821809,555662.502981,8399,False
9c350a6a,e006_hinge_050,10,30,-80,7.91835535451,379462.527401,8561,False
9c350a6a,e006_hinge_075,10,20,-120,6.59304795605,263070.038735,8667,True
9c350a6a,e006_jump_025,10,0,10,8.44856559198,431981.232921,6529,False
9c350a6a,e006_jump_050,10,10,0,10.0834416507,615341.914502,7078,False
9c350a6a,e006_jump_075,10,20,-10,9.29451760494,522820.524042,6585,False
9c350a6a,dtw_derivative,0,0,0,20.9964715135,2668035.19052,0,False
9c8375f7,last_known_tvt,0,0,0,5.91715606988,128636.7919,0,False
9c8375f7,e004_geometry_prefix,0,0,0,6.44433129413,152579.037014,0,False
9c8375f7,align_visible_path,0,0,0,15.1575963385,844111.518121,0,False
9c8375f7,pf_gr_path,0,0,0,12.8645676889,608036.352097,0,False
9c8375f7,trellis_gr_path,0,0,0,8.17575800908,245581.25189,0,False
9c8375f7,e006_nested_fusion,0,0,0,8.78290772932,283410.4061,0,False
9c8375f7,wide64_anchor,0,0,0,8.24214849183,249585.885211,0,False
9c8375f7,e006_affine,-5,0,0,5.35578148748,105386.468485,275,False
9c8375f7,e006_quadratic,-5,0,10,4.18613271084,64382.0997852,5933,False
9c8375f7,wide64_quadratic,-5,0,10,3.85705420176,54657.6097816,5933,False
9c8375f7,pf_quadratic,-10,0,10,4.14780740194,63208.6211388,5377,False
9c8375f7,trellis_quadratic,-5,0,10,4.87623662505,87359.2096326,5933,False
9c8375f7,e006_hinge_025,-5,-30,80,3.90125810803,55917.5996687,6395,False
9c8375f7,e006_hinge_050,-5,-10,50,3.77310766695,52304.3185474,6606,True
9c8375f7,e006_hinge_075,-5,0,30,4.97710669521,91010.8255381,6757,False
9c8375f7,e006_jump_025,-5,10,-10,3.78178038958,52545.0443497,5140,False
9c8375f7,e006_jump_050,-5,-10,10,4.97344733226,90877.0453195,5406,False
9c8375f7,e006_jump_075,-5,-10,10,5.04691451089,93581.7254988,5092,False
9c8375f7,dtw_derivative,0,0,0,42.0470522722,6495465.21797,0,False
9d072e4c,last_known_tvt,0,0,0,9.99080466891,509761.2207,0,False
9d072e4c,e004_geometry_prefix,0,0,0,9.18844320128,431171.183581,0,False
9d072e4c,align_visible_path,0,0,0,11.7645988529,706838.349965,0,False
9d072e4c,pf_gr_path,0,0,0,10.2905363635,540806.473081,0,False
9d072e4c,trellis_gr_path,0,0,0,9.24890583905,436864.317835,0,False
9d072e4c,e006_nested_fusion,0,0,0,9.20054306304,432307.512488,0,False
9d072e4c,wide64_anchor,0,0,0,9.17371060153,429789.626386,0,False
9d072e4c,e006_affine,0,10,0,5.79637846274,171585.002768,301,False
9d072e4c,e006_quadratic,0,10,0,5.79637846274,171585.002768,6515,False
9d072e4c,wide64_quadratic,0,10,0,5.75369245172,169067.116666,6515,False
9d072e4c,pf_quadratic,5,10,0,5.85609002695,175138.387592,7073,False
9d072e4c,trellis_quadratic,0,10,0,6.07046989871,188196.038669,6515,False
9d072e4c,e006_hinge_025,0,10,10,5.67974559855,164749.317898,7103,False
9d072e4c,e006_hinge_050,0,10,10,5.51320158913,155229.26573,7275,False
9d072e4c,e006_hinge_075,0,10,20,5.66090403052,163658.076499,7406,False
9d072e4c,e006_jump_025,0,10,0,5.79637846274,171585.002768,5611,False
9d072e4c,e006_jump_050,0,30,-10,5.13607125377,134718.717007,6048,True
9d072e4c,e006_jump_075,0,10,0,5.79637846274,171585.002768,5611,False
9d072e4c,dtw_derivative,0,0,0,54.6680106831,15262736.2392,0,False
9d3ec64c,last_known_tvt,0,0,0,9.18787682783,293771.4405,0,False
9d3ec64c,e004_geometry_prefix,0,0,0,9.89071393309,340435.25293,0,False
9d3ec64c,align_visible_path,0,0,0,18.9781866776,1253397.06211,0,False
9d3ec64c,pf_gr_path,0,0,0,8.73481164035,265513.331686,0,False
9d3ec64c,trellis_gr_path,0,0,0,12.0150955411,502381.572601,0,False
9d3ec64c,e006_nested_fusion,0,0,0,8.19771880442,233865.025715,0,False
9d3ec64c,wide64_anchor,0,0,0,8.07762078403,227062.892207,0,False
9d3ec64c,e006_affine,-5,0,0,5.68124919104,112322.54145,275,False
9d3ec64c,e006_quadratic,-5,0,20,3.06878281562,32772.6493337,5934,False
9d3ec64c,wide64_quadratic,-5,0,20,3.01935157884,31725.3641692,5934,False
9d3ec64c,pf_quadratic,-5,0,20,3.37381040316,39611.4362949,5934,False
9d3ec64c,trellis_quadratic,-10,-10,20,5.31393536699,98267.9236141,5353,False
9d3ec64c,e006_hinge_025,-5,-40,90,3.33557982622,38718.8028642,6371,False
9d3ec64c,e006_hinge_050,-5,-20,70,2.92115852099,29695.4215246,6583,False
9d3ec64c,e006_hinge_075,-5,-10,90,3.91605580502,53367.5158766,6738,False
9d3ec64c,e006_jump_025,-5,10,-10,2.6623793396,24667.1578429,5140,True
9d3ec64c,e006_jump_050,-5,0,0,5.68124919104,112322.54145,5430,False
9d3ec64c,e006_jump_075,-5,-10,10,4.94659365261,85151.3848988,5092,False
9d3ec64c,dtw_derivative,0,0,0,16.2951485162,924050.89077,0,False
9d4272e3,last_known_tvt,0,0,0,17.7683133535,1272323.2265,0,False
9d4272e3,e004_geometry_prefix,0,0,0,16.9788367544,1161772.01705,0,False
9d4272e3,align_visible_path,0,0,0,16.9788367544,1161772.01705,0,False
9d4272e3,pf_gr_path,0,0,0,9.99385532114,402504.891045,0,False
9d4272e3,trellis_gr_path,0,0,0,17.3735490893,1216416.03807,0,False
9d4272e3,e006_nested_fusion,0,0,0,13.219396302,704252.327515,0,False
9d4272e3,wide64_anchor,0,0,0,11.6028311412,542541.532678,0,False
9d4272e3,e006_affine,10,10,0,4.46795485616,80449.3610048,351,False
9d4272e3,e006_quadratic,10,10,0,4.46795485616,80449.3610048,7629,False
9d4272e3,wide64_quadratic,10,10,0,4.06944599589,66738.3745751,7629,True
9d4272e3,pf_quadratic,10,10,0,4.62500537756,86204.4192121,7629,False
9d4272e3,trellis_quadratic,15,10,0,4.93331635515,98080.5693477,8182,False
9d4272e3,e006_hinge_025,10,20,-30,4.16969317961,70066.9550846,8353,False
9d4272e3,e006_hinge_050,10,10,-10,4.33803183775,75838.636508,8518,False
9d4272e3,e006_hinge_075,10,10,-10,4.44190011993,79513.821002,8653,False
9d4272e3,e006_jump_025,10,10,0,4.46795485616,80449.3610048,6550,False
9d4272e3,e006_jump_050,10,20,-10,4.30253446687,74602.5654397,7102,False
9d4272e3,e006_jump_075,10,10,0,4.46795485616,80449.3610048,6564,False
9d4272e3,dtw_derivative,0,0,0,7.18997785089,208333.99943,0,False
9d5e14d4,last_known_tvt,0,0,0,28.5431565327,4399443.6382,0,False
9d5e14d4,e004_geometry_prefix,0,0,0,30.8998388123,5155920.20858,0,False
9d5e14d4,align_visible_path,0,0,0,30.8998388123,5155920.20858,0,False
9d5e14d4,pf_gr_path,0,0,0,25.1241041579,3408591.29259,0,False
9d5e14d4,trellis_gr_path,0,0,0,32.8689305619,5833979.61991,0,False
9d5e14d4,e006_nested_fusion,0,0,0,28.2791462326,4318434.60287,0,False
9d5e14d4,wide64_anchor,0,0,0,26.5859793956,3816797.22229,0,False
9d5e14d4,e006_affine,-25,-20,0,4.84024518737,126511.056759,173,False
9d5e14d4,e006_quadratic,-25,-20,10,4.52290975753,110466.248444,3682,False
9d5e14d4,wide64_quadratic,-25,-20,10,4.90843786103,130100.916072,3682,False
9d5e14d4,pf_quadratic,-20,-20,10,4.78454514341,123616.110038,4225,False
9d5e14d4,trellis_quadratic,-30,-20,10,6.93315731111,259570.819623,3147,False
9d5e14d4,e006_hinge_025,-25,-20,0,4.84024518737,126511.056759,3993,False
9d5e14d4,e006_hinge_050,-25,-30,30,4.44039289606,106472.280986,4086,False
9d5e14d4,e006_hinge_075,-25,-30,90,3.97289110147,85232.8640024,4192,False
9d5e14d4,e006_jump_025,-25,-20,0,4.84024518737,126511.056759,3206,False
9d5e14d4,e006_jump_050,-25,-10,-10,3.74106114931,75575.9080237,3325,True
9d5e14d4,e006_jump_075,-25,-30,10,4.72057258317,120332.54977,3157,False
9d5e14d4,dtw_derivative,0,0,0,42.7347582996,9861801.66139,0,False
9da441ba,last_known_tvt,0,0,0,15.6185297695,1410696.1845,0,False
9da441ba,e004_geometry_prefix,0,0,0,9.03087286522,471642.192005,0,False
9da441ba,align_visible_path,0,0,0,26.8017186743,4154114.67248,0,False
9da441ba,pf_gr_path,0,0,0,8.23338803609,392021.928071,0,False
9da441ba,trellis_gr_path,0,0,0,9.67043260295,540810.353489,0,False
9da441ba,e006_nested_fusion,0,0,0,8.44288141383,412225.231903,0,False
9da441ba,wide64_anchor,0,0,0,9.65058447073,538592.653364,0,False
9da441ba,e006_affine,5,0,0,6.86565018137,272594.152404,325,False
9da441ba,e006_quadratic,5,0,-10,6.08681299707,214256.058303,7047,False
9da441ba,wide64_quadratic,5,0,-10,6.34190181403,232590.632772,7047,False
9da441ba,pf_quadratic,5,0,-10,6.18721020875,221382.320277,7047,False
9da441ba,trellis_quadratic,5,0,-10,7.59885854759,333925.752041,7047,False
9da441ba,e006_hinge_025,5,40,-100,4.35749808838,109806.3872,7782,True
9da441ba,e006_hinge_050,5,10,-50,6.40519340387,237256.264194,7892,False
9da441ba,e006_hinge_075,5,0,-20,6.73262488897,262133.19975,8002,False
9da441ba,e006_jump_025,5,-10,10,6.57227484352,249795.508846,6038,False
9da441ba,e006_jump_050,5,10,-10,5.21444833489,157242.496322,6542,False
9da441ba,e006_jump_075,5,0,0,6.86565018137,272594.152404,6065,False
9da441ba,dtw_derivative,0,0,0,10.3785839322,622915.870661,0,False
9dede370,last_known_tvt,0,0,0,18.6761246571,2196378.69,0,False
9dede370,e004_geometry_prefix,0,0,0,17.8149143839,1998486.28585,0,False
9dede370,align_visible_path,0,0,0,10.6713715007,717090.834634,0,False
9dede370,pf_gr_path,0,0,0,16.7688723312,1770685.4141,0,False
9dede370,trellis_gr_path,0,0,0,19.2588433717,2335576.49335,0,False
9dede370,e006_nested_fusion,0,0,0,18.6714364309,2195276.12426,0,False
9dede370,wide64_anchor,0,0,0,16.4826121746,1710746.94631,0,False
9dede370,e006_affine,15,10,0,6.51035254592,266896.394644,376,False
9dede370,e006_quadratic,15,10,-10,5.64278849859,200503.167664,8181,False
9dede370,wide64_quadratic,15,10,-10,5.6967323651,204355.02745,8181,False
9dede370,pf_quadratic,15,10,-10,5.55759271828,194494.41147,8181,False
9dede370,trellis_quadratic,15,10,-20,7.95894610428,398882.351003,8180,False
9dede370,e006_hinge_025,15,20,-20,6.29005341013,249139.368669,8963,False
9dede370,e006_hinge_050,15,30,-70,5.36060895609,180951.40041,9181,False
9dede370,e006_hinge_075,15,20,-80,5.84798507136,215350.658399,9296,False
9dede370,e006_jump_025,15,0,10,6.19100459047,241354.802774,6998,False
9dede370,e006_jump_050,15,0,10,5.81633710453,213026.107743,7579,False
9dede370,e006_jump_075,15,20,-10,4.65738665864,136589.804324,7060,True
9dede370,dtw_derivative,0,0,0,9.66689417901,588447.3648,0,False
9def2eb2,last_known_tvt,0,0,0,7.25359286459,315845.5005,0,False
9def2eb2,e004_geometry_prefix,0,0,0,6.93883538714,289029.061489,0,False
9def2eb2,align_visible_path,0,0,0,28.9391428076,5027356.34061,0,False
9def2eb2,pf_gr_path,0,0,0,9.67014746907,561351.047697,0,False
9def2eb2,trellis_gr_path,0,0,0,8.86340567903,471595.441267,0,False
9def2eb2,e006_nested_fusion,0,0,0,6.80445653594,277942.674383,0,False
9def2eb2,wide64_anchor,0,0,0,6.86161768035,282632.028539,0,False
9def2eb2,e006_affine,0,0,0,6.80445653594,277942.674383,300,False
9def2eb2,e006_quadratic,0,0,10,6.35937622872,242771.321109,6491,False
9def2eb2,wide64_quadratic,0,0,10,6.42050110663,247460.675265,6491,False
9def2eb2,pf_quadratic,5,0,10,6.52780471881,255801.243385,7049,False
9def2eb2,trellis_quadratic,-5,0,10,8.0808997356,392001.546043,5933,False
9def2eb2,e006_hinge_025,0,-10,20,6.57085871766,259186.634277,7054,False
9def2eb2,e006_hinge_050,0,-10,40,6.10283878871,223579.581609,7228,True
9def2eb2,e006_hinge_075,0,0,10,6.75282751223,273740.878498,7380,False
9def2eb2,e006_jump_025,0,10,-10,6.19013607226,230021.660912,5610,False
9def2eb2,e006_jump_050,0,0,0,6.80445653594,277942.674383,5974,False
9def2eb2,e006_jump_075,0,0,0,6.80445653594,277942.674383,5589,False
9def2eb2,dtw_derivative,0,0,0,11.3360681011,771424.159282,0,False
9df1b1f9,last_known_tvt,0,0,0,12.5922698522,745415.2874,0,False
9df1b1f9,e004_geometry_prefix,0,0,0,9.90440227538,461154.864017,0,False
9df1b1f9,align_visible_path,0,0,0,9.90440227538,461154.864017,0,False
9df1b1f9,pf_gr_path,0,0,0,6.4021397171,192681.734292,0,False
9df1b1f9,trellis_gr_path,0,0,0,11.6665467252,639845.177027,0,False
9df1b1f9,e006_nested_fusion,0,0,0,7.77582992,284239.058972,0,False
9df1b1f9,wide64_anchor,0,0,0,7.97245859401,298796.011452,0,False
9df1b1f9,e006_affine,5,0,0,4.51276828876,95736.2299293,325,False
9df1b1f9,e006_quadratic,5,0,-10,3.1485260602,46602.0300697,7047,False
9df1b1f9,wide64_quadratic,5,0,-10,3.26700768935,50175.3677779,7047,False
9df1b1f9,pf_quadratic,5,0,-10,2.90629772467,39707.3089493,7047,True
9df1b1f9,trellis_quadratic,10,0,-10,4.47859536082,94291.7949246,7603,False
9df1b1f9,e006_hinge_025,5,20,-50,2.94122932764,40667.5516314,7737,False
9df1b1f9,e006_hinge_050,5,10,-50,3.26863917847,50225.4937734,7892,False
9df1b1f9,e006_hinge_075,5,0,-30,3.9403943224,72991.0515626,8001,False
9df1b1f9,e006_jump_025,5,0,0,4.51276828876,95736.2299293,6059,False
9df1b1f9,e006_jump_050,5,0,0,4.51276828876,95736.2299293,6518,False
9df1b1f9,e006_jump_075,5,0,0,4.51276828876,95736.2299293,6065,False
9df1b1f9,dtw_derivative,0,0,0,44.8851471006,9470993.89856,0,False
9dfff011,last_known_tvt,0,0,0,4.84596959112,101424.8965,0,False
9dfff011,e004_geometry_prefix,0,0,0,3.8380083988,63620.2022788,0,False
9dfff011,align_visible_path,0,0,0,29.3739409538,3726555.89052,0,False
9dfff011,pf_gr_path,0,0,0,12.1214268788,634586.305988,0,False
9dfff011,trellis_gr_path,0,0,0,4.47446769553,86470.099343,0,False
9dfff011,e006_nested_fusion,0,0,0,4.87375872652,102591.470693,0,False
9dfff011,wide64_anchor,0,0,0,3.73742665251,60329.338128,0,False
9dfff011,e006_affine,5,0,0,4.10329808483,72719.2412921,325,False
9dfff011,e006_quadratic,5,0,10,4.04577310211,70694.601293,7049,False
9dfff011,wide64_quadratic,0,0,10,3.6741778405,58304.6981289,6491,False
9dfff011,pf_quadratic,10,0,10,4.37295249917,82590.9998657,7605,False
9dfff011,trellis_quadratic,0,0,10,3.66233842897,57929.5496362,6491,False
9dfff011,e006_hinge_025,5,-10,30,3.62180350892,56654.3125785,7670,True
9dfff011,e006_hinge_050,5,0,10,3.69449209708,58951.2051433,7873,False
9dfff011,e006_hinge_075,5,0,20,3.9941758413,68902.9101726,8006,False
9dfff011,e006_jump_025,5,0,0,4.10329808483,72719.2412921,6059,False
9dfff011,e006_jump_050,5,0,0,4.10329808483,72719.2412921,6518,False
9dfff011,e006_jump_075,5,0,0,4.10329808483,72719.2412921,6065,False
9dfff011,dtw_derivative,0,0,0,7.17065821821,222075.807361,0,False
9e3e364d,last_known_tvt,0,0,0,4.09726702363,72018.7914,0,False
9e3e364d,e004_geometry_prefix,0,0,0,7.54564256117,244258.535926,0,False
9e3e364d,align_visible_path,0,0,0,7.54564256117,244258.535926,0,False
9e3e364d,pf_gr_path,0,0,0,6.39164368368,175259.837521,0,False
9e3e364d,trellis_gr_path,0,0,0,7.83863904033,263595.884,0,False
9e3e364d,e006_nested_fusion,0,0,0,6.6509861159,189770.793987,0,False
9e3e364d,wide64_anchor,0,0,0,4.83098990146,100122.008106,0,False
9e3e364d,e006_affine,-5,0,0,3.415842102,50055.6224702,275,False
9e3e364d,e006_quadratic,-5,0,0,3.415842102,50055.6224702,5932,False
9e3e364d,wide64_quadratic,-5,0,0,3.65352033365,57263.8244538,5932,False
9e3e364d,pf_quadratic,-5,0,0,3.35690903409,48343.3161489,5932,False
9e3e364d,trellis_quadratic,-5,0,0,4.23313546194,76874.3797498,5932,False
9e3e364d,e006_hinge_025,-5,0,0,3.415842102,50055.6224702,6462,False
9e3e364d,e006_hinge_050,-5,0,0,3.415842102,50055.6224702,6626,False
9e3e364d,e006_hinge_075,-5,0,20,3.25857805808,45552.6398209,6756,True
9e3e364d,e006_jump_025,-5,0,0,3.415842102,50055.6224702,5119,False
9e3e364d,e006_jump_050,-5,0,0,3.415842102,50055.6224702,5430,False
9e3e364d,e006_jump_075,-5,0,0,3.415842102,50055.6224702,5113,False
9e3e364d,dtw_derivative,0,0,0,10.0359973721,432094.133552,0,False
9efc812e,last_known_tvt,0,0,0,7.74702285405,267072.8158,0,False
9efc812e,e004_geometry_prefix,0,0,0,9.09722267737,368279.598965,0,False
9efc812e,align_visible_path,0,0,0,12.3172994252,675135.59983,0,False
9efc812e,pf_gr_path,0,0,0,12.1359118179,655397.582652,0,False
9efc812e,trellis_gr_path,0,0,0,10.6163086138,501541.738201,0,False
9efc812e,e006_nested_fusion,0,0,0,11.9746974514,638100.53678,0,False
9efc812e,wide64_anchor,0,0,0,9.4582443142,398089.815507,0,False
9efc812e,e006_affine,10,10,0,6.08865981738,164969.413754,351,False
9efc812e,e006_quadratic,10,10,-20,3.62999120416,58636.9208331,7627,False
9efc812e,wide64_quadratic,5,10,-20,3.53288407733,55541.6510722,7071,False
9efc812e,pf_quadratic,5,10,-20,4.52132745543,90968.6887185,7071,False
9efc812e,trellis_quadratic,5,10,-20,5.99131918687,159736.779915,7071,False
9efc812e,e006_hinge_025,10,30,-50,5.19157661387,119938.481433,8376,False
9efc812e,e006_hinge_050,10,20,-50,4.02079762744,71942.3203455,8539,False
9efc812e,e006_hinge_075,10,20,-120,2.8098162876,35133.0506868,8667,True
9efc812e,e006_jump_025,10,0,10,4.74814887351,100324.883876,6529,False
9efc812e,e006_jump_050,10,10,0,6.08865981738,164969.413754,7078,False
9efc812e,e006_jump_075,10,20,-10,5.00443193993,111447.308734,6585,False
9efc812e,dtw_derivative,0,0,0,23.4798481132,2453299.54002,0,False
9f0c7bae,last_known_tvt,0,0,0,7.89825833564,158576.2762,0,False
9f0c7bae,e004_geometry_prefix,0,0,0,4.15497773814,43884.6812913,0,False
9f0c7bae,align_visible_path,0,0,0,4.15497773814,43884.6812913,0,False
9f0c7bae,pf_gr_path,0,0,0,12.771398227,414622.093417,0,False
9f0c7bae,trellis_gr_path,0,0,0,5.91241461715,88859.79567,0,False
9f0c7bae,e006_nested_fusion,0,0,0,7.13621458953,129452.770134,0,False
9f0c7bae,wide64_anchor,0,0,0,6.76938358286,116486.016501,0,False
9f0c7bae,e006_affine,5,0,0,3.98061577361,40278.7575241,325,False
9f0c7bae,e006_quadratic,5,0,0,3.98061577361,40278.7575241,7048,False
9f0c7bae,wide64_quadratic,5,0,0,3.89243758543,38514.0208462,7048,False
9f0c7bae,pf_quadratic,10,0,0,4.43669653503,50037.4299578,7604,False
9f0c7bae,trellis_quadratic,5,0,0,5.40813544608,74348.235526,7048,False
9f0c7bae,e006_hinge_025,5,20,-40,3.46879327425,30586.6830734,7738,False
9f0c7bae,e006_hinge_050,5,10,-30,2.89893871283,21362.5756696,7894,True
9f0c7bae,e006_hinge_075,5,0,10,3.89520257181,38568.7570177,8005,False
9f0c7bae,e006_jump_025,5,0,0,3.98061577361,40278.7575241,6059,False
9f0c7bae,e006_jump_050,5,0,0,3.98061577361,40278.7575241,6518,False
9f0c7bae,e006_jump_075,5,0,0,3.98061577361,40278.7575241,6065,False
9f0c7bae,dtw_derivative,0,0,0,23.6448255242,1421175.70169,0,False
9ffce529,last_known_tvt,0,0,0,11.0848780937,640422.0105,0,False
9ffce529,e004_geometry_prefix,0,0,0,10.790517114,606860.57297,0,False
9ffce529,align_visible_path,0,0,0,25.9243702811,3502844.34294,0,False
9ffce529,pf_gr_path,0,0,0,11.0255193281,633581.542482,0,False
9ffce529,trellis_gr_path,0,0,0,10.5940064824,584958.2571,0,False
9ffce529,e006_nested_fusion,0,0,0,10.4946050532,574032.663976,0,False
9ffce529,wide64_anchor,0,0,0,12.4313938441,805460.149746,0,False
9ffce529,e006_affine,-5,-10,0,6.0109405558,188316.889976,274,False
9ffce529,e006_quadratic,-5,-10,-10,5.01490061115,131077.777064,5906,False
9ffce529,wide64_quadratic,-10,-10,-10,5.39695781993,151810.725137,5350,False
9ffce529,pf_quadratic,-5,-10,-10,4.91928851734,126127.270282,5906,False
9ffce529,trellis_quadratic,-5,-10,-10,5.64961380533,166357.32561,5906,False
9ffce529,e006_hinge_025,-5,20,-80,3.20600683934,53571.4369986,6504,True
9ffce529,e006_hinge_050,-5,0,-50,4.94839254952,127624.100951,6621,False
9ffce529,e006_hinge_075,-5,-10,-50,5.19944964529,140902.649712,6724,False
9ffce529,e006_jump_025,-5,-30,10,5.39116096531,151484.781479,5055,False
9ffce529,e006_jump_050,-5,0,-10,4.95052153754,127733.942129,5429,False
9ffce529,e006_jump_075,-5,-10,0,6.0109405558,188316.889976,5091,False
9ffce529,dtw_derivative,0,0,0,16.1647151047,1361885.25114,0,False
a0383629,last_known_tvt,0,0,0,8.41622536125,413097.1773,0,False
a0383629,e004_geometry_prefix,0,0,0,10.7612365507,675370.164965,0,False
a0383629,align_visible_path,0,0,0,20.1904866543,2377448.3418,0,False
a0383629,pf_gr_path,0,0,0,8.48021839602,419403.054786,0,False
a0383629,trellis_gr_path,0,0,0,9.38707400668,513899.267829,0,False
a0383629,e006_nested_fusion,0,0,0,9.78385350334,558261.139634,0,False
a0383629,wide64_anchor,0,0,0,5.98333303246,208787.199002,0,False
a0383629,e006_affine,-10,0,0,5.23021360273,159535.143413,250,False
a0383629,e006_quadratic,-10,0,10,3.42001840313,68214.1389192,5377,False
a0383629,wide64_quadratic,-5,0,10,3.47220078082,70311.631626,5933,False
a0383629,pf_quadratic,-5,0,10,3.75494794558,82229.0659197,5933,False
a0383629,trellis_quadratic,-10,0,10,4.22879448604,104291.92276,5377,False
a0383629,e006_hinge_025,-10,-40,100,3.22635474036,60707.4161588,5758,False
a0383629,e006_hinge_050,-10,-10,50,2.96938386072,51422.1466679,5984,True
a0383629,e006_hinge_075,-10,0,50,4.29301168997,107483.464727,6134,False
a0383629,e006_jump_025,-10,10,-10,4.08057504086,97109.1724169,4671,False
a0383629,e006_jump_050,-10,0,0,5.23021360273,159535.143413,4895,False
a0383629,e006_jump_075,-10,-10,10,4.63952197944,125534.757601,4615,False
a0383629,dtw_derivative,0,0,0,6.10832931382,217601.758619,0,False
a056d01e,last_known_tvt,0,0,0,8.58421120186,483176.6876,0,False
a056d01e,e004_geometry_prefix,0,0,0,10.2269079185,685794.306019,0,False
a056d01e,align_visible_path,0,0,0,26.995755789,4778550.33638,0,False
a056d01e,pf_gr_path,0,0,0,14.3455488453,1349396.31787,0,False
a056d01e,trellis_gr_path,0,0,0,9.4099697102,580606.153862,0,False
a056d01e,e006_nested_fusion,0,0,0,11.4950095511,866410.798709,0,False
a056d01e,wide64_anchor,0,0,0,12.3356964183,997774.795959,0,False
a056d01e,e006_affine,-10,0,0,8.90816985065,520333.948508,250,False
a056d01e,e006_quadratic,-10,0,-20,7.75470167094,394307.80472,5374,False
a056d01e,wide64_quadratic,-10,0,-20,7.47495719148,366372.27674,5374,False
a056d01e,pf_quadratic,-10,0,-20,7.56541186866,375292.889861,5374,False
a056d01e,trellis_quadratic,0,0,-20,8.35968402292,458231.466327,6488,False
a056d01e,e006_hinge_025,-10,10,-30,8.79777186339,507516.978458,5870,False
a056d01e,e006_hinge_050,-10,10,-50,7.9514861332,414573.745731,6024,False
a056d01e,e006_hinge_075,-10,10,-120,5.1813608341,176032.501111,6142,True
a056d01e,e006_jump_025,-10,0,0,8.90816985065,520333.948508,4650,False
a056d01e,e006_jump_050,-10,-20,10,7.60043698095,378775.87357,4846,False
a056d01e,e006_jump_075,-10,10,-10,7.51120017483,369933.665731,4657,False
a056d01e,dtw_derivative,0,0,0,11.6899317544,896043.585504,0,False
a08d9e63,last_known_tvt,0,0,0,21.4625856901,1697467.9239,0,False
a08d9e63,e004_geometry_prefix,0,0,0,22.6401158317,1888838.30336,0,False
a08d9e63,align_visible_path,0,0,0,41.025823489,6202290.54102,0,False
a08d9e63,pf_gr_path,0,0,0,32.4891649385,3889686.4145,0,False
a08d9e63,trellis_gr_path,0,0,0,22.5846437892,1879593.70779,0,False
a08d9e63,e006_nested_fusion,0,0,0,25.9876061246,2488685.65164,0,False
a08d9e63,wide64_anchor,0,0,0,22.531826734,1870812.65085,0,False
a08d9e63,e006_affine,25,-10,0,10.8843625932,436559.551289,424,False
a08d9e63,e006_quadratic,25,-10,-30,6.35524157119,148833.816653,9221,False
a08d9e63,wide64_quadratic,20,-10,-30,6.17475395737,140500.156009,8678,False
a08d9e63,pf_quadratic,30,-10,-30,6.40840600996,151334.355064,9756,False
a08d9e63,trellis_quadratic,20,0,-30,7.77575825487,222804.004575,8703,False
a08d9e63,e006_hinge_025,25,40,-110,6.8838586352,174622.973279,10200,False
a08d9e63,e006_hinge_050,25,20,-110,5.78607392503,123368.830652,10379,True
a08d9e63,e006_hinge_075,25,0,-100,9.53312103622,334894.261807,10490,False
a08d9e63,e006_jump_025,25,-30,20,8.10088677858,241825.790918,7867,False
a08d9e63,e006_jump_050,25,10,-10,10.6116393765,414956.390598,8621,False
a08d9e63,e006_jump_075,25,20,-20,7.43089971401,203479.327013,8000,False
a08d9e63,dtw_derivative,0,0,0,10.1192632302,377342.114467,0,False
a0b83014,last_known_tvt,0,0,0,17.518438977,1545219.8706,0,False
a0b83014,e004_geometry_prefix,0,0,0,16.5145829356,1373202.84843,0,False
a0b83014,align_visible_path,0,0,0,8.40801552032,355947.940325,0,False
a0b83014,pf_gr_path,0,0,0,14.7622725058,1097250.81181,0,False
a0b83014,trellis_gr_path,0,0,0,18.3635480811,1697902.18706,0,False
a0b83014,e006_nested_fusion,0,0,0,14.8787667181,1114636.71472,0,False
a0b83014,wide64_anchor,0,0,0,13.5485241654,924237.223055,0,False
a0b83014,e006_affine,15,0,0,6.90521879723,240079.104821,375,False
a0b83014,e006_quadratic,15,0,-20,3.08664913489,47970.4735104,8155,True
a0b83014,wide64_quadratic,10,0,-20,3.12677919807,49225.9269528,7602,False
a0b83014,pf_quadratic,15,0,-20,3.18754889088,51157.9560362,8155,False
a0b83014,trellis_quadratic,15,0,-20,4.07378557419,83559.4950341,8155,False
a0b83014,e006_hinge_025,15,50,-120,4.67249087483,109924.980861,9028,False
a0b83014,e006_hinge_050,15,20,-80,3.81441065859,73257.8838653,9155,False
a0b83014,e006_hinge_075,15,10,-120,3.9774815854,79655.5114026,9267,False
a0b83014,e006_jump_025,15,-10,10,5.42165872903,148000.720288,6976,False
a0b83014,e006_jump_050,15,0,0,6.90521879723,240079.104821,7578,False
a0b83014,e006_jump_075,15,10,-10,4.82243305836,117093.258133,7038,False
a0b83014,dtw_derivative,0,0,0,16.23629031,1327312.21446,0,False
a0e92ed6,last_known_tvt,0,0,0,8.11454236759,322446.872,0,False
a0e92ed6,e004_geometry_prefix,0,0,0,8.83335825967,382104.18425,0,False
a0e92ed6,align_visible_path,0,0,0,8.83335825967,382104.18425,0,False
a0e92ed6,pf_gr_path,0,0,0,10.7900102702,570129.903031,0,False
a0e92ed6,trellis_gr_path,0,0,0,9.08366754291,404066.2395,0,False
a0e92ed6,e006_nested_fusion,0,0,0,9.52304576451,444101.0979,0,False
a0e92ed6,wide64_anchor,0,0,0,9.52610742604,444386.701025,0,False
a0e92ed6,e006_affine,5,-10,0,5.45917192125,145943.126848,324,False
a0e92ed6,e006_quadratic,5,-10,-20,3.43312518228,57717.7486888,7021,False
a0e92ed6,wide64_quadratic,5,-10,-20,3.43321215159,57720.6729843,7021,False
a0e92ed6,pf_quadratic,5,-10,-20,4.1161505328,82968.3784368,7021,False
a0e92ed6,trellis_quadratic,5,-10,-10,4.47538454324,98082.3401679,7022,False
a0e92ed6,e006_hinge_025,5,10,-50,4.73306516393,109702.132928,7712,False
a0e92ed6,e006_hinge_050,5,10,-80,3.20975859526,50451.5885244,7889,True
a0e92ed6,e006_hinge_075,5,0,-110,3.62631888448,64396.4738285,7993,False
a0e92ed6,e006_jump_025,5,-20,10,4.1985890031,86325.048674,6016,False
a0e92ed6,e006_jump_050,5,-10,0,5.45917192125,145943.126848,6493,False
a0e92ed6,e006_jump_075,5,0,-10,3.97692975798,77450.8065588,6064,False
a0e92ed6,dtw_derivative,0,0,0,16.0453252186,1260744.70332,0,False
a15bc102,last_known_tvt,0,0,0,2.57892859793,21522.2241,0,False
a15bc102,e004_geometry_prefix,0,0,0,1.84090631048,10966.5970383,0,False
a15bc102,align_visible_path,0,0,0,1.84090631048,10966.5970383,0,False
a15bc102,pf_gr_path,0,0,0,2.23564429464,16173.8691138,0,False
a15bc102,trellis_gr_path,0,0,0,1.84090631048,10966.5970383,0,False
a15bc102,e006_nested_fusion,0,0,0,1.97725143362,12651.2171779,0,False
a15bc102,wide64_anchor,0,0,0,3.5038278659,39727.7562341,0,False
a15bc102,e006_affine,0,0,0,1.97725143362,12651.2171779,300,False
a15bc102,e006_quadratic,0,0,0,1.97725143362,12651.2171779,6490,False
a15bc102,wide64_quadratic,5,0,0,2.62670382189,22327.0181243,7048,False
a15bc102,pf_quadratic,0,0,0,2.23564429464,16173.8691138,6490,False
a15bc102,trellis_quadratic,0,0,0,1.84090631048,10966.5970383,6490,False
a15bc102,e006_hinge_025,0,0,0,1.97725143362,12651.2171779,7077,False
a15bc102,e006_hinge_050,0,0,10,1.83145012787,10854.2221713,7250,False
a15bc102,e006_hinge_075,0,0,20,1.44059219194,6715.68977426,7381,True
a15bc102,e006_jump_025,0,0,0,1.97725143362,12651.2171779,5589,False
a15bc102,e006_jump_050,0,0,0,1.97725143362,12651.2171779,5974,False
a15bc102,e006_jump_075,0,0,0,1.97725143362,12651.2171779,5589,False
a15bc102,dtw_derivative,0,0,0,3.12467409997,31594.9715157,0,False
a247e7cf,last_known_tvt,0,0,0,4.20116529649,100144.9076,0,False
a247e7cf,e004_geometry_prefix,0,0,0,5.00635497015,142210.810154,0,False
a247e7cf,align_visible_path,0,0,0,17.2744604059,1693161.21766,0,False
a247e7cf,pf_gr_path,0,0,0,3.90573815208,86555.6813686,0,False
a247e7cf,trellis_gr_path,0,0,0,7.46380547562,316089.417218,0,False
a247e7cf,e006_nested_fusion,0,0,0,3.70377300888,77835.5603605,0,False
a247e7cf,wide64_anchor,0,0,0,7.53675198231,322298.125133,0,False
a247e7cf,e006_affine,0,0,0,3.70377300888,77835.5603605,300,False
a247e7cf,e006_quadratic,0,0,0,3.70377300888,77835.5603605,6490,False
a247e7cf,wide64_quadratic,-5,0,0,3.99974577181,90772.4604406,5932,False
a247e7cf,pf_quadratic,0,0,0,3.90573815208,86555.6813686,6490,False
a247e7cf,trellis_quadratic,-5,-10,0,4.71691847429,126242.641073,5907,False
a247e7cf,e006_hinge_025,0,0,-10,2.39725852048,32607.6179011,7076,True
a247e7cf,e006_hinge_050,0,-10,20,2.73783785673,42530.9202802,7226,False
a247e7cf,e006_hinge_075,0,-10,40,2.5087828899,35712.1082739,7358,False
a247e7cf,e006_jump_025,0,0,0,3.70377300888,77835.5603605,5589,False
a247e7cf,e006_jump_050,0,10,-10,3.07495053401,53649.4901431,5998,False
a247e7cf,e006_jump_075,0,0,0,3.70377300888,77835.5603605,5589,False
a247e7cf,dtw_derivative,0,0,0,9.52314611215,514576.829569,0,False
a2e8e7f6,last_known_tvt,0,0,0,10.6984303412,544812.52,0,False
a2e8e7f6,e004_geometry_prefix,0,0,0,9.72000247796,449717.413296,0,False
a2e8e7f6,align_visible_path,0,0,0,9.72000247796,449717.413296,0,False
a2e8e7f6,pf_gr_path,0,0,0,9.52752439306,432082.912247,0,False
a2e8e7f6,trellis_gr_path,0,0,0,9.49884162083,429485.242575,0,False
a2e8e7f6,e006_nested_fusion,0,0,0,10.2932143757,504323.247993,0,False
a2e8e7f6,wide64_anchor,0,0,0,10.0183415563,477747.717488,0,False
a2e8e7f6,e006_affine,0,10,0,6.62308121511,208798.374762,301,False
a2e8e7f6,e006_quadratic,0,10,20,4.90854400194,114686.508083,6517,False
a2e8e7f6,wide64_quadratic,0,10,20,4.30240741622,88110.9775775,6517,False
a2e8e7f6,pf_quadratic,0,10,20,4.35911818054,90449.0978447,6517,False
a2e8e7f6,trellis_quadratic,0,10,10,5.06061240198,121902.637923,6516,False
a2e8e7f6,e006_hinge_025,0,-30,110,3.2980520624,51775.221654,7013,True
a2e8e7f6,e006_hinge_050,0,0,60,4.66001074282,103366.732586,7255,False
a2e8e7f6,e006_hinge_075,0,10,60,5.28300159717,132852.103969,7410,False
a2e8e7f6,e006_jump_025,0,30,-10,5.3906831879,138323.054506,5654,False
a2e8e7f6,e006_jump_050,0,0,10,5.9087248171,166186.01787,5975,False
a2e8e7f6,e006_jump_075,0,0,10,5.91389187321,166476.797339,5590,False
a2e8e7f6,dtw_derivative,0,0,0,37.9374869299,6850843.87331,0,False
a3518960,last_known_tvt,0,0,0,7.10067585829,250434.1415,0,False
a3518960,e004_geometry_prefix,0,0,0,5.52637841852,151696.443795,0,False
a3518960,align_visible_path,0,0,0,10.88373939,588369.874708,0,False
a3518960,pf_gr_path,0,0,0,5.63731180052,157847.705298,0,False
a3518960,trellis_gr_path,0,0,0,7.10482931473,250727.204171,0,False
a3518960,e006_nested_fusion,0,0,0,4.94204414888,121313.016435,0,False
a3518960,wide64_anchor,0,0,0,5.70043874005,161402.674085,0,False
a3518960,e006_affine,0,0,0,4.94204414888,121313.016435,300,False
a3518960,e006_quadratic,0,0,10,4.47785217004,99594.1120017,6491,False
a3518960,wide64_quadratic,-5,0,10,4.97045555554,122711.86301,5933,False
a3518960,pf_quadratic,0,0,10,5.23513553073,136128.800873,6491,False
a3518960,trellis_quadratic,0,0,10,6.52753415862,211637.423787,6491,False
a3518960,e006_hinge_025,0,-30,80,3.85397961446,73775.6401006,7010,True
a3518960,e006_hinge_050,0,0,10,4.52357396004,101638.337055,7250,False
a3518960,e006_hinge_075,0,0,40,4.18168408641,86855.3550933,7383,False
a3518960,e006_jump_025,0,0,0,4.94204414888,121313.016435,5589,False
a3518960,e006_jump_050,0,0,0,4.94204414888,121313.016435,5974,False
a3518960,e006_jump_075,0,0,0,4.94204414888,121313.016435,5589,False
a3518960,dtw_derivative,0,0,0,15.1754846302,1143876.92279,0,False
a3f71395,last_known_tvt,0,0,0,15.0893953835,1262084.8554,0,False
a3f71395,e004_geometry_prefix,0,0,0,14.0560900668,1095150.84154,0,False
a3f71395,align_visible_path,0,0,0,12.5530744557,873464.156767,0,False
a3f71395,pf_gr_path,0,0,0,13.6718174928,1036089.76408,0,False
a3f71395,trellis_gr_path,0,0,0,14.9263193327,1234952.7339,0,False
a3f71395,e006_nested_fusion,0,0,0,15.2352654763,1286604.10025,0,False
a3f71395,wide64_anchor,0,0,0,14.8288548644,1218877.63352,0,False
a3f71395,e006_affine,-10,10,0,10.5568460936,617750.717921,251,False
a3f71395,e006_quadratic,-10,10,-10,10.2984653067,587881.64287,5400,False
a3f71395,wide64_quadratic,-10,10,-10,10.329474522,591427.257338,5400,False
a3f71395,pf_quadratic,-10,0,-10,10.6808836746,632352.513257,5375,False
a3f71395,trellis_quadratic,-5,10,-10,10.6138233092,624436.938365,5956,False
a3f71395,e006_hinge_025,-10,-10,40,10.3339207641,591936.517462,5827,False
a3f71395,e006_hinge_050,-10,20,-40,10.1876096467,575293.504507,6050,False
a3f71395,e006_hinge_075,-10,20,-120,8.98937548626,447923.575462,6167,False
a3f71395,e006_jump_025,-10,10,0,10.5568460936,617750.717921,4672,False
a3f71395,e006_jump_050,-10,-20,20,5.19295320768,149476.767404,4847,True
a3f71395,e006_jump_075,-10,20,-10,8.69758579706,419316.856779,4679,False
a3f71395,dtw_derivative,0,0,0,44.6862453937,11068597.9033,0,False
a4719920,last_known_tvt,0,0,0,7.20545100374,305488.5962,0,False
a4719920,e004_geometry_prefix,0,0,0,6.76564043022,269333.571296,0,False
a4719920,align_visible_path,0,0,0,14.0433190661,1160411.94434,0,False
a4719920,pf_gr_path,0,0,0,7.50436819894,331360.649512,0,False
a4719920,trellis_gr_path,0,0,0,8.30228186344,405571.67028,0,False
a4719920,e006_nested_fusion,0,0,0,6.79094901809,271352.360724,0,False
a4719920,wide64_anchor,0,0,0,7.3625169814,318951.965677,0,False
a4719920,e006_affine,0,10,0,5.94490971156,207952.0425,301,False
a4719920,e006_quadratic,0,10,0,5.94490971156,207952.0425,6515,False
a4719920,wide64_quadratic,5,10,0,6.13730007514,221629.404817,7073,False
a4719920,pf_quadratic,0,10,0,6.0121302032,212681.35517,6515,False
a4719920,trellis_quadratic,-5,0,-10,6.49294292403,248059.483182,5931,False
a4719920,e006_hinge_025,0,20,-30,5.31142818414,165995.108886,7124,True
a4719920,e006_hinge_050,0,0,20,5.69587518111,190894.57716,7251,False
a4719920,e006_hinge_075,0,10,-20,5.81754041544,199136.780839,7402,False
a4719920,e006_jump_025,0,10,0,5.94490971156,207952.0425,5611,False
a4719920,e006_jump_050,0,20,-10,5.44869043563,174685.530394,6023,False
a4719920,e006_jump_075,0,10,0,5.94490971156,207952.0425,5611,False
a4719920,dtw_derivative,0,0,0,29.3700883342,5075550.69024,0,False
a48640d9,last_known_tvt,0,0,0,21.6266127714,2119663.442,0,False
a48640d9,e004_geometry_prefix,0,0,0,18.9557699454,1628443.74285,0,False
a48640d9,align_visible_path,0,0,0,10.0798987676,460470.955737,0,False
a48640d9,pf_gr_path,0,0,0,13.8541586985,869861.716417,0,False
a48640d9,trellis_gr_path,0,0,0,16.265097441,1198955.98507,0,False
a48640d9,e006_nested_fusion,0,0,0,14.2743261581,923423.947099,0,False
a48640d9,wide64_anchor,0,0,0,7.34887584957,244755.084376,0,False
a48640d9,e006_affine,15,0,0,6.05651793109,166240.147626,375,False
a48640d9,e006_quadratic,15,0,-10,4.75464281974,102453.239652,8156,False
a48640d9,wide64_quadratic,5,0,-10,4.36440006845,86325.4814232,7047,False
a48640d9,pf_quadratic,15,0,-10,4.78719557192,103860.938223,8156,False
a48640d9,trellis_quadratic,15,10,-10,4.72139825661,101025.537987,8181,False
a48640d9,e006_hinge_025,15,50,-110,3.86887555967,67835.873772,9029,True
a48640d9,e006_hinge_050,15,20,-60,4.66489071032,98621.7825973,9157,False
a48640d9,e006_hinge_075,15,10,-70,5.03860112662,115056.155951,9272,False
a48640d9,e006_jump_025,15,-10,10,5.25893299933,125338.697353,6976,False
a48640d9,e006_jump_050,15,0,0,6.05651793109,166240.147626,7578,False
a48640d9,e006_jump_075,15,0,0,6.05651793109,166240.147626,7017,False
a48640d9,dtw_derivative,0,0,0,6.09261606396,168227.706319,0,False
a4cdbb0f,last_known_tvt,0,0,0,11.1500214409,646976.7782,0,False
a4cdbb0f,e004_geometry_prefix,0,0,0,11.3253128064,667479.143692,0,False
a4cdbb0f,align_visible_path,0,0,0,11.3253128064,667479.143692,0,False
a4cdbb0f,pf_gr_path,0,0,0,11.8417396797,729740.260134,0,False
a4cdbb0f,trellis_gr_path,0,0,0,11.5295718245,691773.061682,0,False
a4cdbb0f,e006_nested_fusion,0,0,0,11.3431955433,669588.715035,0,False
a4cdbb0f,wide64_anchor,0,0,0,11.3299349561,668024.085469,0,False
a4cdbb0f,e006_affine,0,10,0,10.4806090171,571623.832583,301,False
a4cdbb0f,e006_quadratic,0,10,10,10.1124044738,532164.808956,6516,False
a4cdbb0f,wide64_quadratic,0,10,10,10.0975276785,530600.17939,6516,False
a4cdbb0f,pf_quadratic,-5,10,10,10.2285276761,544456.938898,5958,False
a4cdbb0f,trellis_quadratic,-5,10,10,10.4124935482,564217.793918,5958,False
a4cdbb0f,e006_hinge_025,0,-40,110,9.10574648657,431487.67768,6988,False
a4cdbb0f,e006_hinge_050,0,-10,70,9.72525148433,492197.00752,7231,False
a4cdbb0f,e006_hinge_075,0,10,-40,10.1639207047,537600.698412,7400,False
a4cdbb0f,e006_jump_025,0,20,-10,8.41013019725,368080.42882,5632,True
a4cdbb0f,e006_jump_050,0,-20,20,8.81295316866,404185.019049,5926,False
a4cdbb0f,e006_jump_075,0,0,10,10.4556284,568902.139898,5590,False
a4cdbb0f,dtw_derivative,0,0,0,13.5073181061,949457.531147,0,False
a4f989c2,last_known_tvt,0,0,0,10.5787866726,602639.2674,0,False
a4f989c2,e004_geometry_prefix,0,0,0,14.0184924947,1058250.13987,0,False
a4f989c2,align_visible_path,0,0,0,33.8789017784,6180795.22306,0,False
a4f989c2,pf_gr_path,0,0,0,19.6122249601,2071282.99606,0,False
a4f989c2,trellis_gr_path,0,0,0,16.5057253979,1467083.85836,0,False
a4f989c2,e006_nested_fusion,0,0,0,15.9779071509,1374755.58863,0,False
a4f989c2,wide64_anchor,0,0,0,22.7684185106,2791588.74674,0,False
a4f989c2,e006_affine,-15,0,0,5.31519971023,152133.508763,225,False
a4f989c2,e006_quadratic,-15,0,10,4.39167760042,103859.591107,4824,False
a4f989c2,wide64_quadratic,-20,0,10,4.88460237345,128482.547767,4275,False
a4f989c2,pf_quadratic,-20,0,10,4.59089738527,113496.084449,4275,False
a4f989c2,trellis_quadratic,-15,0,10,5.18288574747,144653.510655,4824,False
a4f989c2,e006_hinge_025,-15,-40,100,3.32320997346,59470.4565815,5149,True
a4f989c2,e006_hinge_050,-15,-10,40,4.4884073745,108485.13709,5364,False
a4f989c2,e006_hinge_075,-15,0,20,5.15752887108,143241.560342,5506,False
a4f989c2,e006_jump_025,-15,10,-10,5.17094708577,143987.865918,4202,False
a4f989c2,e006_jump_050,-15,0,0,5.31519971023,152133.508763,4370,False
a4f989c2,e006_jump_075,-15,0,0,5.31519971023,152133.508763,4161,False
a4f989c2,dtw_derivative,0,0,0,32.4564860362,5672685.47114,0,False
a5aa7973,last_known_tvt,0,0,0,14.159778555,925504.9014,0,False
a5aa7973,e004_geometry_prefix,0,0,0,12.3856605672,708115.576754,0,False
a5aa7973,align_visible_path,0,0,0,12.3856605672,708115.576754,0,False
a5aa7973,pf_gr_path,0,0,0,15.215635715,1068675.87209,0,False
a5aa7973,trellis_gr_path,0,0,0,12.1335433599,679580.788539,0,False
a5aa7973,e006_nested_fusion,0,0,0,13.9271558455,895345.532468,0,False
a5aa7973,wide64_anchor,0,0,0,19.9805542636,1842811.28471,0,False
a5aa7973,e006_affine,-10,-20,0,4.84844777292,108510.369844,248,False
a5aa7973,e006_quadratic,-10,-20,0,4.84844777292,108510.369844,5326,False
a5aa7973,wide64_quadratic,-15,-20,0,5.19475334186,124564.893897,4773,False
a5aa7973,pf_quadratic,-10,-20,0,4.55659045789,95839.7766297,5326,False
a5aa7973,trellis_quadratic,-10,-10,0,5.65020214311,147364.804135,5351,False
a5aa7973,e006_hinge_025,-10,0,-40,4.18999678772,81038.8333425,5844,False
a5aa7973,e006_hinge_050,-10,-20,10,4.35804229309,87669.5306124,5955,False
a5aa7973,e006_hinge_075,-10,-20,40,3.99207356773,73563.5827248,6083,True
a5aa7973,e006_jump_025,-10,-20,0,4.84844777292,108510.369844,4606,False
a5aa7973,e006_jump_050,-10,0,-10,4.52272263306,94420.3723919,4894,False
a5aa7973,e006_jump_075,-10,-20,0,4.84844777292,108510.369844,4592,False
a5aa7973,dtw_derivative,0,0,0,12.4728924418,718125.179712,0,False
a5e6f7dc,last_known_tvt,0,0,0,6.35081832778,227840.515,0,False
a5e6f7dc,e004_geometry_prefix,0,0,0,7.47576103286,315705.680063,0,False
a5e6f7dc,align_visible_path,0,0,0,7.47576103286,315705.680063,0,False
a5e6f7dc,pf_gr_path,0,0,0,6.04746467858,206594.26224,0,False
a5e6f7dc,trellis_gr_path,0,0,0,7.67672369059,332907.357326,0,False
a5e6f7dc,e006_nested_fusion,0,0,0,6.47830892876,237079.98067,0,False
a5e6f7dc,wide64_anchor,0,0,0,9.95262933174,559560.738144,0,False
a5e6f7dc,e006_affine,-5,0,0,4.70694105109,125155.256136,275,False
a5e6f7dc,e006_quadratic,-5,0,-10,3.51112620891,69640.9129829,5931,False
a5e6f7dc,wide64_quadratic,-10,0,-10,3.67916593597,76466.3439497,5375,False
a5e6f7dc,pf_quadratic,-5,0,-10,3.73814323264,78937.515062,5931,False
a5e6f7dc,trellis_quadratic,-5,0,-10,3.99206062553,90025.5598662,5931,False
a5e6f7dc,e006_hinge_025,-5,20,-50,4.34343258301,106570.681901,6507,False
a5e6f7dc,e006_hinge_050,-5,10,-40,3.48307718386,68532.6888518,6647,True
a5e6f7dc,e006_hinge_075,-5,10,-90,3.90930110798,86331.6059784,6770,False
a5e6f7dc,e006_jump_025,-5,0,0,4.70694105109,125155.256136,5119,False
a5e6f7dc,e006_jump_050,-5,0,0,4.70694105109,125155.256136,5430,False
a5e6f7dc,e006_jump_075,-5,10,-10,3.97498630155,89257.1154346,5134,False
a5e6f7dc,dtw_derivative,0,0,0,13.3610581111,1008447.46937,0,False
a612d5a0,last_known_tvt,0,0,0,19.2569013196,1976143.7359,0,False
a612d5a0,e004_geometry_prefix,0,0,0,16.0696525866,1376127.56984,0,False
a612d5a0,align_visible_path,0,0,0,16.0696525866,1376127.56984,0,False
a612d5a0,pf_gr_path,0,0,0,20.8867983201,2324820.71551,0,False
a612d5a0,trellis_gr_path,0,0,0,16.3262837591,1420431.84804,0,False
a612d5a0,e006_nested_fusion,0,0,0,18.1900387622,1763246.2517,0,False
a612d5a0,wide64_anchor,0,0,0,14.9415085047,1189692.19652,0,False
a612d5a0,e006_affine,15,10,0,6.12953874408,200217.165752,376,False
a612d5a0,e006_quadratic,15,10,-10,4.50090305207,107955.565626,8181,False
a612d5a0,wide64_quadratic,15,10,-10,4.56791281997,111193.994912,8181,False
a612d5a0,pf_quadratic,20,10,-10,4.00546431249,85497.113687,8730,False
a612d5a0,trellis_quadratic,15,10,-20,4.46191676635,106093.468854,8180,False
a612d5a0,e006_hinge_025,15,40,-80,4.80615906233,123095.449925,9007,False
a612d5a0,e006_hinge_050,15,20,-50,4.37824966133,102151.974547,9158,False
a612d5a0,e006_hinge_075,15,10,-60,4.66606619655,116023.913917,9273,False
a612d5a0,e006_jump_025,15,0,10,5.21358985518,144850.3157,6998,False
a612d5a0,e006_jump_050,15,10,0,6.12953874408,200217.165752,7603,False
a612d5a0,e006_jump_075,15,20,-10,3.84233520068,78674.9035645,7060,True
a612d5a0,dtw_derivative,0,0,0,24.0600201205,3084875.86392,0,False
a622ce4d,last_known_tvt,0,0,0,14.2360978148,1276393.4973,0,False
a622ce4d,e004_geometry_prefix,0,0,0,8.8332272938,491407.146062,0,False
a622ce4d,align_visible_path,0,0,0,8.8332272938,491407.146062,0,False
a622ce4d,pf_gr_path,0,0,0,7.57528268152,361410.148726,0,False
a622ce4d,trellis_gr_path,0,0,0,9.22690801453,536185.466841,0,False
a622ce4d,e006_nested_fusion,0,0,0,8.0809793046,411273.422631,0,False
a622ce4d,wide64_anchor,0,0,0,8.28452476104,432252.841552,0,False
a622ce4d,e006_affine,5,0,0,7.48299405708,352657.769968,325,False
a622ce4d,e006_quadratic,5,0,-10,7.05150004923,313159.566243,7047,False
a622ce4d,wide64_quadratic,5,0,-10,6.96433759593,305465.58435,7047,False
a622ce4d,pf_quadratic,5,0,-10,7.09513829459,317047.538767,7047,False
a622ce4d,trellis_quadratic,5,0,-10,7.48425968458,352777.072779,7047,False
a622ce4d,e006_hinge_025,5,30,-80,6.46344545502,263106.048791,7759,True
a622ce4d,e006_hinge_050,5,0,-20,6.95810406813,304919.00658,7870,False
a622ce4d,e006_hinge_075,5,0,-40,7.10580228738,318001.299876,8000,False
a622ce4d,e006_jump_025,5,0,0,7.48299405708,352657.769968,6059,False
a622ce4d,e006_jump_050,5,0,0,7.48299405708,352657.769968,6518,False
a622ce4d,e006_jump_075,5,10,-10,7.48202515894,352566.451617,6086,False
a622ce4d,dtw_derivative,0,0,0,13.8924859467,1215521.34208,0,False
a645da9a,last_known_tvt,0,0,0,8.95109258097,412868.9669,0,False
a645da9a,e004_geometry_prefix,0,0,0,11.1359487785,639020.207332,0,False
a645da9a,align_visible_path,0,0,0,6.37600107649,209486.917265,0,False
a645da9a,pf_gr_path,0,0,0,9.931285496,508242.614051,0,False
a645da9a,trellis_gr_path,0,0,0,8.56606120925,378113.766113,0,False
a645da9a,e006_nested_fusion,0,0,0,9.44249705483,459445.347999,0,False
a645da9a,wide64_anchor,0,0,0,10.5464212592,573152.738097,0,False
a645da9a,e006_affine,0,-10,0,4.9847585109,128040.803124,299,False
a645da9a,e006_quadratic,0,-10,0,4.9847585109,128040.803124,6465,False
a645da9a,wide64_quadratic,-5,-10,0,4.73243800935,115406.430897,5907,False
a645da9a,pf_quadratic,5,-10,0,4.44196738393,101674.225558,7023,False
a645da9a,trellis_quadratic,0,-10,0,5.32436163805,146081.504772,6465,False
a645da9a,e006_hinge_025,0,10,-60,3.85016727143,76386.9796569,7096,False
a645da9a,e006_hinge_050,0,-10,-20,4.31206883941,95814.5608437,7222,False
a645da9a,e006_hinge_075,0,-20,40,4.4105094199,100239.213497,7333,False
a645da9a,e006_jump_025,0,-10,0,4.9847585109,128040.803124,5567,False
a645da9a,e006_jump_050,0,0,-10,3.62508421921,67716.787028,5973,True
a645da9a,e006_jump_075,0,-10,0,4.9847585109,128040.803124,5567,False
a645da9a,dtw_derivative,0,0,0,44.7700151841,10328437.4996,0,False
a692b17e,last_known_tvt,0,0,0,13.1380614447,615522.4763,0,False
a692b17e,e004_geometry_prefix,0,0,0,15.7978744397,889976.736072,0,False
a692b17e,align_visible_path,0,0,0,15.5057578152,857368.121666,0,False
a692b17e,pf_gr_path,0,0,0,14.1410853814,713094.074691,0,False
a692b17e,trellis_gr_path,0,0,0,17.4720645523,1088603.65965,0,False
a692b17e,e006_nested_fusion,0,0,0,15.0665662255,809487.055975,0,False
a692b17e,wide64_anchor,0,0,0,11.593251701,479282.827518,0,False
a692b17e,e006_affine,10,10,0,9.03934804959,291377.193734,351,False
a692b17e,e006_quadratic,10,10,-20,6.25935618296,139714.239017,7627,False
a692b17e,wide64_quadratic,5,10,-20,6.29063330614,141113.992321,7071,False
a692b17e,pf_quadratic,10,10,-20,6.19971535189,137064.453605,7627,False
a692b17e,trellis_quadratic,15,10,-20,7.30771873526,190434.217604,8180,False
a692b17e,e006_hinge_025,10,40,-80,7.79440489008,216644.297908,8398,False
a692b17e,e006_hinge_050,10,30,-90,6.03451845488,129857.362695,8560,False
a692b17e,e006_hinge_075,10,20,-120,5.77291070898,118842.29206,8667,True
a692b17e,e006_jump_025,10,-10,10,7.23593756679,186711.45395,6507,False
a692b17e,e006_jump_050,10,10,0,9.03934804959,291377.193734,7078,False
a692b17e,e006_jump_075,10,20,-10,6.61195651555,155898.277324,6585,False
a692b17e,dtw_derivative,0,0,0,42.1660888214,6340273.2798,0,False
a6b8ac67,last_known_tvt,0,0,0,10.8759022812,645009.4706,0,False
a6b8ac67,e004_geometry_prefix,0,0,0,11.951986036,778960.887531,0,False
a6b8ac67,align_visible_path,0,0,0,22.6417050284,2795463.03636,0,False
a6b8ac67,pf_gr_path,0,0,0,12.3512330488,831871.279023,0,False
a6b8ac67,trellis_gr_path,0,0,0,12.2017543628,811857.960364,0,False
a6b8ac67,e006_nested_fusion,0,0,0,11.726050837,749788.962663,0,False
a6b8ac67,wide64_anchor,0,0,0,12.7195980902,882230.921421,0,False
a6b8ac67,e006_affine,5,10,0,6.09695394283,202703.536769,326,False
a6b8ac67,e006_quadratic,5,10,0,6.09695394283,202703.536769,7073,False
a6b8ac67,wide64_quadratic,10,10,0,5.99605878514,196050.187367,7629,False
a6b8ac67,pf_quadratic,5,10,0,6.44692168075,226641.943807,7073,False
a6b8ac67,trellis_quadratic,5,20,0,7.50875124206,307447.475458,7098,False
a6b8ac67,e006_hinge_025,5,10,10,5.82797132808,185212.507165,7718,False
a6b8ac67,e006_hinge_050,5,10,10,5.82015630331,184716.11836,7898,False
a6b8ac67,e006_hinge_075,5,10,20,6.02505659637,197951.027014,8031,False
a6b8ac67,e006_jump_025,5,10,0,6.09695394283,202703.536769,6081,False
a6b8ac67,e006_jump_050,5,30,-10,5.66844466568,175211.787651,6592,True
a6b8ac67,e006_jump_075,5,10,0,6.09695394283,202703.536769,6087,False
a6b8ac67,dtw_derivative,0,0,0,14.8030578517,1194918.73516,0,False
a6ed2eff,last_known_tvt,0,0,0,8.63258279463,393100.8371,0,False
a6ed2eff,e004_geometry_prefix,0,0,0,8.3793714643,370378.143871,0,False
a6ed2eff,align_visible_path,0,0,0,11.0531693091,644460.210616,0,False
a6ed2eff,pf_gr_path,0,0,0,9.57933250605,484053.049404,0,False
a6ed2eff,trellis_gr_path,0,0,0,8.88643427148,416559.966674,0,False
a6ed2eff,e006_nested_fusion,0,0,0,8.71321690568,400478.78516,0,False
a6ed2eff,wide64_anchor,0,0,0,7.941414713,332673.506821,0,False
a6ed2eff,e006_affine,5,0,0,7.6762151135,310825.568922,325,False
a6ed2eff,e006_quadratic,5,0,10,7.2644811263,278375.918831,7049,False
a6ed2eff,wide64_quadratic,0,0,10,7.54416829143,300223.85673,6491,False
a6ed2eff,pf_quadratic,5,0,10,7.20475077957,273816.988272,7049,False
a6ed2eff,trellis_quadratic,0,0,10,8.74595714928,403494.068061,6491,False
a6ed2eff,e006_hinge_025,5,0,0,7.6762151135,310825.568922,7692,False
a6ed2eff,e006_hinge_050,5,-10,30,7.34967072455,284943.155231,7850,False
a6ed2eff,e006_hinge_075,5,-10,110,5.48214954753,158534.658314,7990,True
a6ed2eff,e006_jump_025,5,0,0,7.6762151135,310825.568922,6059,False
a6ed2eff,e006_jump_050,5,10,-10,7.44833088799,292644.514164,6542,False
a6ed2eff,e006_jump_075,5,0,0,7.6762151135,310825.568922,6065,False
a6ed2eff,dtw_derivative,0,0,0,12.9785583107,888536.697467,0,False
a6f967fb,last_known_tvt,0,0,0,13.762814229,884568.3092,0,False
a6f967fb,e004_geometry_prefix,0,0,0,11.9346842339,665179.331854,0,False
a6f967fb,align_visible_path,0,0,0,12.3433483681,711513.022534,0,False
a6f967fb,pf_gr_path,0,0,0,10.7022583925,534894.023051,0,False
a6f967fb,trellis_gr_path,0,0,0,11.4151701822,608529.535043,0,False
a6f967fb,e006_nested_fusion,0,0,0,7.10459831109,235719.731146,0,False
a6f967fb,wide64_anchor,0,0,0,6.62646536477,205059.901886,0,False
a6f967fb,e006_affine,-5,0,0,5.73980683856,153854.93648,275,False
a6f967fb,e006_quadratic,-5,0,10,5.2341887873,127942.739659,5933,False
a6f967fb,wide64_quadratic,-5,0,10,5.42368144996,137374.216598,5933,False
a6f967fb,pf_quadratic,5,10,10,5.02115117891,117739.849284,7074,False
a6f967fb,trellis_quadratic,-10,0,0,5.64649920946,148893.392016,5376,False
a6f967fb,e006_hinge_025,-5,-30,80,2.89144196818,39043.2391804,6395,True
a6f967fb,e006_hinge_050,-5,0,20,4.65986623597,101406.030085,6628,False
a6f967fb,e006_hinge_075,-5,0,30,5.3904618873,135696.560604,6757,False
a6f967fb,e006_jump_025,-5,0,0,5.73980683856,153854.93648,5119,False
a6f967fb,e006_jump_050,-5,-10,10,4.5652167463,97328.4224029,5406,False
a6f967fb,e006_jump_075,-5,0,0,5.73980683856,153854.93648,5113,False
a6f967fb,dtw_derivative,0,0,0,14.4098138933,969691.579174,0,False
a76db406,last_known_tvt,0,0,0,3.70432017084,64109.1276,0,False
a76db406,e004_geometry_prefix,0,0,0,2.52793085305,29856.1095064,0,True
a76db406,align_visible_path,0,0,0,19.3282644252,1745374.19618,0,False
a76db406,pf_gr_path,0,0,0,12.2674529774,703091.160726,0,False
a76db406,trellis_gr_path,0,0,0,4.13731311205,79972.3049254,0,False
a76db406,e006_nested_fusion,0,0,0,4.68460826734,102529.631177,0,False
a76db406,wide64_anchor,0,0,0,3.29887842798,50843.5019795,0,False
a76db406,e006_affine,5,0,0,3.20601665978,48021.3520682,325,False
a76db406,e006_quadratic,5,0,0,3.20601665978,48021.3520682,7048,False
a76db406,wide64_quadratic,0,0,0,3.29887842798,50843.5019795,6490,False
a76db406,pf_quadratic,10,0,0,3.58264305661,59966.6676985,7604,False
a76db406,trellis_quadratic,0,0,0,4.13731311205,79972.3049254,6490,False
a76db406,e006_hinge_025,5,0,10,2.70628042542,34217.511878,7693,False
a76db406,e006_hinge_050,5,0,10,2.74441545594,35188.6452621,7873,False
a76db406,e006_hinge_075,5,0,30,2.64540312448,32695.3927324,8007,False
a76db406,e006_jump_025,5,0,0,3.20601665978,48021.3520682,6059,False
a76db406,e006_jump_050,5,0,0,3.20601665978,48021.3520682,6518,False
a76db406,e006_jump_075,5,0,0,3.20601665978,48021.3520682,6065,False
a76db406,dtw_derivative,0,0,0,12.4335587014,722260.280621,0,False
a7744f5b,last_known_tvt,0,0,0,13.0849486439,749411.9112,0,False
a7744f5b,e004_geometry_prefix,0,0,0,12.4952079316,683381.978431,0,False
a7744f5b,align_visible_path,0,0,0,12.4952079316,683381.978431,0,False
a7744f5b,pf_gr_path,0,0,0,18.1360650731,1439669.08017,0,False
a7744f5b,trellis_gr_path,0,0,0,12.5898524766,693773.694824,0,False
a7744f5b,e006_nested_fusion,0,0,0,14.6054178893,933693.90024,0,False
a7744f5b,wide64_anchor,0,0,0,13.207495886,763514.896553,0,False
a7744f5b,e006_affine,10,10,0,4.91807337012,105868.449714,351,False
a7744f5b,e006_quadratic,10,10,0,4.91807337012,105868.449714,7629,False
a7744f5b,wide64_quadratic,10,10,0,4.75850962084,99110.2222534,7629,False
a7744f5b,pf_quadratic,15,20,0,4.86823964553,103733.837467,8207,False
a7744f5b,trellis_quadratic,5,20,10,6.00785394714,157984.790713,7099,False
a7744f5b,e006_hinge_025,10,-10,60,3.79815328651,63142.4636334,8287,True
a7744f5b,e006_hinge_050,10,10,20,3.82072317787,63895.1203597,8521,False
a7744f5b,e006_hinge_075,10,20,-40,4.67131610536,95511.3668215,8675,False
a7744f5b,e006_jump_025,10,10,0,4.91807337012,105868.449714,6550,False
a7744f5b,e006_jump_050,10,0,10,4.22627129284,78179.2122912,7054,False
a7744f5b,e006_jump_075,10,10,0,4.91807337012,105868.449714,6564,False
a7744f5b,dtw_derivative,0,0,0,23.7312838862,2465011.8753,0,False
a783cc24,last_known_tvt,0,0,0,26.7252318645,1349195.6164,0,False
a783cc24,e004_geometry_prefix,0,0,0,26.3188616539,1308477.20237,0,False
a783cc24,align_visible_path,0,0,0,26.3188616539,1308477.20237,0,False
a783cc24,pf_gr_path,0,0,0,24.9092483146,1172069.06087,0,False
a783cc24,trellis_gr_path,0,0,0,26.7299115572,1349668.15663,0,False
a783cc24,e006_nested_fusion,0,0,0,25.431437027,1221725.84171,0,False
a783cc24,wide64_anchor,0,0,0,28.101535019,1491736.25483,0,False
a783cc24,e006_affine,-20,-30,0,4.04700378796,30938.4947173,197,False
a783cc24,e006_quadratic,-20,-30,-10,3.36595667298,21401.7359088,4198,False
a783cc24,wide64_quadratic,-25,-30,-10,3.45163989879,22505.2021848,3655,False
a783cc24,pf_quadratic,-20,-20,-10,2.92476807881,16159.0128467,4223,False
a783cc24,trellis_quadratic,-20,-30,-10,4.14597271782,32470.1905886,4198,False
a783cc24,e006_hinge_025,-20,-20,-10,2.70894568747,13862.2125475,4586,False
a783cc24,e006_hinge_050,-20,-20,-20,1.97643973757,7379.02721444,4717,False
a783cc24,e006_hinge_075,-20,-20,-60,0.934890522354,1651.02432552,4824,True
a783cc24,e006_jump_025,-20,-30,0,4.04700378796,30938.4947173,3649,False
a783cc24,e006_jump_050,-20,-40,10,3.79456075855,27199.1279608,3757,False
a783cc24,e006_jump_075,-20,-10,-10,4.04158463542,30855.6936239,3666,False
a783cc24,dtw_derivative,0,0,0,6.77041993953,86589.0892518,0,False
a79fd2e7,last_known_tvt,0,0,0,12.3743413691,674359.5243,0,False
a79fd2e7,e004_geometry_prefix,0,0,0,11.3251956368,564857.287552,0,False
a79fd2e7,align_visible_path,0,0,0,11.3251956368,564857.287552,0,False
a79fd2e7,pf_gr_path,0,0,0,8.51967029984,319663.380007,0,False
a79fd2e7,trellis_gr_path,0,0,0,11.8345906486,616813.387749,0,False
a79fd2e7,e006_nested_fusion,0,0,0,9.44726883618,393060.912791,0,False
a79fd2e7,wide64_anchor,0,0,0,12.1374985427,648792.307334,0,False
a79fd2e7,e006_affine,-5,0,0,8.68380101544,332098.593934,275,False
a79fd2e7,e006_quadratic,-5,0,10,8.60388881702,326014.479824,5933,False
a79fd2e7,wide64_quadratic,-10,0,10,8.65306574544,329751.908085,5377,False
a79fd2e7,pf_quadratic,0,0,10,8.43820387984,313579.265897,6491,False
a79fd2e7,trellis_quadratic,-10,0,10,9.19739977148,372543.883898,5377,False
a79fd2e7,e006_hinge_025,-5,-40,90,7.95968515266,279022.41236,6371,True
a79fd2e7,e006_hinge_050,-5,0,-10,8.55930766382,322644.7368,6625,False
a79fd2e7,e006_hinge_075,-5,-10,70,8.22918506566,298236.620065,6736,False
a79fd2e7,e006_jump_025,-5,0,0,8.68380101544,332098.593934,5119,False
a79fd2e7,e006_jump_050,-5,0,0,8.68380101544,332098.593934,5430,False
a79fd2e7,e006_jump_075,-5,0,0,8.68380101544,332098.593934,5113,False
a79fd2e7,dtw_derivative,0,0,0,16.746785251,1235123.01074,0,False
a7fc3e6b,last_known_tvt,0,0,0,18.149529359,1569287.4016,0,False
a7fc3e6b,e004_geometry_prefix,0,0,0,16.2899835899,1264192.02538,0,False
a7fc3e6b,align_visible_path,0,0,0,10.4462946648,519871.844075,0,False
a7fc3e6b,pf_gr_path,0,0,0,11.6203604693,643296.151711,0,False
a7fc3e6b,trellis_gr_path,0,0,0,15.3436326391,1121574.52605,0,False
a7fc3e6b,e006_nested_fusion,0,0,0,14.0797072913,944406.581897,0,False
a7fc3e6b,wide64_anchor,0,0,0,17.691195077,1491029.01781,0,False
a7fc3e6b,e006_affine,10,0,0,9.95064764514,471709.311089,350,False
a7fc3e6b,e006_quadratic,10,0,-30,6.25248171907,186241.565712,7601,False
a7fc3e6b,wide64_quadratic,15,0,-30,6.26344590557,186895.314971,8154,False
a7fc3e6b,pf_quadratic,5,0,-30,6.16197191883,180888.593731,7045,False
a7fc3e6b,trellis_quadratic,10,0,-20,7.9110227515,298151.514564,7602,False
a7fc3e6b,e006_hinge_025,10,50,-110,8.81777428399,370415.974792,8420,False
a7fc3e6b,e006_hinge_050,10,30,-110,4.99612488691,118915.461151,8558,True
a7fc3e6b,e006_hinge_075,10,10,-120,6.20239715049,183269.795685,8642,False
a7fc3e6b,e006_jump_025,10,-10,10,8.10597146014,313027.068061,6507,False
a7fc3e6b,e006_jump_050,10,-10,10,9.18714705289,402099.088508,7029,False
a7fc3e6b,e006_jump_075,10,30,-20,6.87580666935,225226.281476,6605,False
a7fc3e6b,dtw_derivative,0,0,0,15.5526538927,1152340.34535,0,False
a85bb86f,last_known_tvt,0,0,0,7.87390070796,192132.77,0,False
a85bb86f,e004_geometry_prefix,0,0,0,5.69617947318,100551.581371,0,False
a85bb86f,align_visible_path,0,0,0,8.17566250769,207141.676605,0,False
a85bb86f,pf_gr_path,0,0,0,4.76122402423,70252.0187933,0,False
a85bb86f,trellis_gr_path,0,0,0,7.77430352988,187302.925866,0,False
a85bb86f,e006_nested_fusion,0,0,0,5.83718529441,105591.396968,0,False
a85bb86f,wide64_anchor,0,0,0,5.6349345241,98400.9574946,0,False
a85bb86f,e006_affine,5,0,0,4.86556311107,73364.8098978,325,False
a85bb86f,e006_quadratic,5,0,-10,3.23552865805,32442.3330152,7047,False
a85bb86f,wide64_quadratic,5,0,-10,3.40489275955,35927.6202879,7047,False
a85bb86f,pf_quadratic,0,0,-10,3.07639326459,29329.5419115,6489,True
a85bb86f,trellis_quadratic,5,0,-20,3.53742976287,38779.0555051,7046,False
a85bb86f,e006_hinge_025,5,30,-70,3.38223221134,35450.9941726,7760,False
a85bb86f,e006_hinge_050,5,10,-50,3.27432625788,33225.0373609,7892,False
a85bb86f,e006_hinge_075,5,0,-30,4.31204570865,57621.9946615,8001,False
a85bb86f,e006_jump_025,5,-10,10,4.11141407501,52384.6459325,6038,False
a85bb86f,e006_jump_050,5,0,0,4.86556311107,73364.8098978,6518,False
a85bb86f,e006_jump_075,5,10,-10,4.58896310095,65260.5466776,6086,False
a85bb86f,dtw_derivative,0,0,0,19.7564167952,1209589.29822,0,False
a85e4bc3,last_known_tvt,0,0,0,9.63847845619,425576.1229,0,False
a85e4bc3,e004_geometry_prefix,0,0,0,11.1723352381,571805.34307,0,False
a85e4bc3,align_visible_path,0,0,0,19.3343401549,1712454.34496,0,False
a85e4bc3,pf_gr_path,0,0,0,14.1827480109,921469.712764,0,False
a85e4bc3,trellis_gr_path,0,0,0,12.6448751999,732469.232074,0,False
a85e4bc3,e006_nested_fusion,0,0,0,8.69025621901,345959.65399,0,False
a85e4bc3,wide64_anchor,0,0,0,11.8553129663,643852.428973,0,False
a85e4bc3,e006_affine,0,10,0,7.78867228431,277899.108478,301,False
a85e4bc3,e006_quadratic,0,10,10,6.85052536046,214984.945229,6516,False
a85e4bc3,wide64_quadratic,10,10,10,7.10753217932,231418.439668,7630,False
a85e4bc3,pf_quadratic,10,10,10,6.80596211857,212197.052367,7630,False
a85e4bc3,trellis_quadratic,-10,0,10,9.1504139213,383567.47326,5377,False
a85e4bc3,e006_hinge_025,0,-30,90,6.19373520138,175737.951667,7011,False
a85e4bc3,e006_hinge_050,0,0,30,6.98903067956,223766.044816,7252,False
a85e4bc3,e006_hinge_075,0,0,80,7.17521469954,235846.857115,7387,False
a85e4bc3,e006_jump_025,0,20,-10,5.75236149281,151583.74503,5632,True
a85e4bc3,e006_jump_050,0,-10,10,6.49535938607,193270.986172,5950,False
a85e4bc3,e006_jump_075,0,10,0,7.78867228431,277899.108478,5611,False
a85e4bc3,dtw_derivative,0,0,0,35.830904194,5881333.77845,0,False
a87433c9,last_known_tvt,0,0,0,9.58035851475,525092.0835,0,False
a87433c9,e004_geometry_prefix,0,0,0,11.0896706402,703573.127667,0,False
a87433c9,align_visible_path,0,0,0,20.4215482079,2385883.73014,0,False
a87433c9,pf_gr_path,0,0,0,6.73782052766,259723.247874,0,False
a87433c9,trellis_gr_path,0,0,0,10.9326596726,683791.354847,0,False
a87433c9,e006_nested_fusion,0,0,0,8.90567004468,453737.996123,0,False
a87433c9,wide64_anchor,0,0,0,9.86929368253,557242.321528,0,False
a87433c9,e006_affine,-5,0,0,5.76062819141,189850.453391,275,False
a87433c9,e006_quadratic,-5,0,10,4.11482384967,96866.6865705,5933,False
a87433c9,wide64_quadratic,-10,0,10,3.9244861782,88112.5064756,5377,False
a87433c9,pf_quadratic,-5,0,10,3.7693200588,81282.6733703,5933,True
a87433c9,trellis_quadratic,-10,0,20,4.02923594446,92878.9606764,5378,False
a87433c9,e006_hinge_025,-5,-30,70,4.54964045103,118420.284725,6394,False
a87433c9,e006_hinge_050,-5,-10,40,4.50390885183,116051.600284,6605,False
a87433c9,e006_hinge_075,-5,-10,110,3.89440323572,86766.8403134,6740,False
a87433c9,e006_jump_025,-5,10,-10,5.2496852029,157666.153048,5140,False
a87433c9,e006_jump_050,-5,0,0,5.76062819141,189850.453391,5430,False
a87433c9,e006_jump_075,-5,-10,10,4.56195832819,119062.384332,5092,False
a87433c9,dtw_derivative,0,0,0,71.7243290916,29430994.4538,0,False
a8ed028a,last_known_tvt,0,0,0,19.0445211105,2008598.1776,0,False
a8ed028a,e004_geometry_prefix,0,0,0,16.8354783177,1569653.78256,0,False
a8ed028a,align_visible_path,0,0,0,8.86655733336,435374.516081,0,False
a8ed028a,pf_gr_path,0,0,0,11.1417338499,687477.535359,0,False
a8ed028a,trellis_gr_path,0,0,0,21.2064752522,2490519.41393,0,False
a8ed028a,e006_nested_fusion,0,0,0,14.188038913,1114801.88211,0,False
a8ed028a,wide64_anchor,0,0,0,13.7543591544,1047692.10765,0,False
a8ed028a,e006_affine,10,0,0,7.70396477895,328686.24402,350,False
a8ed028a,e006_quadratic,10,0,-10,7.33443289246,297910.650619,7603,False
a8ed028a,wide64_quadratic,10,0,-10,7.20480975402,287473.61253,7603,False
a8ed028a,pf_quadratic,10,0,-10,7.25052242387,291133.077671,7603,False
a8ed028a,trellis_quadratic,20,0,-10,7.68520156388,327087.145203,8705,False
a8ed028a,e006_hinge_025,10,40,-100,6.17546573432,211199.256024,8396,True
a8ed028a,e006_hinge_050,10,0,-10,7.69320770918,327768.993616,8493,False
a8ed028a,e006_hinge_075,10,0,-20,7.59228454372,319225.741075,8627,False
a8ed028a,e006_jump_025,10,0,0,7.70396477895,328686.24402,6528,False
a8ed028a,e006_jump_050,10,0,0,7.70396477895,328686.24402,7053,False
a8ed028a,e006_jump_075,10,0,0,7.70396477895,328686.24402,6542,False
a8ed028a,dtw_derivative,0,0,0,37.8364305029,7928175.73058,0,False
a959858c,last_known_tvt,0,0,0,65.3586589909,18812805.9596,0,False
a959858c,e004_geometry_prefix,0,0,0,21.6110043652,2056824.38459,0,False
a959858c,align_visible_path,0,0,0,27.1217138512,3239526.74324,0,False
a959858c,pf_gr_path,0,0,0,19.4958517857,1673908.59508,0,False
a959858c,trellis_gr_path,0,0,0,22.4428862114,2218220.55515,0,False
a959858c,e006_nested_fusion,0,0,0,18.9903881605,1588235.8463,0,False
a959858c,wide64_anchor,0,0,0,16.2073207511,1156830.59107,0,False
a959858c,e006_affine,10,20,0,10.9597260112,528989.077039,352,False
a959858c,e006_quadratic,10,20,20,8.36922012466,308473.09556,7656,False
a959858c,wide64_quadratic,5,20,20,8.44562606666,314131.152893,7100,False
a959858c,pf_quadratic,10,20,20,8.81453138594,342173.023491,7656,False
a959858c,trellis_quadratic,15,20,20,8.10789223744,289509.784416,8209,False
a959858c,e006_hinge_025,10,-10,70,10.2907415406,466380.787845,8288,False
a959858c,e006_hinge_050,10,-10,120,7.5214029705,249140.897647,8481,True
a959858c,e006_hinge_075,10,10,120,8.43505034263,313344.927141,8666,False
a959858c,e006_jump_025,10,40,-20,7.8998923673,274846.150623,6614,False
a959858c,e006_jump_050,10,20,0,10.9597260112,528989.077039,7103,False
a959858c,e006_jump_075,10,0,20,7.56800686383,252237.901632,6544,False
a959858c,dtw_derivative,0,0,0,33.0941979503,4823375.03082,0,False
a9c9b150,last_known_tvt,0,0,0,1.16303177091,5391.6346,0,True
a9c9b150,e004_geometry_prefix,0,0,0,1.43437779933,8200.9545295,0,False
a9c9b150,align_visible_path,0,0,0,1.43437779933,8200.9545295,0,False
a9c9b150,pf_gr_path,0,0,0,7.76186340078,240142.642481,0,False
a9c9b150,trellis_gr_path,0,0,0,2.11204977399,17780.5664318,0,False
a9c9b150,e006_nested_fusion,0,0,0,4.54965425674,82507.6244695,0,False
a9c9b150,wide64_anchor,0,0,0,2.11581459973,17844.0122819,0,False
a9c9b150,e006_affine,5,0,0,1.24179480137,6146.6285542,325,False
a9c9b150,e006_quadratic,5,0,0,1.24179480137,6146.6285542,7048,False
a9c9b150,wide64_quadratic,0,0,0,2.11581459973,17844.0122819,6490,False
a9c9b150,pf_quadratic,10,0,0,2.68256557088,28683.8859557,7604,False
a9c9b150,trellis_quadratic,0,0,0,2.11204977399,17780.5664318,6490,False
a9c9b150,e006_hinge_025,5,0,0,1.24179480137,6146.6285542,7692,False
a9c9b150,e006_hinge_050,5,0,0,1.24179480137,6146.6285542,7872,False
a9c9b150,e006_hinge_075,5,0,0,1.24179480137,6146.6285542,8004,False
a9c9b150,e006_jump_025,5,0,0,1.24179480137,6146.6285542,6059,False
a9c9b150,e006_jump_050,5,0,0,1.24179480137,6146.6285542,6518,False
a9c9b150,e006_jump_075,5,0,0,1.24179480137,6146.6285542,6065,False
a9c9b150,dtw_derivative,0,0,0,27.450309048,3003528.5948,0,False
aa95015b,last_known_tvt,0,0,0,11.725050285,591150.258,0,False
aa95015b,e004_geometry_prefix,0,0,0,9.59971711617,396264.645455,0,False
aa95015b,align_visible_path,0,0,0,8.41599686786,304564.714103,0,False
aa95015b,pf_gr_path,0,0,0,9.18596290984,362842.232698,0,False
aa95015b,trellis_gr_path,0,0,0,9.64439597518,399961.807022,0,False
aa95015b,e006_nested_fusion,0,0,0,6.46748273953,179861.83184,0,False
aa95015b,wide64_anchor,0,0,0,7.32408222075,230661.375618,0,False
aa95015b,e006_affine,0,0,0,6.46748273953,179861.83184,300,False
aa95015b,e006_quadratic,0,0,-20,3.75532507544,60640.6056156,6488,False
aa95015b,wide64_quadratic,-5,0,-20,3.85645381509,63950.6149201,5930,False
aa95015b,pf_quadratic,-5,0,-20,4.30128246822,79554.4327473,5930,False
aa95015b,trellis_quadratic,5,0,-20,4.97592078189,106467.086799,7046,False
aa95015b,e006_hinge_025,0,40,-100,4.84347645644,100874.835991,7167,False
aa95015b,e006_hinge_050,0,20,-80,3.02337826616,39305.5094033,7291,True
aa95015b,e006_hinge_075,0,10,-100,5.63838394548,136702.906122,7394,False
aa95015b,e006_jump_025,0,-10,10,4.17262480972,74866.4305517,5568,False
aa95015b,e006_jump_050,0,0,0,6.46748273953,179861.83184,5974,False
aa95015b,e006_jump_075,0,10,-10,5.165495176,114734.063777,5610,False
aa95015b,dtw_derivative,0,0,0,10.7452392794,496478.718838,0,False
aaaf3c03,last_known_tvt,0,0,0,15.0795922315,681500.1233,0,False
aaaf3c03,e004_geometry_prefix,0,0,0,14.7198598372,649372.798064,0,False
aaaf3c03,align_visible_path,0,0,0,21.8515756804,1431041.60507,0,False
aaaf3c03,pf_gr_path,0,0,0,17.5908599043,927386.741457,0,False
aaaf3c03,trellis_gr_path,0,0,0,15.2719383557,698996.607121,0,False
aaaf3c03,e006_nested_fusion,0,0,0,15.657112801,734700.108247,0,False
aaaf3c03,wide64_anchor,0,0,0,15.2231593767,694538.510483,0,False
aaaf3c03,e006_affine,5,20,0,9.50385821617,270698.993016,327,False
aaaf3c03,e006_quadratic,5,20,10,8.97789048274,241565.745008,7099,False
aaaf3c03,wide64_quadratic,0,20,10,8.99397901143,242432.300399,6541,False
aaaf3c03,pf_quadratic,10,20,10,9.09805175092,248075.31335,7655,False
aaaf3c03,trellis_quadratic,5,20,10,10.04339266,302306.599161,7099,False
aaaf3c03,e006_hinge_025,5,-30,120,6.7105587263,134959.700462,7629,True
aaaf3c03,e006_hinge_050,5,10,40,8.93873207722,239463.090651,7901,False
aaaf3c03,e006_hinge_075,5,20,-20,9.43677008252,266890.730882,8052,False
aaaf3c03,e006_jump_025,5,30,-10,8.58870097359,221076.055888,6123,False
aaaf3c03,e006_jump_050,5,-10,20,6.78886115492,138127.641435,6495,False
aaaf3c03,e006_jump_075,5,20,0,9.50385821617,270698.993016,6109,False
aaaf3c03,dtw_derivative,0,0,0,15.1666846766,689394.887263,0,False
aaeffccb,last_known_tvt,0,0,0,4.75612679312,61347.4525,0,False
aaeffccb,e004_geometry_prefix,0,0,0,4.86666918164,64232.2797205,0,False
aaeffccb,align_visible_path,0,0,0,4.86666918164,64232.2797205,0,False
aaeffccb,pf_gr_path,0,0,0,14.0580872022,535972.060405,0,False
aaeffccb,trellis_gr_path,0,0,0,7.16777584971,139334.452833,0,False
aaeffccb,e006_nested_fusion,0,0,0,6.08023360066,100260.580612,0,False
aaeffccb,wide64_anchor,0,0,0,10.3126472642,288423.08103,0,False
aaeffccb,e006_affine,-5,0,0,4.37062543418,51805.6184522,275,False
aaeffccb,e006_quadratic,-5,0,0,4.37062543418,51805.6184522,5932,False
aaeffccb,wide64_quadratic,-10,0,0,4.35811080591,51509.3680084,5376,False
aaeffccb,pf_quadratic,-15,0,0,4.64673454942,58557.8890302,4823,False
aaeffccb,trellis_quadratic,-5,0,0,6.38384911191,110523.57196,5932,False
aaeffccb,e006_hinge_025,-5,10,-20,4.29999871323,50144.8499885,6485,False
aaeffccb,e006_hinge_050,-5,0,10,4.16415852307,47026.6663486,6627,False
aaeffccb,e006_hinge_075,-5,0,30,3.75803541149,38301.1153776,6757,True
aaeffccb,e006_jump_025,-5,0,0,4.37062543418,51805.6184522,5119,False
aaeffccb,e006_jump_050,-5,20,-10,4.26648337709,49366.2116638,5479,False
aaeffccb,e006_jump_075,-5,0,0,4.37062543418,51805.6184522,5113,False
aaeffccb,dtw_derivative,0,0,0,29.636667495,2382036.54729,0,False
ab112491,last_known_tvt,0,0,0,28.2040369848,4124500.0361,0,False
ab112491,e004_geometry_prefix,0,0,0,29.9987464415,4666110.0261,0,False
ab112491,align_visible_path,0,0,0,39.1264845789,7937622.1097,0,False
ab112491,pf_gr_path,0,0,0,34.544613189,6187417.60745,0,False
ab112491,trellis_gr_path,0,0,0,29.6242791611,4550345.1935,0,False
ab112491,e006_nested_fusion,0,0,0,31.9840172663,5304137.61415,0,False
ab112491,wide64_anchor,0,0,0,33.1566675795,5700205.47682,0,False
ab112491,e006_affine,30,10,0,13.576644729,955726.587676,451,False
ab112491,e006_quadratic,30,10,-40,6.34365881292,208654.806993,9805,False
ab112491,wide64_quadratic,30,10,-40,6.21320550595,200161.338988,9805,True
ab112491,pf_quadratic,30,10,-40,6.32148733639,207198.833118,9805,False
ab112491,trellis_quadratic,25,0,-50,8.07238059326,337871.857974,9244,False
ab112491,e006_hinge_025,30,60,-120,9.88444784994,506586.473711,10833,False
ab112491,e006_hinge_050,30,40,-120,6.81207609278,240606.713897,11031,False
ab112491,e006_hinge_075,30,20,-120,10.8026085818,605070.586014,11156,False
ab112491,e006_jump_025,30,-30,30,6.84148479224,242688.664932,8330,False
ab112491,e006_jump_050,30,10,0,13.576644729,955726.587676,9115,False
ab112491,e006_jump_075,30,30,-20,7.30955917186,277032.762663,8483,False
ab112491,dtw_derivative,0,0,0,43.3162032886,9728581.62816,0,False
ab18d3fc,last_known_tvt,0,0,0,16.5978907927,1568639.9391,0,False
ab18d3fc,e004_geometry_prefix,0,0,0,19.8221181641,2237265.80231,0,False
ab18d3fc,align_visible_path,0,0,0,10.7460632538,657531.022837,0,False
ab18d3fc,pf_gr_path,0,0,0,11.9258454595,809833.647824,0,False
ab18d3fc,trellis_gr_path,0,0,0,20.226574218,2329496.85037,0,False
ab18d3fc,e006_nested_fusion,0,0,0,14.7462821037,1238176.44752,0,False
ab18d3fc,wide64_anchor,0,0,0,13.5744433145,1049207.82134,0,False
ab18d3fc,e006_affine,-10,-10,0,5.34871784911,162898.408292,249,False
ab18d3fc,e006_quadratic,-10,-10,10,4.82165839259,132376.330695,5352,False
ab18d3fc,wide64_quadratic,-10,-10,10,4.6709158706,124228.58917,5352,False
ab18d3fc,pf_quadratic,-10,-10,10,4.67052019214,124207.542978,5352,False
ab18d3fc,trellis_quadratic,-15,-20,10,5.35153186169,163069.858261,4774,False
ab18d3fc,e006_hinge_025,-10,-20,10,4.61359953147,121198.501826,5799,False
ab18d3fc,e006_hinge_050,-10,-20,30,3.93013662248,87949.3752234,5957,True
ab18d3fc,e006_hinge_075,-10,-20,60,4.04960007976,93377.3910295,6085,False
ab18d3fc,e006_jump_025,-10,0,-10,4.29001267768,104793.564763,4649,False
ab18d3fc,e006_jump_050,-10,-10,0,5.34871784911,162898.408292,4870,False
ab18d3fc,e006_jump_075,-10,-30,10,5.26053179406,157571.170943,4572,False
ab18d3fc,dtw_derivative,0,0,0,6.3818206779,231903.154629,0,False
ab3ced07,last_known_tvt,0,0,0,9.79752444243,407963.8121,0,False
ab3ced07,e004_geometry_prefix,0,0,0,14.1773476705,854238.044623,0,False
ab3ced07,align_visible_path,0,0,0,32.8754533128,4593380.57972,0,False
ab3ced07,pf_gr_path,0,0,0,21.1670082984,1904179.5213,0,False
ab3ced07,trellis_gr_path,0,0,0,16.1005165353,1101713.189,0,False
ab3ced07,e006_nested_fusion,0,0,0,16.604177565,1171719.52859,0,False
ab3ced07,wide64_anchor,0,0,0,14.7666554108,926729.976093,0,False
ab3ced07,e006_affine,-15,0,0,7.58293887409,244379.088365,225,False
ab3ced07,e006_quadratic,-15,0,20,6.11826241136,159090.823471,4825,False
ab3ced07,wide64_quadratic,-15,0,20,6.54192017535,181886.058218,4825,False
ab3ced07,pf_quadratic,-20,0,20,6.17430981826,162018.932361,4276,False
ab3ced07,trellis_quadratic,-15,0,20,7.35080742865,229646.071876,4825,False
ab3ced07,e006_hinge_025,-15,-20,40,7.25185690694,223505.071544,5193,False
ab3ced07,e006_hinge_050,-15,-20,70,6.33986637624,170824.099091,5342,False
ab3ced07,e006_hinge_075,-15,-10,120,4.43874408539,83735.4084863,5491,True
ab3ced07,e006_jump_025,-15,10,-10,7.4001815873,232741.421982,4202,False
ab3ced07,e006_jump_050,-15,10,-10,6.34100323784,170885.368765,4394,False
ab3ced07,e006_jump_075,-15,-10,10,5.24176877626,116773.594591,4140,False
ab3ced07,dtw_derivative,0,0,0,26.1372237991,2903406.48868,0,False
ab6fe95d,last_known_tvt,0,0,0,6.67958063977,244990.8352,0,False
ab6fe95d,e004_geometry_prefix,0,0,0,6.03990974637,200314.479006,0,False
ab6fe95d,align_visible_path,0,0,0,13.7840959658,1043297.14706,0,False
ab6fe95d,pf_gr_path,0,0,0,9.85450467311,533237.941576,0,False
ab6fe95d,trellis_gr_path,0,0,0,8.159070218,365538.213681,0,False
ab6fe95d,e006_nested_fusion,0,0,0,7.18110658316,283161.490047,0,False
ab6fe95d,wide64_anchor,0,0,0,7.73031957081,328130.303102,0,False
ab6fe95d,e006_affine,5,10,0,5.0625767009,140732.588543,326,False
ab6fe95d,e006_quadratic,5,10,0,5.0625767009,140732.588543,7073,False
ab6fe95d,wide64_quadratic,5,10,0,5.12148941016,144027.028897,7073,False
ab6fe95d,pf_quadratic,10,0,0,5.13449023177,144759.177761,7604,False
ab6fe95d,trellis_quadratic,5,10,0,5.64433252027,174934.96639,7073,False
ab6fe95d,e006_hinge_025,5,0,10,4.13647150906,93953.1874301,7693,True
ab6fe95d,e006_hinge_050,5,10,-20,4.14659351636,94413.5597043,7895,False
ab6fe95d,e006_hinge_075,5,10,-40,4.18689202837,96257.5861312,8025,False
ab6fe95d,e006_jump_025,5,10,0,5.0625767009,140732.588543,6081,False
ab6fe95d,e006_jump_050,5,-10,10,4.21394802092,97505.6523554,6494,False
ab6fe95d,e006_jump_075,5,10,0,5.0625767009,140732.588543,6087,False
ab6fe95d,dtw_derivative,0,0,0,16.800578983,1549886.66281,0,False
ab94878e,last_known_tvt,0,0,0,6.09027025034,222696.7159,0,False
ab94878e,e004_geometry_prefix,0,0,0,5.1003356485,156184.596059,0,False
ab94878e,align_visible_path,0,0,0,32.8525543502,6480059.12531,0,False
ab94878e,pf_gr_path,0,0,0,21.1147984046,2676791.60885,0,False
ab94878e,trellis_gr_path,0,0,0,7.6377546505,350245.117792,0,False
ab94878e,e006_nested_fusion,0,0,0,8.81618969074,466662.104781,0,False
ab94878e,wide64_anchor,0,0,0,4.84170259731,140746.272581,0,False
ab94878e,e006_affine,5,0,0,5.3281586316,170449.203518,325,False
ab94878e,e006_quadratic,5,0,10,4.50579524119,121894.353296,7049,False
ab94878e,wide64_quadratic,0,0,10,3.91854569871,92191.4223589,6491,True
ab94878e,pf_quadratic,20,0,10,4.56005307902,124847.680837,8707,False
ab94878e,trellis_quadratic,5,0,10,5.75983181868,199186.678128,7049,False
ab94878e,e006_hinge_025,5,-20,50,4.52182101151,122762.979022,7647,False
ab94878e,e006_hinge_050,5,-10,50,4.15500824951,103653.617695,7852,False
ab94878e,e006_hinge_075,5,0,20,5.12360662244,157613.074308,8006,False
ab94878e,e006_jump_025,5,10,-10,4.93178121805,146032.08576,6080,False
ab94878e,e006_jump_050,5,0,0,5.3281586316,170449.203518,6518,False
ab94878e,e006_jump_075,5,0,0,5.3281586316,170449.203518,6065,False
ab94878e,dtw_derivative,0,0,0,26.7221371808,4287291.98353,0,False
abf460d2,last_known_tvt,0,0,0,8.35087715011,224344.4089,0,False
abf460d2,e004_geometry_prefix,0,0,0,5.85178168204,110160.853264,0,False
abf460d2,align_visible_path,0,0,0,25.8531806529,2150200.81774,0,False
abf460d2,pf_gr_path,0,0,0,11.1686353155,401283.480449,0,False
abf460d2,trellis_gr_path,0,0,0,7.94761455658,203200.444659,0,False
abf460d2,e006_nested_fusion,0,0,0,8.76537942295,247168.14647,0,False
abf460d2,wide64_anchor,0,0,0,11.1156835792,397487.441749,0,False
abf460d2,e006_affine,5,10,0,2.99998029622,28952.6196789,326,False
abf460d2,e006_quadratic,5,10,0,2.99998029622,28952.6196789,7073,False
abf460d2,wide64_quadratic,10,10,0,2.29627608422,16962.8673613,7629,False
abf460d2,pf_quadratic,10,10,0,2.21858701716,15834.4869106,7629,True
abf460d2,trellis_quadratic,5,10,0,3.56523574229,40890.9842741,7073,False
abf460d2,e006_hinge_025,5,0,20,2.86348624543,26377.9635379,7694,False
abf460d2,e006_hinge_050,5,10,0,2.99998029622,28952.6196789,7897,False
abf460d2,e006_hinge_075,5,10,-10,2.94358263119,27874.2713993,8028,False
abf460d2,e006_jump_025,5,10,0,2.99998029622,28952.6196789,6081,False
abf460d2,e006_jump_050,5,10,0,2.99998029622,28952.6196789,6543,False
abf460d2,e006_jump_075,5,10,0,2.99998029622,28952.6196789,6087,False
abf460d2,dtw_derivative,0,0,0,50.4549856234,8189534.83238,0,False
ac6f01d5,last_known_tvt,0,0,0,15.962529701,1275030.9817,0,False
ac6f01d5,e004_geometry_prefix,0,0,0,22.4787292692,2528487.52087,0,False
ac6f01d5,align_visible_path,0,0,0,22.4787292692,2528487.52087,0,False
ac6f01d5,pf_gr_path,0,0,0,18.2549743084,1667553.41136,0,False
ac6f01d5,trellis_gr_path,0,0,0,22.5897725796,2553530.31729,0,False
ac6f01d5,e006_nested_fusion,0,0,0,21.3875911807,2288974.99879,0,False
ac6f01d5,wide64_anchor,0,0,0,19.8079738143,1963348.55644,0,False
ac6f01d5,e006_affine,-20,-10,0,8.06949833596,325844.484184,199,False
ac6f01d5,e006_quadratic,-20,-10,20,4.59461516814,105636.884671,4251,False
ac6f01d5,wide64_quadratic,-15,-10,20,5.05401526561,127817.523806,4800,False
ac6f01d5,pf_quadratic,-15,-10,20,4.61247389435,106459.676792,4800,False
ac6f01d5,trellis_quadratic,-20,-10,20,5.3353876958,142445.67477,4251,False
ac6f01d5,e006_hinge_025,-20,-60,120,5.80301420591,168509.569266,4499,False
ac6f01d5,e006_hinge_050,-20,-30,90,3.99250633283,79764.2945157,4703,True
ac6f01d5,e006_hinge_075,-20,-20,120,6.63206162797,220097.144152,4842,False
ac6f01d5,e006_jump_025,-20,10,-20,4.06909959481,82854.0878483,3734,False
ac6f01d5,e006_jump_050,-20,-10,0,8.06949833596,325844.484184,3830,False
ac6f01d5,e006_jump_075,-20,-20,10,5.80294960527,168505.817503,3647,False
ac6f01d5,dtw_derivative,0,0,0,57.8323536847,16736283.9881,0,False
ad2133a8,last_known_tvt,0,0,0,28.0881989154,4519876.895,0,False
ad2133a8,e004_geometry_prefix,0,0,0,31.4076223925,5651307.5664,0,False
ad2133a8,align_visible_path,0,0,0,40.3853309039,9343855.50126,0,False
ad2133a8,pf_gr_path,0,0,0,35.5002692255,7220081.76032,0,False
ad2133a8,trellis_gr_path,0,0,0,32.8740865237,6191362.18055,0,False
ad2133a8,e006_nested_fusion,0,0,0,33.3950884563,6389163.74418,0,False
ad2133a8,wide64_anchor,0,0,0,31.2260384882,5586150.13301,0,False
ad2133a8,e006_affine,-30,-10,0,13.9905230682,1121364.30095,149,False
ad2133a8,e006_quadratic,-30,-10,40,6.55605759531,246243.254645,3175,True
ad2133a8,wide64_quadratic,-30,-10,40,6.95622926361,277221.300379,3175,False
ad2133a8,pf_quadratic,-30,-10,40,6.94893154907,276639.94498,3175,False
ad2133a8,trellis_quadratic,-30,-10,40,7.99143950913,365871.730997,3175,False
ad2133a8,e006_hinge_025,-30,-60,120,11.6492328725,777451.805324,3321,False
ad2133a8,e006_hinge_050,-30,-40,120,8.28661850737,393399.237176,3467,False
ad2133a8,e006_hinge_075,-30,-20,120,8.83409035376,447097.761975,3602,False
ad2133a8,e006_jump_025,-30,20,-20,11.5672907948,766552.89736,2829,False
ad2133a8,e006_jump_050,-30,10,-10,12.9851599632,965991.778833,2882,False
ad2133a8,e006_jump_075,-30,-30,20,8.67072699552,430714.851488,2695,False
ad2133a8,dtw_derivative,0,0,0,38.6961542215,8578560.78192,0,False
add9c322,last_known_tvt,0,0,0,12.2967842038,594561.2657,0,False
add9c322,e004_geometry_prefix,0,0,0,9.16579698449,330334.532707,0,False
add9c322,align_visible_path,0,0,0,5.19395029674,106074.034601,0,False
add9c322,pf_gr_path,0,0,0,7.69147395355,232612.289845,0,False
add9c322,trellis_gr_path,0,0,0,7.76727833833,237219.969471,0,False
add9c322,e006_nested_fusion,0,0,0,8.95468597898,315292.928662,0,False
add9c322,wide64_anchor,0,0,0,13.2189627037,687081.513545,0,False
add9c322,e006_affine,-10,0,0,5.45583742999,117040.54923,250,False
add9c322,e006_quadratic,-10,0,0,5.45583742999,117040.54923,5376,False
add9c322,wide64_quadratic,-10,0,0,5.37392471414,113552.490788,5376,False
add9c322,pf_quadratic,-5,0,0,5.07179563561,101143.272332,5932,False
add9c322,trellis_quadratic,-5,0,0,4.69409383073,86639.7204181,5932,False
add9c322,e006_hinge_025,-10,-10,10,4.85306292903,92607.3282267,5824,False
add9c322,e006_hinge_050,-10,-10,20,4.6861862206,86348.0619684,5981,True
add9c322,e006_hinge_075,-10,-10,40,5.15863178334,104636.346737,6108,False
add9c322,e006_jump_025,-10,0,0,5.45583742999,117040.54923,4650,False
add9c322,e006_jump_050,-10,10,-10,4.72045019222,87615.3798678,4919,False
add9c322,e006_jump_075,-10,0,0,5.45583742999,117040.54923,4636,False
add9c322,dtw_derivative,0,0,0,9.18308587191,331581.888027,0,False
ae069086,last_known_tvt,0,0,0,14.5855174249,1014757.0095,0,False
ae069086,e004_geometry_prefix,0,0,0,17.6386511943,1484052.0161,0,False
ae069086,align_visible_path,0,0,0,17.6386511943,1484052.0161,0,False
ae069086,pf_gr_path,0,0,0,21.8053547611,2268008.57714,0,False
ae069086,trellis_gr_path,0,0,0,16.9133308701,1364509.83055,0,False
ae069086,e006_nested_fusion,0,0,0,18.8767260095,1699697.84367,0,False
ae069086,wide64_anchor,0,0,0,19.4762553245,1809377.96739,0,False
ae069086,e006_affine,-15,0,0,11.7628648815,660001.003351,225,False
ae069086,e006_quadratic,-15,0,30,8.51305561595,345691.99294,4826,False
ae069086,wide64_quadratic,-15,0,30,8.52598307029,346742.687492,4826,False
ae069086,pf_quadratic,-20,0,30,8.69247998978,360417.423938,4277,False
ae069086,trellis_quadratic,-10,0,30,8.78471589553,368106.783152,5379,False
ae069086,e006_hinge_025,-15,-50,110,10.3165019315,507672.111732,5125,False
ae069086,e006_hinge_050,-15,-30,110,6.3861027869,194531.612999,5321,True
ae069086,e006_hinge_075,-15,-10,100,9.96719311087,473875.35669,5489,False
ae069086,e006_jump_025,-15,20,-20,7.58014228942,274077.3175,4223,False
ae069086,e006_jump_050,-15,10,-10,11.711792622,654282.232229,4394,False
ae069086,e006_jump_075,-15,-30,20,6.87114465909,225204.239978,4098,False
ae069086,dtw_derivative,0,0,0,13.3304215909,847629.666799,0,False
ae0784a8,last_known_tvt,0,0,0,10.8773750984,925596.1521,0,False
ae0784a8,e004_geometry_prefix,0,0,0,8.15789015487,520629.816826,0,False
ae0784a8,align_visible_path,0,0,0,9.38878167629,689591.358738,0,False
ae0784a8,pf_gr_path,0,0,0,8.53944097527,570469.214127,0,False
ae0784a8,trellis_gr_path,0,0,0,9.59945224454,720885.4086,0,False
ae0784a8,e006_nested_fusion,0,0,0,7.80280925526,476294.219879,0,False
ae0784a8,wide64_anchor,0,0,0,9.96724650017,777183.779866,0,False
ae0784a8,e006_affine,5,10,0,6.03435601022,284862.43858,326,False
ae0784a8,e006_quadratic,5,10,10,4.93442636575,190478.812722,7074,False
ae0784a8,wide64_quadratic,5,10,10,5.18191248546,210064.893646,7074,False
ae0784a8,pf_quadratic,5,10,10,4.88702627376,186836.910837,7074,False
ae0784a8,trellis_quadratic,5,10,10,6.29111197797,309619.39744,7074,False
ae0784a8,e006_hinge_025,5,-10,40,5.43894396724,231420.858098,7671,False
ae0784a8,e006_hinge_050,5,0,30,4.78802506148,179343.714349,7875,False
ae0784a8,e006_hinge_075,5,0,90,4.26491541644,142296.485954,8013,True
ae0784a8,e006_jump_025,5,20,-10,5.90869770276,273122.118929,6102,False
ae0784a8,e006_jump_050,5,20,-10,5.80698574751,263800.036,6567,False
ae0784a8,e006_jump_075,5,0,10,4.29056814056,144013.411181,6066,False
ae0784a8,dtw_derivative,0,0,0,23.1235941901,4182962.85848,0,False
ae35f33a,last_known_tvt,0,0,0,5.09517294587,115525.5037,0,False
ae35f33a,e004_geometry_prefix,0,0,0,5.20580073646,120596.60782,0,False
ae35f33a,align_visible_path,0,0,0,5.20580073646,120596.60782,0,False
ae35f33a,pf_gr_path,0,0,0,5.20748437081,120674.625951,0,False
ae35f33a,trellis_gr_path,0,0,0,6.05455080338,163126.255166,0,False
ae35f33a,e006_nested_fusion,0,0,0,4.44800614869,88042.1762096,0,False
ae35f33a,wide64_anchor,0,0,0,4.50461467421,90297.4124658,0,False
ae35f33a,e006_affine,0,0,0,4.44800614869,88042.1762096,300,False
ae35f33a,e006_quadratic,0,0,-10,3.28953020858,48153.4900194,6489,False
ae35f33a,wide64_quadratic,0,0,-10,3.36568026667,50408.7262757,6489,False
ae35f33a,pf_quadratic,5,0,-10,3.62631489097,58518.2106137,7047,False
ae35f33a,trellis_quadratic,0,-10,-10,4.62875877448,95343.0646758,6464,False
ae35f33a,e006_hinge_025,0,20,-60,1.88148171731,15752.8818639,7121,True
ae35f33a,e006_hinge_050,0,0,-20,2.42391615523,26145.3943976,7247,False
ae35f33a,e006_hinge_075,0,0,-60,2.32617438366,24079.3383212,7373,False
ae35f33a,e006_jump_025,0,-20,10,3.86298481605,66405.8000163,5546,False
ae35f33a,e006_jump_050,0,0,0,4.44800614869,88042.1762096,5974,False
ae35f33a,e006_jump_075,0,0,0,4.44800614869,88042.1762096,5589,False
ae35f33a,dtw_derivative,0,0,0,7.92473823218,279466.568416,0,False
ae8959c3,last_known_tvt,0,0,0,19.7680097667,1765517.8814,0,False
ae8959c3,e004_geometry_prefix,0,0,0,24.1116834159,2626644.46616,0,False
ae8959c3,align_visible_path,0,0,0,44.7682153658,9054944.4576,0,False
ae8959c3,pf_gr_path,0,0,0,23.577818145,2511617.2313,0,False
ae8959c3,trellis_gr_path,0,0,0,22.0260037643,2191884.39536,0,False
ae8959c3,e006_nested_fusion,0,0,0,23.1591774336,2423218.0023,0,False
ae8959c3,wide64_anchor,0,0,0,19.8809702961,1785752.96325,0,False
ae8959c3,e006_affine,20,10,0,4.42126876691,88316.1359069,401,False
ae8959c3,e006_quadratic,20,10,0,4.42126876691,88316.1359069,8731,False
ae8959c3,wide64_quadratic,20,10,0,4.85388749893,106445.091364,8731,False
ae8959c3,pf_quadratic,20,10,0,4.25831431894,81925.9821101,8731,False
ae8959c3,trellis_quadratic,20,10,0,4.46230994243,89963.3648807,8731,False
ae8959c3,e006_hinge_025,20,40,-60,2.96746614393,39784.8543148,9611,True
ae8959c3,e006_hinge_050,20,20,-20,3.26984832015,48306.0405102,9777,False
ae8959c3,e006_hinge_075,20,20,-40,3.62957858694,59519.4123673,9924,False
ae8959c3,e006_jump_025,20,10,0,4.42126876691,88316.1359069,7486,False
ae8959c3,e006_jump_050,20,10,0,4.42126876691,88316.1359069,8118,False
ae8959c3,e006_jump_075,20,10,0,4.42126876691,88316.1359069,7511,False
ae8959c3,dtw_derivative,0,0,0,11.0206026308,548727.736841,0,False
aed44918,last_known_tvt,0,0,0,9.48870438591,244806.5542,0,False
aed44918,e004_geometry_prefix,0,0,0,8.22661544708,184014.311461,0,False
aed44918,align_visible_path,0,0,0,5.41990259334,79871.5606657,0,False
aed44918,pf_gr_path,0,0,0,8.898418393,215295.449869,0,False
aed44918,trellis_gr_path,0,0,0,9.33696388365,237039.414321,0,False
aed44918,e006_nested_fusion,0,0,0,8.72763533216,207110.630677,0,False
aed44918,wide64_anchor,0,0,0,10.299920408,288454.251959,0,False
aed44918,e006_affine,5,0,0,5.18476348622,73091.5391775,325,False
aed44918,e006_quadratic,5,0,-10,3.7090006739,37404.4292312,7047,False
aed44918,wide64_quadratic,10,0,-10,2.90806581147,22994.1663509,7603,True
aed44918,pf_quadratic,10,0,-10,3.79831748297,39227.5994923,7603,False
aed44918,trellis_quadratic,5,0,-10,5.32845100567,77198.9087359,7047,False
aed44918,e006_hinge_025,5,20,-40,4.2233777694,48498.58489,7738,False
aed44918,e006_hinge_050,5,20,-60,3.28990385851,29429.0078558,7916,False
aed44918,e006_hinge_075,5,10,-80,3.1067655843,26243.7673242,8021,False
aed44918,e006_jump_025,5,-10,10,4.13968350251,46595.447263,6038,False
aed44918,e006_jump_050,5,0,0,5.18476348622,73091.5391775,6518,False
aed44918,e006_jump_075,5,10,-10,4.53160128321,55835.7803066,6086,False
aed44918,dtw_derivative,0,0,0,26.2493961854,1873474.74546,0,False
aee6393a,last_known_tvt,0,0,0,4.66568372671,127672.8662,0,False
aee6393a,e004_geometry_prefix,0,0,0,4.01388129716,94492.4405918,0,False
aee6393a,align_visible_path,0,0,0,10.1966167477,609789.874532,0,False
aee6393a,pf_gr_path,0,0,0,5.73823280952,193118.707028,0,False
aee6393a,trellis_gr_path,0,0,0,5.12007030854,153751.678591,0,False
aee6393a,e006_nested_fusion,0,0,0,4.06457986421,96894.5475563,0,False
aee6393a,wide64_anchor,0,0,0,4.55641345071,121762.699226,0,False
aee6393a,e006_affine,0,10,0,3.87719215608,88166.310524,301,False
aee6393a,e006_quadratic,0,10,0,3.87719215608,88166.310524,6515,False
aee6393a,wide64_quadratic,0,10,0,4.39006982592,113034.462194,6515,False
aee6393a,pf_quadratic,-5,10,0,3.73843244155,81968.5193092,5957,False
aee6393a,trellis_quadratic,0,0,10,4.6857094903,128771.197652,6491,False
aee6393a,e006_hinge_025,0,0,10,2.73044304162,43725.4471288,7078,False
aee6393a,e006_hinge_050,0,0,20,2.26240263778,30019.8013036,7251,True
aee6393a,e006_hinge_075,0,0,50,2.82241549716,46720.7614843,7384,False
aee6393a,e006_jump_025,0,10,0,3.87719215608,88166.310524,5611,False
aee6393a,e006_jump_050,0,10,0,3.87719215608,88166.310524,5999,False
aee6393a,e006_jump_075,0,10,0,3.87719215608,88166.310524,5611,False
aee6393a,dtw_derivative,0,0,0,12.6094473285,932524.219716,0,False
af7a59ce,last_known_tvt,0,0,0,4.1150597283,51207.5589,0,False
af7a59ce,e004_geometry_prefix,0,0,0,3.94841779,47144.1692062,0,False
af7a59ce,align_visible_path,0,0,0,7.11115393872,152919.175269,0,False
af7a59ce,pf_gr_path,0,0,0,4.0686306355,50058.5558704,0,False
af7a59ce,trellis_gr_path,0,0,0,5.74375231784,99763.8486428,0,False
af7a59ce,e006_nested_fusion,0,0,0,7.72580828626,180496.855756,0,False
af7a59ce,wide64_anchor,0,0,0,11.8375669718,423747.047239,0,False
af7a59ce,e006_affine,-5,0,0,3.52078092514,37485.1965283,275,False
af7a59ce,e006_quadratic,-5,0,0,3.52078092514,37485.1965283,5932,False
af7a59ce,wide64_quadratic,-10,0,0,3.12020807227,29440.7520047,5376,False
af7a59ce,pf_quadratic,-5,0,0,4.06788688988,50040.2561367,5932,False
af7a59ce,trellis_quadratic,0,0,0,5.74375231784,99763.8486428,6490,False
af7a59ce,e006_hinge_025,-5,-20,40,2.78922861027,23526.1038308,6416,True
af7a59ce,e006_hinge_050,-5,-10,30,2.88999234797,25256.6166524,6604,False
af7a59ce,e006_hinge_075,-5,-10,60,3.46515693499,36310.1132544,6735,False
af7a59ce,e006_jump_025,-5,0,0,3.52078092514,37485.1965283,5119,False
af7a59ce,e006_jump_050,-5,0,0,3.52078092514,37485.1965283,5430,False
af7a59ce,e006_jump_075,-5,0,0,3.52078092514,37485.1965283,5113,False
af7a59ce,dtw_derivative,0,0,0,70.9929303585,15240948.3905,0,False
aff4e561,last_known_tvt,0,0,0,10.8519342531,709648.7386,0,False
aff4e561,e004_geometry_prefix,0,0,0,5.40245982978,175878.284152,0,False
aff4e561,align_visible_path,0,0,0,5.40245982978,175878.284152,0,False
aff4e561,pf_gr_path,0,0,0,10.0978586313,614451.629101,0,False
aff4e561,trellis_gr_path,0,0,0,6.54411722234,258066.283544,0,False
aff4e561,e006_nested_fusion,0,0,0,8.28607692544,413739.560727,0,False
aff4e561,wide64_anchor,0,0,0,14.3151223034,1234864.35025,0,False
aff4e561,e006_affine,5,0,0,4.91130330692,145352.54444,325,False
aff4e561,e006_quadratic,5,0,0,4.91130330692,145352.54444,7048,False
aff4e561,wide64_quadratic,15,0,0,4.72215542435,134372.278658,8157,False
aff4e561,pf_quadratic,10,0,0,5.10168521587,156839.859244,7604,False
aff4e561,trellis_quadratic,5,0,0,6.29131650029,238513.077087,7048,False
aff4e561,e006_hinge_025,5,20,-40,4.35333249581,114201.762014,7738,False
aff4e561,e006_hinge_050,5,0,10,4.62831975083,129085.017232,7873,False
aff4e561,e006_hinge_075,5,0,40,4.24801350421,108742.898479,8008,True
aff4e561,e006_jump_025,5,0,0,4.91130330692,145352.54444,6059,False
aff4e561,e006_jump_050,5,0,0,4.91130330692,145352.54444,6518,False
aff4e561,e006_jump_075,5,0,0,4.91130330692,145352.54444,6065,False
aff4e561,dtw_derivative,0,0,0,35.7055665815,7682471.98405,0,False
b04b58a3,last_known_tvt,0,0,0,13.0586673675,580138.9552,0,False
b04b58a3,e004_geometry_prefix,0,0,0,12.7398270571,552155.464095,0,False
b04b58a3,align_visible_path,0,0,0,18.7278280498,1193188.71086,0,False
b04b58a3,pf_gr_path,0,0,0,15.2929092043,795636.190708,0,False
b04b58a3,trellis_gr_path,0,0,0,14.2615209686,691936.115114,0,False
b04b58a3,e006_nested_fusion,0,0,0,13.1682222695,589913.868471,0,False
b04b58a3,wide64_anchor,0,0,0,12.4268213734,525356.875897,0,False
b04b58a3,e006_affine,5,-10,0,11.4741429093,447893.56062,324,False
b04b58a3,e006_quadratic,5,-10,-30,7.02946286931,168104.210682,7020,False
b04b58a3,wide64_quadratic,5,-10,-30,7.21890364793,177286.962726,7020,False
b04b58a3,pf_quadratic,10,-10,-30,7.08774391325,170903.259079,7576,False
b04b58a3,trellis_quadratic,5,-10,-30,9.25502337369,291399.866917,7020,False
b04b58a3,e006_hinge_025,5,40,-110,7.84327568415,209280.743703,7781,False
b04b58a3,e006_hinge_050,5,20,-110,5.8858955379,117858.092895,7911,False
b04b58a3,e006_hinge_075,5,0,-90,10.2821284588,359666.807517,7995,False
b04b58a3,e006_jump_025,5,-30,20,4.7497815927,76750.5664566,5995,True
b04b58a3,e006_jump_050,5,10,-10,10.8305731733,399059.074524,6542,False
b04b58a3,e006_jump_075,5,20,-20,8.66878460731,255652.905984,6107,False
b04b58a3,dtw_derivative,0,0,0,62.2581214456,13186402.6796,0,False
b0d42b0d,last_known_tvt,0,0,0,19.7972430192,1948288.1617,0,False
b0d42b0d,e004_geometry_prefix,0,0,0,13.9631691858,969196.335841,0,False
b0d42b0d,align_visible_path,0,0,0,13.9631691858,969196.335841,0,False
b0d42b0d,pf_gr_path,0,0,0,13.530958578,910124.681832,0,False
b0d42b0d,trellis_gr_path,0,0,0,13.7883743071,945082.871455,0,False
b0d42b0d,e006_nested_fusion,0,0,0,13.5706917438,915477.625468,0,False
b0d42b0d,wide64_anchor,0,0,0,17.6217911632,1543632.32081,0,False
b0d42b0d,e006_affine,10,0,0,8.09396628005,325661.594298,350,False
b0d42b0d,e006_quadratic,10,0,-20,4.40684729123,96538.3264527,7602,False
b0d42b0d,wide64_quadratic,15,0,-20,4.36050396093,94518.5681174,8155,False
b0d42b0d,pf_quadratic,10,0,-20,4.23704844654,89242.2728851,7602,True
b0d42b0d,trellis_quadratic,10,-10,-20,4.69093410682,109386.172951,7577,False
b0d42b0d,e006_hinge_025,10,40,-110,4.82986447341,115961.454023,8395,False
b0d42b0d,e006_hinge_050,10,20,-90,4.70837464,110201.063792,8535,False
b0d42b0d,e006_hinge_075,10,0,-90,5.60060714673,155924.364848,8620,False
b0d42b0d,e006_jump_025,10,-20,10,6.67081867638,221208.614233,6485,False
b0d42b0d,e006_jump_050,10,0,0,8.09396628005,325661.594298,7053,False
b0d42b0d,e006_jump_075,10,10,-10,5.68973907995,160926.833196,6563,False
b0d42b0d,dtw_derivative,0,0,0,7.68354238184,293472.049785,0,False
b0f53bf4,last_known_tvt,0,0,0,9.23132802255,234773.984,0,False
b0f53bf4,e004_geometry_prefix,0,0,0,8.88397536891,217438.425569,0,False
b0f53bf4,align_visible_path,0,0,0,17.6110245587,854458.252447,0,False
b0f53bf4,pf_gr_path,0,0,0,9.14409272322,230357.759418,0,False
b0f53bf4,trellis_gr_path,0,0,0,9.15329743407,230821.76254,0,False
b0f53bf4,e006_nested_fusion,0,0,0,11.9187894876,391368.530548,0,False
b0f53bf4,wide64_anchor,0,0,0,11.6481432506,373796.309468,0,False
b0f53bf4,e006_affine,-10,0,0,6.05008659469,100842.774198,250,False
b0f53bf4,e006_quadratic,-10,0,10,4.38669599783,53014.7453967,5377,False
b0f53bf4,wide64_quadratic,-10,0,10,4.3784187031,52814.8661859,5377,False
b0f53bf4,pf_quadratic,-5,0,10,4.71013405364,61120.6745229,5933,False
b0f53bf4,trellis_quadratic,-5,0,20,6.63329252054,121221.569422,5934,False
b0f53bf4,e006_hinge_025,-10,-20,40,5.43321031712,81326.9783344,5802,False
b0f53bf4,e006_hinge_050,-10,-20,70,4.09402740483,46176.7213786,5961,False
b0f53bf4,e006_hinge_075,-10,-10,100,2.75813305272,20958.105815,6114,True
b0f53bf4,e006_jump_025,-10,10,-10,5.5250138576,84098.5187391,4671,False
b0f53bf4,e006_jump_050,-10,10,-10,5.06966103134,70807.5304897,4919,False
b0f53bf4,e006_jump_075,-10,-10,10,3.37545043465,31389.5488293,4615,False
b0f53bf4,dtw_derivative,0,0,0,8.58946522028,203260.904682,0,False
b19b0395,last_known_tvt,0,0,0,10.0452377359,586571.2352,0,False
b19b0395,e004_geometry_prefix,0,0,0,5.90213494656,202496.999739,0,False
b19b0395,align_visible_path,0,0,0,19.5873445559,2230239.22003,0,False
b19b0395,pf_gr_path,0,0,0,8.67597673337,437559.462652,0,False
b19b0395,trellis_gr_path,0,0,0,6.51541299909,246765.375868,0,False
b19b0395,e006_nested_fusion,0,0,0,5.98881353117,208488.404102,0,False
b19b0395,wide64_anchor,0,0,0,7.41000544139,319181.254068,0,False
b19b0395,e006_affine,0,0,0,5.98881353117,208488.404102,300,False
b19b0395,e006_quadratic,0,0,-10,5.52239549763,177278.200864,6489,False
b19b0395,wide64_quadratic,-5,0,-10,5.03895151091,147598.07093,5931,False
b19b0395,pf_quadratic,5,0,-10,5.23144223153,159090.113208,7047,False
b19b0395,trellis_quadratic,0,0,0,6.51541299909,246765.375868,6490,False
b19b0395,e006_hinge_025,0,30,-80,4.87542740098,138173.802885,7144,True
b19b0395,e006_hinge_050,0,0,-10,5.6224933114,183763.061617,7248,False
b19b0395,e006_hinge_075,0,0,-30,5.63642824685,184675.076819,7376,False
b19b0395,e006_jump_025,0,-10,10,5.37366665847,167857.89328,5568,False
b19b0395,e006_jump_050,0,0,0,5.98881353117,208488.404102,5974,False
b19b0395,e006_jump_075,0,0,0,5.98881353117,208488.404102,5589,False
b19b0395,dtw_derivative,0,0,0,50.8886406045,15053657.2056,0,False
b1efb8a4,last_known_tvt,0,0,0,8.50670692577,434039.6482,0,False
b1efb8a4,e004_geometry_prefix,0,0,0,8.25781427988,409012.597092,0,False
b1efb8a4,align_visible_path,0,0,0,7.49462930148,336904.471263,0,False
b1efb8a4,pf_gr_path,0,0,0,8.96505445493,482072.463876,0,False
b1efb8a4,trellis_gr_path,0,0,0,10.4650977814,656890.592907,0,False
b1efb8a4,e006_nested_fusion,0,0,0,8.37440436051,420643.629063,0,False
b1efb8a4,wide64_anchor,0,0,0,10.3323387108,640329.824958,0,False
b1efb8a4,e006_affine,5,10,0,5.55084801451,184809.858254,326,False
b1efb8a4,e006_quadratic,5,10,0,5.55084801451,184809.858254,7073,False
b1efb8a4,wide64_quadratic,10,10,0,5.70762138774,195396.497551,7629,False
b1efb8a4,pf_quadratic,5,10,0,5.67097504755,192895.428024,7073,False
b1efb8a4,trellis_quadratic,5,10,0,6.13344498361,225639.645907,7073,False
b1efb8a4,e006_hinge_025,5,0,10,5.05661430308,153364.950564,7693,False
b1efb8a4,e006_hinge_050,5,10,-10,5.07870346383,154707.786783,7896,False
b1efb8a4,e006_hinge_075,5,10,-60,4.01912050038,96887.6709201,8023,False
b1efb8a4,e006_jump_025,5,10,0,5.55084801451,184809.858254,6081,False
b1efb8a4,e006_jump_050,5,-10,10,3.02694007499,54955.8725729,6494,True
b1efb8a4,e006_jump_075,5,10,0,5.55084801451,184809.858254,6087,False
b1efb8a4,dtw_derivative,0,0,0,23.7502437743,3383316.32786,0,False
b32902c0,last_known_tvt,0,0,0,5.15541641721,101210.2366,0,False
b32902c0,e004_geometry_prefix,0,0,0,5.52161017382,116098.985296,0,False
b32902c0,align_visible_path,0,0,0,13.0022806845,643777.825818,0,False
b32902c0,pf_gr_path,0,0,0,16.5331269161,1040895.03965,0,False
b32902c0,trellis_gr_path,0,0,0,7.7292041315,227492.191497,0,False
b32902c0,e006_nested_fusion,0,0,0,9.77782674741,364067.251596,0,False
b32902c0,wide64_anchor,0,0,0,6.96911171529,184948.916925,0,False
b32902c0,e006_affine,10,10,0,4.00389547392,61046.7295027,351,False
b32902c0,e006_quadratic,10,10,10,3.93197447253,58873.2917461,7630,False
b32902c0,wide64_quadratic,5,10,10,3.49585529935,46537.5842755,7074,False
b32902c0,pf_quadratic,15,10,10,3.19361891549,38838.5603683,8183,True
b32902c0,trellis_quadratic,5,10,0,4.70535306945,84310.4433112,7073,False
b32902c0,e006_hinge_025,10,0,20,3.66514168384,51153.8676465,8308,False
b32902c0,e006_hinge_050,10,0,30,3.8920728332,57684.4634154,8497,False
b32902c0,e006_hinge_075,10,10,10,3.96080982055,59739.9589668,8655,False
b32902c0,e006_jump_025,10,10,0,4.00389547392,61046.7295027,6550,False
b32902c0,e006_jump_050,10,10,0,4.00389547392,61046.7295027,7078,False
b32902c0,e006_jump_075,10,10,0,4.00389547392,61046.7295027,6564,False
b32902c0,dtw_derivative,0,0,0,11.1799349748,475965.522521,0,False
b32e4903,last_known_tvt,0,0,0,5.86395870538,198407.2875,0,False
b32e4903,e004_geometry_prefix,0,0,0,7.11138850975,291799.554517,0,False
b32e4903,align_visible_path,0,0,0,7.11138850975,291799.554517,0,False
b32e4903,pf_gr_path,0,0,0,9.69953260728,542846.982254,0,False
b32e4903,trellis_gr_path,0,0,0,7.95220145024,364880.420613,0,False
b32e4903,e006_nested_fusion,0,0,0,8.72595413912,439340.930432,0,False
b32e4903,wide64_anchor,0,0,0,10.1920273382,599372.720682,0,False
b32e4903,e006_affine,5,0,0,5.84184792306,196913.869891,325,False
b32e4903,e006_quadratic,5,0,0,5.84184792306,196913.869891,7048,False
b32e4903,wide64_quadratic,10,0,0,5.78039088975,192792.541697,7604,False
b32e4903,pf_quadratic,10,10,0,6.04786708697,211047.537661,7629,False
b32e4903,trellis_quadratic,5,0,-10,6.068106146,212462.433389,7047,False
b32e4903,e006_hinge_025,5,20,-40,5.01796548896,145288.471031,7738,False
b32e4903,e006_hinge_050,5,10,-20,4.85841309,136196.105635,7895,False
b32e4903,e006_hinge_075,5,0,30,5.49680118473,174339.530236,8007,False
b32e4903,e006_jump_025,5,-10,10,5.49351121239,174130.899592,6038,False
b32e4903,e006_jump_050,5,20,-10,4.62034505848,123175.585411,6567,True
b32e4903,e006_jump_075,5,0,0,5.84184792306,196913.869891,6065,False
b32e4903,dtw_derivative,0,0,0,21.7894878127,2739490.86565,0,False
b3388334,last_known_tvt,0,0,0,14.2301066185,1231175.281,0,False
b3388334,e004_geometry_prefix,0,0,0,14.0638352112,1202572.08195,0,False
b3388334,align_visible_path,0,0,0,25.6113222083,3988114.13756,0,False
b3388334,pf_gr_path,0,0,0,18.4244662546,2063922.61715,0,False
b3388334,trellis_gr_path,0,0,0,13.5685204686,1119356.86605,0,False
b3388334,e006_nested_fusion,0,0,0,15.1077084192,1387716.55037,0,False
b3388334,wide64_anchor,0,0,0,16.379268422,1631145.03897,0,False
b3388334,e006_affine,-5,20,0,9.01085181397,493668.338513,277,False
b3388334,e006_quadratic,-5,20,20,6.27866831599,239683.788999,5984,False
b3388334,wide64_quadratic,-10,20,20,5.83882642786,207278.715852,5428,False
b3388334,pf_quadratic,-15,20,20,6.21549581198,234884.920187,4875,False
b3388334,trellis_quadratic,-5,20,20,7.75109565737,365283.26205,5984,False
b3388334,e006_hinge_025,-5,-30,110,5.60536344915,191034.204334,6398,True
b3388334,e006_hinge_050,-5,0,70,6.74347695736,276484.847364,6633,False
b3388334,e006_hinge_075,-5,10,90,7.70777783324,361211.82189,6788,False
b3388334,e006_jump_025,-5,30,-10,7.91213136273,380619.082023,5184,False
b3388334,e006_jump_050,-5,20,0,9.01085181397,493668.338513,5480,False
b3388334,e006_jump_075,-5,10,10,7.21465677588,316471.736154,5136,False
b3388334,dtw_derivative,0,0,0,63.6781755414,24653853.0449,0,False
b37fd114,last_known_tvt,0,0,0,24.9787702005,5091965.8585,0,False
b37fd114,e004_geometry_prefix,0,0,0,22.4001884203,4094932.24915,0,False
b37fd114,align_visible_path,0,0,0,19.7387767268,3179683.16172,0,False
b37fd114,pf_gr_path,0,0,0,16.1799216017,2136467.07226,0,False
b37fd114,trellis_gr_path,0,0,0,23.6219030035,4553791.49461,0,False
b37fd114,e006_nested_fusion,0,0,0,18.75673326,2871162.56254,0,False
b37fd114,wide64_anchor,0,0,0,17.552020116,2514187.10026,0,False
b37fd114,e006_affine,15,10,0,10.6825737997,931311.96255,376,False
b37fd114,e006_quadratic,15,10,-20,7.79603762991,496010.912455,8180,False
b37fd114,wide64_quadratic,10,10,-20,7.88803120447,507785.877104,7627,False
b37fd114,pf_quadratic,10,10,-20,7.52634668611,462287.144521,7627,False
b37fd114,trellis_quadratic,20,10,-20,7.89676041223,508910.370892,8729,False
b37fd114,e006_hinge_025,15,60,-110,8.27533722158,558875.123234,9054,False
b37fd114,e006_hinge_050,15,40,-110,6.95920173153,395241.218608,9202,True
b37fd114,e006_hinge_075,15,20,-100,9.28115465599,702987.166899,9294,False
b37fd114,e006_jump_025,15,0,10,8.22354310919,551901.182614,6998,False
b37fd114,e006_jump_050,15,30,-10,10.2116341732,851008.45296,7652,False
b37fd114,e006_jump_075,15,20,-10,8.67574314174,614266.384061,7060,False
b37fd114,dtw_derivative,0,0,0,9.81211614268,785721.682914,0,False
b38e3116,last_known_tvt,0,0,0,6.4044389392,254755.5816,0,False
b38e3116,e004_geometry_prefix,0,0,0,5.39202534578,180578.224754,0,False
b38e3116,align_visible_path,0,0,0,5.39202534578,180578.224754,0,False
b38e3116,pf_gr_path,0,0,0,8.74677608008,475179.336139,0,False
b38e3116,trellis_gr_path,0,0,0,6.48893888627,261522.402399,0,False
b38e3116,e006_nested_fusion,0,0,0,6.68055709737,277195.955688,0,False
b38e3116,wide64_anchor,0,0,0,5.41910408464,182396.505877,0,False
b38e3116,e006_affine,-5,0,0,5.51209475334,188709.984207,275,False
b38e3116,e006_quadratic,-5,0,0,5.51209475334,188709.984207,5932,False
b38e3116,wide64_quadratic,0,0,0,5.41910408464,182396.505877,6490,False
b38e3116,pf_quadratic,-5,0,0,5.72525185158,203587.317933,5932,False
b38e3116,trellis_quadratic,0,0,-10,6.47492188796,260393.77417,6489,False
b38e3116,e006_hinge_025,-5,0,0,5.51209475334,188709.984207,6462,False
b38e3116,e006_hinge_050,-5,0,0,5.51209475334,188709.984207,6626,False
b38e3116,e006_hinge_075,-5,10,-90,4.41320904809,120968.007989,6770,True
b38e3116,e006_jump_025,-5,0,0,5.51209475334,188709.984207,5119,False
b38e3116,e006_jump_050,-5,-10,10,5.4476325635,184321.987097,5406,False
b38e3116,e006_jump_075,-5,0,0,5.51209475334,188709.984207,5113,False
b38e3116,dtw_derivative,0,0,0,41.1575168634,10521068.7582,0,False
b4d8dd4f,last_known_tvt,0,0,0,17.0984188245,1245143.8901,0,False
b4d8dd4f,e004_geometry_prefix,0,0,0,16.7666914089,1197298.34588,0,False
b4d8dd4f,align_visible_path,0,0,0,18.6297947924,1478167.95281,0,False
b4d8dd4f,pf_gr_path,0,0,0,16.748707202,1194731.24272,0,False
b4d8dd4f,trellis_gr_path,0,0,0,17.91295959,1366602.88251,0,False
b4d8dd4f,e006_nested_fusion,0,0,0,16.7020207426,1188079.97924,0,False
b4d8dd4f,wide64_anchor,0,0,0,17.3512737097,1282243.07252,0,False
b4d8dd4f,e006_affine,0,20,0,11.4953558702,562797.916835,302,False
b4d8dd4f,e006_quadratic,0,20,30,6.47707167246,178675.51628,6543,False
b4d8dd4f,wide64_quadratic,5,20,30,6.40259796419,174590.297283,7101,False
b4d8dd4f,pf_quadratic,0,20,30,6.48606873998,179172.244513,6543,False
b4d8dd4f,trellis_quadratic,5,20,30,8.18519311307,285341.868245,7101,False
b4d8dd4f,e006_hinge_025,0,-30,120,8.67182052249,320278.806731,7014,False
b4d8dd4f,e006_hinge_050,0,-10,120,6.78637249056,196147.612882,7236,False
b4d8dd4f,e006_hinge_075,0,10,120,8.38002475298,299087.486491,7416,False
b4d8dd4f,e006_jump_025,0,40,-20,8.97891325259,343364.341538,5674,False
b4d8dd4f,e006_jump_050,0,20,0,11.4953558702,562797.916835,6024,False
b4d8dd4f,e006_jump_075,0,0,20,4.62522147067,91111.3970871,5591,True
b4d8dd4f,dtw_derivative,0,0,0,35.1527296434,5262907.63549,0,False
b4f37e6e,last_known_tvt,0,0,0,14.9489526364,668625.7853,0,False
b4f37e6e,e004_geometry_prefix,0,0,0,13.567062234,550723.01156,0,False
b4f37e6e,align_visible_path,0,0,0,14.7413396599,650182.828145,0,False
b4f37e6e,pf_gr_path,0,0,0,10.028904403,300932.139187,0,False
b4f37e6e,trellis_gr_path,0,0,0,14.514322216,630311.323776,0,False
b4f37e6e,e006_nested_fusion,0,0,0,11.9070574315,424199.8259,0,False
b4f37e6e,wide64_anchor,0,0,0,11.1739007262,373569.323856,0,False
b4f37e6e,e006_affine,5,20,0,4.71296055693,66458.2956559,327,False
b4f37e6e,e006_quadratic,5,20,10,4.16787989445,51974.6986613,7099,False
b4f37e6e,wide64_quadratic,5,20,10,3.85548034276,44475.2681909,7099,False
b4f37e6e,pf_quadratic,0,20,10,4.1877934054,52472.5399101,6541,False
b4f37e6e,trellis_quadratic,10,20,10,6.23372630901,116267.156337,7655,False
b4f37e6e,e006_hinge_025,5,10,10,4.12554428632,50924.1860499,7718,False
b4f37e6e,e006_hinge_050,5,10,30,3.49086310767,36460.8867076,7900,False
b4f37e6e,e006_hinge_075,5,10,70,2.88397051016,24885.3194231,8036,True
b4f37e6e,e006_jump_025,5,20,0,4.71296055693,66458.2956559,6103,False
b4f37e6e,e006_jump_050,5,30,-10,3.65689137141,40011.5806708,6592,False
b4f37e6e,e006_jump_075,5,20,0,4.71296055693,66458.2956559,6109,False
b4f37e6e,dtw_derivative,0,0,0,9.07926833655,246639.875673,0,False
b56bc0aa,last_known_tvt,0,0,0,8.78852815409,432688.5483,0,False
b56bc0aa,e004_geometry_prefix,0,0,0,10.2916996132,593358.691358,0,False
b56bc0aa,align_visible_path,0,0,0,29.7907383322,4971708.28229,0,False
b56bc0aa,pf_gr_path,0,0,0,7.12522426288,284406.934101,0,False
b56bc0aa,trellis_gr_path,0,0,0,7.16494975813,287587.101215,0,False
b56bc0aa,e006_nested_fusion,0,0,0,9.37708570733,492582.383103,0,False
b56bc0aa,wide64_anchor,0,0,0,12.192502698,832777.197675,0,False
b56bc0aa,e006_affine,10,0,0,4.10259054355,94288.6578391,350,False
b56bc0aa,e006_quadratic,10,0,-10,3.46308570524,67184.5764954,7603,False
b56bc0aa,wide64_quadratic,10,0,-10,3.51799678406,69332.0402896,7603,False
b56bc0aa,pf_quadratic,5,0,-10,3.38374455585,64141.3718824,7047,False
b56bc0aa,trellis_quadratic,5,0,-10,4.32369422483,104725.646462,7047,False
b56bc0aa,e006_hinge_025,10,20,-50,3.28459047002,60437.3705812,8351,True
b56bc0aa,e006_hinge_050,10,10,-40,3.93895563532,86917.1111263,8515,False
b56bc0aa,e006_hinge_075,10,0,-20,3.88570598169,84582.9788882,8627,False
b56bc0aa,e006_jump_025,10,0,0,4.10259054355,94288.6578391,6528,False
b56bc0aa,e006_jump_050,10,0,0,4.10259054355,94288.6578391,7053,False
b56bc0aa,e006_jump_075,10,0,0,4.10259054355,94288.6578391,6542,False
b56bc0aa,dtw_derivative,0,0,0,47.653739167,12721463.3547,0,False
b585b4fa,last_known_tvt,0,0,0,9.97381781362,427154.4174,0,False
b585b4fa,e004_geometry_prefix,0,0,0,9.17316057093,361326.680649,0,False
b585b4fa,align_visible_path,0,0,0,9.17316057093,361326.680649,0,False
b585b4fa,pf_gr_path,0,0,0,9.74812760835,408041.609084,0,False
b585b4fa,trellis_gr_path,0,0,0,9.43395163341,382163.610052,0,False
b585b4fa,e006_nested_fusion,0,0,0,9.40140047323,379530.904704,0,False
b585b4fa,wide64_anchor,0,0,0,10.0998901748,438021.413948,0,False
b585b4fa,e006_affine,0,10,0,7.89200703837,267446.530252,301,False
b585b4fa,e006_quadratic,0,10,-10,7.60033912578,248043.574827,6514,False
b585b4fa,wide64_quadratic,5,10,-10,7.70150696683,254690.921851,7072,False
b585b4fa,pf_quadratic,0,10,-10,7.56733807533,245894.216216,6514,False
b585b4fa,trellis_quadratic,0,10,-10,7.50439489546,241820.658156,6514,False
b585b4fa,e006_hinge_025,0,0,20,7.84875726167,264523.241433,7079,False
b585b4fa,e006_hinge_050,0,10,-10,7.78735175356,260400.386451,7273,False
b585b4fa,e006_hinge_075,0,20,-120,6.07290324482,158363.380507,7417,True
b585b4fa,e006_jump_025,0,10,0,7.89200703837,267446.530252,5611,False
b585b4fa,e006_jump_050,0,-10,10,7.59329491127,247583.999955,5950,False
b585b4fa,e006_jump_075,0,10,0,7.89200703837,267446.530252,5611,False
b585b4fa,dtw_derivative,0,0,0,21.456066556,1976797.82909,0,False
b5aa9634,last_known_tvt,0,0,0,11.4786621755,965271.4548,0,False
b5aa9634,e004_geometry_prefix,0,0,0,12.8128287821,1202699.02733,0,False
b5aa9634,align_visible_path,0,0,0,12.8128287821,1202699.02733,0,False
b5aa9634,pf_gr_path,0,0,0,9.03888257282,598544.442958,0,False
b5aa9634,trellis_gr_path,0,0,0,14.2512362531,1487894.00472,0,False
b5aa9634,e006_nested_fusion,0,0,0,9.0402102923,598720.295997,0,False
b5aa9634,wide64_anchor,0,0,0,9.46974534501,656966.939365,0,False
b5aa9634,e006_affine,-5,0,0,8.87005537707,576394.166406,275,False
b5aa9634,e006_quadratic,-5,0,-20,6.42301615637,302235.130329,5930,False
b5aa9634,wide64_quadratic,-5,0,-20,6.12228316681,274595.704705,5930,False
b5aa9634,pf_quadratic,5,0,-20,6.23131018957,284462.914647,7046,False
b5aa9634,trellis_quadratic,-10,-10,-20,8.81170805754,568836.053078,5349,False
b5aa9634,e006_hinge_025,-5,20,-50,8.29992071825,504678.498466,6507,False
b5aa9634,e006_hinge_050,-5,20,-90,6.71785930189,330619.695754,6667,False
b5aa9634,e006_hinge_075,-5,10,-120,4.90183761124,176029.21567,6767,True
b5aa9634,e006_jump_025,-5,-10,10,8.15219727037,486873.654774,5098,False
b5aa9634,e006_jump_050,-5,-20,10,7.76321513741,441519.77291,5381,False
b5aa9634,e006_jump_075,-5,10,-10,6.70191491276,329052.150785,5134,False
b5aa9634,dtw_derivative,0,0,0,24.3517471012,4344373.5815,0,False
b7974e66,last_known_tvt,0,0,0,6.97296399275,270242.3368,0,False
b7974e66,e004_geometry_prefix,0,0,0,7.36529489706,301507.988061,0,False
b7974e66,align_visible_path,0,0,0,12.6046100135,883033.883994,0,False
b7974e66,pf_gr_path,0,0,0,11.4556286416,729384.274453,0,False
b7974e66,trellis_gr_path,0,0,0,7.11460881491,281332.946439,0,False
b7974e66,e006_nested_fusion,0,0,0,7.54896951541,316733.416658,0,False
b7974e66,wide64_anchor,0,0,0,7.73037387307,332138.744649,0,False
b7974e66,e006_affine,0,0,0,7.54896951541,316733.416658,300,False
b7974e66,e006_quadratic,0,0,-20,5.20390176479,150513.939104,6488,False
b7974e66,wide64_quadratic,-5,0,-20,5.24661270626,152994.759696,5930,False
b7974e66,pf_quadratic,-10,-10,-20,4.74123111127,124939.79628,5349,False
b7974e66,trellis_quadratic,5,0,-10,5.01778676209,139940.346615,7047,False
b7974e66,e006_hinge_025,0,30,-80,6.52109530581,236352.193603,7144,False
b7974e66,e006_hinge_050,0,20,-90,3.93509330935,86065.4040856,7290,True
b7974e66,e006_hinge_075,0,0,-80,5.43731416781,164318.853828,7371,False
b7974e66,e006_jump_025,0,-20,10,5.79261276385,186495.147508,5546,False
b7974e66,e006_jump_050,0,-20,10,7.34900358586,300175.650893,5925,False
b7974e66,e006_jump_075,0,10,-10,4.13649373538,95100.6059903,5610,False
b7974e66,dtw_derivative,0,0,0,37.7675196948,7927850.85298,0,False
b7cdcecb,last_known_tvt,0,0,0,9.27435143131,530531.8507,0,False
b7cdcecb,e004_geometry_prefix,0,0,0,4.95398356896,151374.767347,0,False
b7cdcecb,align_visible_path,0,0,0,13.7348523241,1163569.56648,0,False
b7cdcecb,pf_gr_path,0,0,0,13.4988605874,1123928.2548,0,False
b7cdcecb,trellis_gr_path,0,0,0,7.83774270515,378901.539673,0,False
b7cdcecb,e006_nested_fusion,0,0,0,6.06831031163,227132.837756,0,False
b7cdcecb,wide64_anchor,0,0,0,5.80107093106,207568.150906,0,False
b7cdcecb,e006_affine,0,10,0,4.65843714052,133851.993701,301,False
b7cdcecb,e006_quadratic,0,10,10,3.65988688002,82618.9535391,6516,False
b7cdcecb,wide64_quadratic,0,10,10,3.19731229059,63054.2666896,6516,False
b7cdcecb,pf_quadratic,10,10,10,2.84702287993,49994.9662719,7630,True
b7cdcecb,trellis_quadratic,-5,10,10,5.17060271045,164902.296577,5958,False
b7cdcecb,e006_hinge_025,0,-10,40,4.0598729676,101664.482588,7056,False
b7cdcecb,e006_hinge_050,0,0,30,3.41857203755,72083.1632981,7252,False
b7cdcecb,e006_hinge_075,0,0,80,3.25714170742,65436.1399264,7387,False
b7cdcecb,e006_jump_025,0,10,0,4.65843714052,133851.993701,5611,False
b7cdcecb,e006_jump_050,0,10,0,4.65843714052,133851.993701,5999,False
b7cdcecb,e006_jump_075,0,10,0,4.65843714052,133851.993701,5611,False
b7cdcecb,dtw_derivative,0,0,0,10.5526344093,686856.717473,0,False
b7fea9ef,last_known_tvt,0,0,0,11.1480746449,480464.811,0,False
b7fea9ef,e004_geometry_prefix,0,0,0,11.1096769416,477160.747476,0,False
b7fea9ef,align_visible_path,0,0,0,11.9031876222,547757.594951,0,False
b7fea9ef,pf_gr_path,0,0,0,9.22592971094,329065.333734,0,False
b7fea9ef,trellis_gr_path,0,0,0,11.6501879512,524720.115367,0,False
b7fea9ef,e006_nested_fusion,0,0,0,9.00744249969,313664.122809,0,False
b7fea9ef,wide64_anchor,0,0,0,8.4580645443,276569.21666,0,False
b7fea9ef,e006_affine,-10,0,0,4.60470195617,81971.8808864,250,False
b7fea9ef,e006_quadratic,-10,0,10,3.11749855982,37572.8702476,5377,False
b7fea9ef,wide64_quadratic,-5,0,10,3.36634825123,43810.6739206,5933,False
b7fea9ef,pf_quadratic,-10,0,10,2.99493344769,34676.5754928,5377,True
b7fea9ef,trellis_quadratic,-10,0,10,5.86602488415,133030.018542,5377,False
b7fea9ef,e006_hinge_025,-10,-30,70,3.00314506737,34866.9912231,5780,False
b7fea9ef,e006_hinge_050,-10,-10,40,3.24774228299,40777.9105355,5983,False
b7fea9ef,e006_hinge_075,-10,0,20,4.39707729235,74746.3601718,6131,False
b7fea9ef,e006_jump_025,-10,10,-10,3.41523348147,45092.3270875,4671,False
b7fea9ef,e006_jump_050,-10,0,0,4.60470195617,81971.8808864,4895,False
b7fea9ef,e006_jump_075,-10,0,0,4.60470195617,81971.8808864,4636,False
b7fea9ef,dtw_derivative,0,0,0,9.16643505352,324834.973128,0,False
b85f7b06,last_known_tvt,0,0,0,3.56986511941,48465.1923,0,False
b85f7b06,e004_geometry_prefix,0,0,0,4.58182310523,79836.7705859,0,False
b85f7b06,align_visible_path,0,0,0,14.2922503075,776832.796894,0,False
b85f7b06,pf_gr_path,0,0,0,7.4108485602,208863.332282,0,False
b85f7b06,trellis_gr_path,0,0,0,6.24086669451,148120.830226,0,False
b85f7b06,e006_nested_fusion,0,0,0,5.89976075052,132371.693801,0,False
b85f7b06,wide64_anchor,0,0,0,5.27227303757,105711.469923,0,False
b85f7b06,e006_affine,-5,0,0,2.12818307959,17224.4077266,275,False
b85f7b06,e006_quadratic,-5,0,0,2.12818307959,17224.4077266,5932,False
b85f7b06,wide64_quadratic,-5,0,0,2.06696875755,16247.7844894,5932,False
b85f7b06,pf_quadratic,-5,0,0,3.05450964444,35482.1009258,5932,False
b85f7b06,trellis_quadratic,-5,0,0,4.10942929976,64222.8170726,5932,False
b85f7b06,e006_hinge_025,-5,0,0,2.12818307959,17224.4077266,6462,False
b85f7b06,e006_hinge_050,-5,0,10,2.04529093278,15908.7666439,6627,False
b85f7b06,e006_hinge_075,-5,0,10,1.93353075,14217.672036,6755,True
b85f7b06,e006_jump_025,-5,0,0,2.12818307959,17224.4077266,5119,False
b85f7b06,e006_jump_050,-5,0,0,2.12818307959,17224.4077266,5430,False
b85f7b06,e006_jump_075,-5,0,0,2.12818307959,17224.4077266,5113,False
b85f7b06,dtw_derivative,0,0,0,14.2386702763,771019.197893,0,False
b881d27e,last_known_tvt,0,0,0,18.7851544587,1414704.0504,0,False
b881d27e,e004_geometry_prefix,0,0,0,16.1067559721,1040045.20006,0,False
b881d27e,align_visible_path,0,0,0,16.1067559721,1040045.20006,0,False
b881d27e,pf_gr_path,0,0,0,16.6033205088,1105162.03994,0,False
b881d27e,trellis_gr_path,0,0,0,16.1798699771,1049508.86363,0,False
b881d27e,e006_nested_fusion,0,0,0,17.2717376613,1195936.50366,0,False
b881d27e,wide64_anchor,0,0,0,12.9143552823,668623.314585,0,False
b881d27e,e006_affine,15,0,0,5.12534750578,105313.170904,375,False
b881d27e,e006_quadratic,15,0,-10,4.15412547077,69182.3445334,8156,False
b881d27e,wide64_quadratic,10,0,-10,4.31597997444,74678.3817074,7603,False
b881d27e,pf_quadratic,15,0,-10,3.98210824546,63571.4589889,8156,False
b881d27e,trellis_quadratic,15,0,-10,5.67924715991,129305.677848,8156,False
b881d27e,e006_hinge_025,15,40,-90,3.29210603627,43449.3902756,9006,True
b881d27e,e006_hinge_050,15,10,-30,4.14704851641,68946.8276924,9135,False
b881d27e,e006_hinge_075,15,10,-60,4.89203161761,95943.281151,9273,False
b881d27e,e006_jump_025,15,0,0,5.12534750578,105313.170904,6997,False
b881d27e,e006_jump_050,15,0,0,5.12534750578,105313.170904,7578,False
b881d27e,e006_jump_075,15,0,0,5.12534750578,105313.170904,7017,False
b881d27e,dtw_derivative,0,0,0,24.9619130892,2497996.29424,0,False
b8c49c1a,last_known_tvt,0,0,0,8.25695416211,294457.7243,0,False
b8c49c1a,e004_geometry_prefix,0,0,0,7.61405394177,250388.917473,0,False
b8c49c1a,align_visible_path,0,0,0,7.61405394177,250388.917473,0,False
b8c49c1a,pf_gr_path,0,0,0,9.22222463793,367328.47639,0,False
b8c49c1a,trellis_gr_path,0,0,0,6.80050410105,199740.171187,0,False
b8c49c1a,e006_nested_fusion,0,0,0,8.15735666548,287396.918289,0,False
b8c49c1a,wide64_anchor,0,0,0,9.00996767588,350614.336171,0,False
b8c49c1a,e006_affine,-5,10,0,5.93096806819,151926.794834,276,False
b8c49c1a,e006_quadratic,-5,10,10,5.54308862238,132704.866143,5958,False
b8c49c1a,wide64_quadratic,-5,10,10,5.32392956357,122418.712085,5958,False
b8c49c1a,pf_quadratic,-5,10,10,5.23964144449,118573.145614,5958,False
b8c49c1a,trellis_quadratic,0,10,10,5.83372262723,146985.588747,6516,False
b8c49c1a,e006_hinge_025,-5,-30,90,4.09994207303,72600.3384846,6396,True
b8c49c1a,e006_hinge_050,-5,0,30,5.41606317434,126692.424392,6629,False
b8c49c1a,e006_hinge_075,-5,10,-10,5.87366734971,149005.362376,6778,False
b8c49c1a,e006_jump_025,-5,10,0,5.93096806819,151926.794834,5141,False
b8c49c1a,e006_jump_050,-5,-10,10,5.91435511238,151076.876831,5406,False
b8c49c1a,e006_jump_075,-5,10,0,5.93096806819,151926.794834,5135,False
b8c49c1a,dtw_derivative,0,0,0,31.3617460717,4247991.82487,0,False
b95e7121,last_known_tvt,0,0,0,3.42045997606,73777.3399,0,False
b95e7121,e004_geometry_prefix,0,0,0,10.15187264,649899.627132,0,False
b95e7121,align_visible_path,0,0,0,4.58464719298,132545.750209,0,False
b95e7121,pf_gr_path,0,0,0,3.4829528157,76497.8357553,0,False
b95e7121,trellis_gr_path,0,0,0,9.71678287832,595386.473094,0,False
b95e7121,e006_nested_fusion,0,0,0,6.12009265516,236194.598083,0,False
b95e7121,wide64_anchor,0,0,0,5.77375422415,210218.315825,0,False
b95e7121,e006_affine,-5,0,0,3.02663504516,57766.2372069,275,False
b95e7121,e006_quadratic,-5,0,0,3.02663504516,57766.2372069,5932,False
b95e7121,wide64_quadratic,-5,0,0,3.00950919197,57114.3600058,5932,False
b95e7121,pf_quadratic,0,0,0,3.4829528157,76497.8357553,6490,False
b95e7121,trellis_quadratic,-10,0,0,4.99727704356,157478.337123,5376,False
b95e7121,e006_hinge_025,-5,10,-30,2.44179765166,37598.741616,6484,True
b95e7121,e006_hinge_050,-5,0,-10,2.64743825462,44198.3082416,6625,False
b95e7121,e006_hinge_075,-5,0,-10,2.93024474506,54145.4238811,6753,False
b95e7121,e006_jump_025,-5,0,0,3.02663504516,57766.2372069,5119,False
b95e7121,e006_jump_050,-5,0,0,3.02663504516,57766.2372069,5430,False
b95e7121,e006_jump_075,-5,0,0,3.02663504516,57766.2372069,5113,False
b95e7121,dtw_derivative,0,0,0,40.1767824245,10178980.2728,0,False
b977be4a,last_known_tvt,0,0,0,18.5783717593,2042287.4439,0,False
b977be4a,e004_geometry_prefix,0,0,0,21.6138636542,2764180.40691,0,False
b977be4a,align_visible_path,0,0,0,22.337430277,2952351.00259,0,False
b977be4a,pf_gr_path,0,0,0,18.6804334956,2064788.01007,0,False
b977be4a,trellis_gr_path,0,0,0,20.6254216173,2517139.23595,0,False
b977be4a,e006_nested_fusion,0,0,0,20.0168143785,2370781.29998,0,False
b977be4a,wide64_anchor,0,0,0,20.7027002233,2536036.83011,0,False
b977be4a,e006_affine,-5,-30,0,11.7194197135,812669.172262,272,False
b977be4a,e006_quadratic,-5,-30,10,11.4167322141,771232.279405,5858,False
b977be4a,wide64_quadratic,-10,-30,10,11.4211924919,771835.005675,5302,False
b977be4a,pf_quadratic,0,-30,10,11.4534411323,776199.833588,6416,False
b977be4a,trellis_quadratic,-10,-30,10,11.2997242249,755504.852646,5302,False
b977be4a,e006_hinge_025,-5,0,-60,11.0458878037,721942.858325,6456,False
b977be4a,e006_hinge_050,-5,-40,60,10.7071344089,678341.017145,6532,False
b977be4a,e006_hinge_075,-5,-30,80,10.4024718275,640286.972864,6687,False
b977be4a,e006_jump_025,-5,-20,-10,11.5493113872,789248.473848,5074,False
b977be4a,e006_jump_050,-5,0,-20,9.78475895748,566502.501984,5428,True
b977be4a,e006_jump_075,-5,-40,10,10.3524262646,634141.040836,5027,False
b977be4a,dtw_derivative,0,0,0,17.1013754277,1730468.31467,0,False
ba48188d,last_known_tvt,0,0,0,50.9372022765,10809097.6666,0,False
ba48188d,e004_geometry_prefix,0,0,0,54.451484569,12352040.7396,0,False
ba48188d,align_visible_path,0,0,0,62.7098772878,16382914.6035,0,False
ba48188d,pf_gr_path,0,0,0,54.1460752842,12213868.2545,0,False
ba48188d,trellis_gr_path,0,0,0,55.8029367908,12972789.6651,0,False
ba48188d,e006_nested_fusion,0,0,0,52.4888432991,11477657.7429,0,False
ba48188d,wide64_anchor,0,0,0,51.7446587225,11154505.4365,0,False
ba48188d,e006_affine,-40,-60,0,7.16730166109,214008.307779,94,False
ba48188d,e006_quadratic,-40,-60,-20,3.89439734154,63182.9335036,2004,False
ba48188d,wide64_quadratic,-40,-60,-20,3.76516604291,59059.1962275,2004,False
ba48188d,pf_quadratic,-45,-60,-20,4.19309024548,73246.636191,1502,False
ba48188d,trellis_quadratic,-45,-60,-10,4.90179675945,100099.029388,1503,False
ba48188d,e006_hinge_025,-40,-10,-110,2.92414040596,35621.787576,2289,True
ba48188d,e006_hinge_050,-40,-40,-70,3.93158765797,64395.4513802,2276,False
ba48188d,e006_hinge_075,-40,-50,-80,5.06322812409,106800.738466,2297,False
ba48188d,e006_jump_025,-40,-70,10,4.28536938846,76506.0520543,1738,False
ba48188d,e006_jump_050,-40,-40,-10,6.6557890385,184551.832502,1813,False
ba48188d,e006_jump_075,-40,-40,-10,5.78450660066,139396.51221,1772,False
ba48188d,dtw_derivative,0,0,0,24.1618062708,2432081.14753,0,False
bb2cdd83,last_known_tvt,0,0,0,3.01767407727,34831.8149,0,False
bb2cdd83,e004_geometry_prefix,0,0,0,3.37132319863,43474.2619193,0,False
bb2cdd83,align_visible_path,0,0,0,3.37132319863,43474.2619193,0,False
bb2cdd83,pf_gr_path,0,0,0,11.4945503748,505376.932815,0,False
bb2cdd83,trellis_gr_path,0,0,0,3.84542030974,56561.2593966,0,False
bb2cdd83,e006_nested_fusion,0,0,0,6.2890978573,151289.27586,0,False
bb2cdd83,wide64_anchor,0,0,0,5.99250482882,137356.186522,0,False
bb2cdd83,e006_affine,5,0,0,3.48366754345,46419.9687913,325,False
bb2cdd83,e006_quadratic,5,0,0,3.48366754345,46419.9687913,7048,False
bb2cdd83,wide64_quadratic,5,0,0,3.4772814287,46249.934464,7048,False
bb2cdd83,pf_quadratic,10,10,0,3.67980490304,51794.187776,7629,False
bb2cdd83,trellis_quadratic,0,0,0,3.84542030974,56561.2593966,6490,False
bb2cdd83,e006_hinge_025,5,0,10,2.25297555118,19415.3130408,7693,False
bb2cdd83,e006_hinge_050,5,0,20,1.9174524811,14063.086866,7874,True
bb2cdd83,e006_hinge_075,5,0,40,2.09948824737,16860.0296958,8008,False
bb2cdd83,e006_jump_025,5,0,0,3.48366754345,46419.9687913,6059,False
bb2cdd83,e006_jump_050,5,0,0,3.48366754345,46419.9687913,6518,False
bb2cdd83,e006_jump_075,5,0,0,3.48366754345,46419.9687913,6065,False
bb2cdd83,dtw_derivative,0,0,0,24.127430154,2226658.28832,0,False
bb337fa0,last_known_tvt,0,0,0,24.0838212712,3986549.2624,0,False
bb337fa0,e004_geometry_prefix,0,0,0,21.0740520338,3052406.99389,0,False
bb337fa0,align_visible_path,0,0,0,30.3588781144,6334579.35456,0,False
bb337fa0,pf_gr_path,0,0,0,22.1305465503,3366127.9758,0,False
bb337fa0,trellis_gr_path,0,0,0,21.5786219862,3200322.59804,0,False
bb337fa0,e006_nested_fusion,0,0,0,21.8923184284,3294047.49522,0,False
bb337fa0,wide64_anchor,0,0,0,22.0122188053,3330228.13949,0,False
bb337fa0,e006_affine,20,10,0,7.86842693877,425522.155339,401,False
bb337fa0,e006_quadratic,20,10,0,7.86842693877,425522.155339,8731,False
bb337fa0,wide64_quadratic,20,10,0,7.86728139028,425398.262525,8731,False
bb337fa0,pf_quadratic,20,10,0,7.91839683979,430944.031505,8731,False
bb337fa0,trellis_quadratic,20,10,0,8.3384765154,477880.99998,8731,False
bb337fa0,e006_hinge_025,20,0,20,7.85104775182,423644.508858,9519,False
bb337fa0,e006_hinge_050,20,10,0,7.86842693877,425522.155339,9754,False
bb337fa0,e006_hinge_075,20,10,0,7.86842693877,425522.155339,9903,False
bb337fa0,e006_jump_025,20,10,0,7.86842693877,425522.155339,7486,False
bb337fa0,e006_jump_050,20,20,-10,7.55476105169,392272.451189,8142,True
bb337fa0,e006_jump_075,20,10,0,7.86842693877,425522.155339,7511,False
bb337fa0,dtw_derivative,0,0,0,18.7201767015,2408608.59316,0,False
bb682ebd,last_known_tvt,0,0,0,19.870225802,1634184.2901,0,False
bb682ebd,e004_geometry_prefix,0,0,0,19.6416765561,1596807.40039,0,False
bb682ebd,align_visible_path,0,0,0,11.6252594634,559372.015769,0,False
bb682ebd,pf_gr_path,0,0,0,21.8355282438,1973435.02556,0,False
bb682ebd,trellis_gr_path,0,0,0,20.1858883229,1686518.69168,0,False
bb682ebd,e006_nested_fusion,0,0,0,20.3148370047,1708134.68186,0,False
bb682ebd,wide64_anchor,0,0,0,17.6405280202,1288008.07914,0,False
bb682ebd,e006_affine,20,10,0,5.86476734617,142362.958046,401,False
bb682ebd,e006_quadratic,20,10,0,5.86476734617,142362.958046,8731,False
bb682ebd,wide64_quadratic,15,10,0,5.56738283549,128291.416025,8182,False
bb682ebd,pf_quadratic,20,10,0,5.64756966652,132013.583549,8731,False
bb682ebd,trellis_quadratic,15,10,10,8.3530939165,288795.32265,8183,False
bb682ebd,e006_hinge_025,20,30,-40,5.33395999606,117759.223923,9588,True
bb682ebd,e006_hinge_050,20,10,10,5.65508559363,132365.191322,9755,False
bb682ebd,e006_hinge_075,20,10,30,5.57136147053,128474.844082,9906,False
bb682ebd,e006_jump_025,20,10,0,5.86476734617,142362.958046,7486,False
bb682ebd,e006_jump_050,20,10,0,5.86476734617,142362.958046,8118,False
bb682ebd,e006_jump_075,20,10,0,5.86476734617,142362.958046,7511,False
bb682ebd,dtw_derivative,0,0,0,20.2445788851,1696340.07035,0,False
bc4381e2,last_known_tvt,0,0,0,12.5983709477,786452.3999,0,False
bc4381e2,e004_geometry_prefix,0,0,0,17.1549750004,1458222.6438,0,False
bc4381e2,align_visible_path,0,0,0,8.66899505994,372375.560355,0,False
bc4381e2,pf_gr_path,0,0,0,18.4002596147,1677612.13952,0,False
bc4381e2,trellis_gr_path,0,0,0,16.5017524452,1349285.31629,0,False
bc4381e2,e006_nested_fusion,0,0,0,17.1863353836,1463558.96401,0,False
bc4381e2,wide64_anchor,0,0,0,16.296251274,1315888.47667,0,False
bc4381e2,e006_affine,15,0,0,4.57085460356,103523.387003,375,False
bc4381e2,e006_quadratic,15,0,0,4.57085460356,103523.387003,8157,False
bc4381e2,wide64_quadratic,15,0,0,4.32479404197,92677.5445695,8157,False
bc4381e2,pf_quadratic,20,10,0,5.05414091731,126572.206741,8731,False
bc4381e2,trellis_quadratic,15,0,-10,4.15105052449,85380.6973637,8156,False
bc4381e2,e006_hinge_025,15,20,-40,3.53310441915,61852.4069756,8961,True
bc4381e2,e006_hinge_050,15,10,-20,3.91432105684,75920.0607598,9136,False
bc4381e2,e006_hinge_075,15,10,-50,4.22684059378,88526.9288628,9274,False
bc4381e2,e006_jump_025,15,0,0,4.57085460356,103523.387003,6997,False
bc4381e2,e006_jump_050,15,0,0,4.57085460356,103523.387003,7578,False
bc4381e2,e006_jump_075,15,0,0,4.57085460356,103523.387003,7017,False
bc4381e2,dtw_derivative,0,0,0,36.4923432163,6598529.46696,0,False
bcebcc5f,last_known_tvt,0,0,0,24.2415372156,3677527.0081,0,False
bcebcc5f,e004_geometry_prefix,0,0,0,18.9607533741,2249814.63456,0,False
bcebcc5f,align_visible_path,0,0,0,18.9607533741,2249814.63456,0,False
bcebcc5f,pf_gr_path,0,0,0,11.0538499599,764649.994144,0,False
bcebcc5f,trellis_gr_path,0,0,0,19.453875411,2368360.55433,0,False
bcebcc5f,e006_nested_fusion,0,0,0,14.5411282566,1323219.12387,0,False
bcebcc5f,wide64_anchor,0,0,0,11.0859054854,769091.306093,0,False
bcebcc5f,e006_affine,10,0,0,8.20794227729,421603.440203,350,False
bcebcc5f,e006_quadratic,10,0,10,8.06078986594,406621.893559,7605,False
bcebcc5f,wide64_quadratic,10,0,10,8.06783334749,407332.812747,7605,False
bcebcc5f,pf_quadratic,10,0,10,7.90585293918,391140.711935,7605,False
bcebcc5f,trellis_quadratic,20,0,0,8.3996321716,441525.809428,8706,False
bcebcc5f,e006_hinge_025,10,20,-40,7.95368953249,395888.446788,8352,False
bcebcc5f,e006_hinge_050,10,-10,50,7.728230378,373762.459205,8474,False
bcebcc5f,e006_hinge_075,10,0,60,7.30211327547,333681.931165,8635,False
bcebcc5f,e006_jump_025,10,0,0,8.20794227729,421603.440203,6528,False
bcebcc5f,e006_jump_050,10,30,-20,5.70879971927,203950.687121,7126,True
bcebcc5f,e006_jump_075,10,-10,10,7.3869659766,341481.952752,6521,False
bcebcc5f,dtw_derivative,0,0,0,11.0310111646,761493.511373,0,False
bd2c2f34,last_known_tvt,0,0,0,5.66354160865,315079.636,0,False
bd2c2f34,e004_geometry_prefix,0,0,0,5.70026186968,319178.595416,0,False
bd2c2f34,align_visible_path,0,0,0,12.383812023,1506443.49458,0,False
bd2c2f34,pf_gr_path,0,0,0,6.77978969241,451519.580689,0,False
bd2c2f34,trellis_gr_path,0,0,0,6.47259254568,411529.22422,0,False
bd2c2f34,e006_nested_fusion,0,0,0,6.59240115567,426905.153692,0,False
bd2c2f34,wide64_anchor,0,0,0,10.5690434396,1097275.06405,0,False
bd2c2f34,e006_affine,-5,0,0,5.81049395298,331642.5541,275,False
bd2c2f34,e006_quadratic,-5,0,-10,5.05838729637,251343.87148,5931,False
bd2c2f34,wide64_quadratic,-10,0,-10,4.93224299598,238964.327002,5375,False
bd2c2f34,pf_quadratic,-5,0,-10,4.96140792067,241798.729918,5931,False
bd2c2f34,trellis_quadratic,-5,0,0,6.13853749169,370146.77464,5932,False
bd2c2f34,e006_hinge_025,-5,0,0,5.81049395298,331642.5541,6462,False
bd2c2f34,e006_hinge_050,-5,10,-40,4.93187772986,238928.934447,6647,False
bd2c2f34,e006_hinge_075,-5,10,-100,4.84106303326,230210.760162,6769,False
bd2c2f34,e006_jump_025,-5,0,0,5.81049395298,331642.5541,5119,False
bd2c2f34,e006_jump_050,-5,-10,10,5.3102787407,276999.369365,5406,False
bd2c2f34,e006_jump_075,-5,10,-10,4.50797701091,199621.598667,5134,False
bd2c2f34,dtw_derivative,0,0,0,3.46020886897,117611.22513,0,True
bd4ae5da,last_known_tvt,0,0,0,14.0524316663,988539.0037,0,False
bd4ae5da,e004_geometry_prefix,0,0,0,12.2150437224,746931.709459,0,False
bd4ae5da,align_visible_path,0,0,0,12.2150437224,746931.709459,0,False
bd4ae5da,pf_gr_path,0,0,0,11.7213770761,687777.74688,0,False
bd4ae5da,trellis_gr_path,0,0,0,13.6178069913,928336.004258,0,False
bd4ae5da,e006_nested_fusion,0,0,0,11.1616944342,623664.613753,0,False
bd4ae5da,wide64_anchor,0,0,0,11.4497488341,656270.322309,0,False
bd4ae5da,e006_affine,-10,-10,0,5.46874326481,149715.207399,249,False
bd4ae5da,e006_quadratic,-10,-10,0,5.46874326481,149715.207399,5351,False
bd4ae5da,wide64_quadratic,-10,-10,0,5.45757264492,149104.206468,5351,False
bd4ae5da,pf_quadratic,-10,-10,0,5.43555791196,147903.72081,5351,False
bd4ae5da,trellis_quadratic,-10,-10,0,5.9308050482,176083.28929,5351,False
bd4ae5da,e006_hinge_025,-10,-10,10,4.70290438151,110719.251966,5824,False
bd4ae5da,e006_hinge_050,-10,-10,20,4.94380029968,122352.453984,5981,False
bd4ae5da,e006_hinge_075,-10,-10,40,4.70110405416,110634.498916,6108,False
bd4ae5da,e006_jump_025,-10,-10,0,5.46874326481,149715.207399,4628,False
bd4ae5da,e006_jump_050,-10,10,-10,4.32858465662,93795.6455185,4919,True
bd4ae5da,e006_jump_075,-10,-10,0,5.46874326481,149715.207399,4614,False
bd4ae5da,dtw_derivative,0,0,0,15.5658548681,1212932.96391,0,False
bd6f0e19,last_known_tvt,0,0,0,10.1181498449,526217.5553,0,False
bd6f0e19,e004_geometry_prefix,0,0,0,6.86321713617,242113.272216,0,False
bd6f0e19,align_visible_path,0,0,0,6.86321713617,242113.272216,0,False
bd6f0e19,pf_gr_path,0,0,0,3.31697118161,56551.8107929,0,False
bd6f0e19,trellis_gr_path,0,0,0,8.54227112924,375067.835673,0,False
bd6f0e19,e006_nested_fusion,0,0,0,4.19475232289,90443.167839,0,False
bd6f0e19,wide64_anchor,0,0,0,7.55271247428,293203.413797,0,False
bd6f0e19,e006_affine,0,0,0,4.19475232289,90443.167839,300,False
bd6f0e19,e006_quadratic,0,0,-10,3.33379201284,57126.8296101,6489,False
bd6f0e19,wide64_quadratic,5,0,-10,2.98989710819,45948.9514483,7047,False
bd6f0e19,pf_quadratic,0,0,-10,2.12615144194,23235.4725639,6489,True
bd6f0e19,trellis_quadratic,5,10,-10,3.65691517306,68737.3669162,7072,False
bd6f0e19,e006_hinge_025,0,20,-40,3.2057872538,52824.1496514,7123,False
bd6f0e19,e006_hinge_050,0,10,-30,2.75357603564,38972.4102581,7271,False
bd6f0e19,e006_hinge_075,0,10,-70,3.15066327465,51023.1304209,7397,False
bd6f0e19,e006_jump_025,0,0,0,4.19475232289,90443.167839,5589,False
bd6f0e19,e006_jump_050,0,0,0,4.19475232289,90443.167839,5974,False
bd6f0e19,e006_jump_075,0,0,0,4.19475232289,90443.167839,5589,False
bd6f0e19,dtw_derivative,0,0,0,5.18247671075,138050.453367,0,False
bd8f847e,last_known_tvt,0,0,0,7.38974190526,270911.704,0,False
bd8f847e,e004_geometry_prefix,0,0,0,5.8708134346,170988.060354,0,False
bd8f847e,align_visible_path,0,0,0,23.3907479473,2714297.49117,0,False
bd8f847e,pf_gr_path,0,0,0,9.6848781172,465326.243023,0,False
bd8f847e,trellis_gr_path,0,0,0,5.64113525464,157870.960934,0,False
bd8f847e,e006_nested_fusion,0,0,0,6.31506419096,197844.857286,0,False
bd8f847e,wide64_anchor,0,0,0,6.98715399891,242197.612503,0,False
bd8f847e,e006_affine,-5,10,0,4.21706532739,88224.6379183,276,False
bd8f847e,e006_quadratic,-5,10,0,4.21706532739,88224.6379183,5957,False
bd8f847e,wide64_quadratic,5,10,0,3.86416839393,74076.6467854,7073,False
bd8f847e,pf_quadratic,-10,10,0,4.29036656819,91318.3438808,5401,False
bd8f847e,trellis_quadratic,0,10,0,5.37441685332,143295.292662,6515,False
bd8f847e,e006_hinge_025,-5,-10,40,3.2480929275,52339.0841293,6441,True
bd8f847e,e006_hinge_050,-5,0,30,4.04672127454,81241.1031993,6629,False
bd8f847e,e006_hinge_075,-5,10,-20,3.96794153857,78108.7624256,6777,False
bd8f847e,e006_jump_025,-5,10,0,4.21706532739,88224.6379183,5141,False
bd8f847e,e006_jump_050,-5,10,0,4.21706532739,88224.6379183,5455,False
bd8f847e,e006_jump_075,-5,10,0,4.21706532739,88224.6379183,5135,False
bd8f847e,dtw_derivative,0,0,0,45.8352587882,10422420.7739,0,False
be063506,last_known_tvt,0,0,0,9.68588451304,422173.6146,0,False
be063506,e004_geometry_prefix,0,0,0,5.1932516077,121364.380174,0,False
be063506,align_visible_path,0,0,0,5.1932516077,121364.380174,0,False
be063506,pf_gr_path,0,0,0,4.7246651251,100451.072449,0,False
be063506,trellis_gr_path,0,0,0,4.73627508492,100945.35756,0,False
be063506,e006_nested_fusion,0,0,0,4.83097129309,105022.276356,0,False
be063506,wide64_anchor,0,0,0,9.27175430267,386844.425321,0,False
be063506,e006_affine,-5,0,0,4.00527783205,72190.1273038,275,False
be063506,e006_quadratic,-5,0,10,3.51727103695,55670.3799631,5933,False
be063506,wide64_quadratic,-10,0,10,3.36853586813,51061.652527,5377,False
be063506,pf_quadratic,-5,0,10,3.62990123726,59292.8234651,5933,False
be063506,trellis_quadratic,-5,0,10,4.1145455679,76182.6835365,5933,False
be063506,e006_hinge_025,-5,-10,20,3.8001883055,64986.4402078,6439,False
be063506,e006_hinge_050,-5,-10,30,3.45288289742,53650.8013649,6604,False
be063506,e006_hinge_075,-5,-10,80,3.23959607027,47227.4221433,6737,True
be063506,e006_jump_025,-5,0,0,4.00527783205,72190.1273038,5119,False
be063506,e006_jump_050,-5,0,0,4.00527783205,72190.1273038,5430,False
be063506,e006_jump_075,-5,0,0,4.00527783205,72190.1273038,5113,False
be063506,dtw_derivative,0,0,0,19.2270336457,1663554.70267,0,False
be35c8f2,last_known_tvt,0,0,0,4.67473518539,92351.4079,0,False
be35c8f2,e004_geometry_prefix,0,0,0,4.74378784973,95099.8888877,0,False
be35c8f2,align_visible_path,0,0,0,18.9969258056,1525092.36121,0,False
be35c8f2,pf_gr_path,0,0,0,5.41263753603,123807.622177,0,False
be35c8f2,trellis_gr_path,0,0,0,5.91986538293,148099.350798,0,False
be35c8f2,e006_nested_fusion,0,0,0,4.61787589721,90118.5109914,0,False
be35c8f2,wide64_anchor,0,0,0,5.1908266374,113868.222665,0,False
be35c8f2,e006_affine,0,-10,0,4.22379266208,75393.6337351,299,False
be35c8f2,e006_quadratic,0,-10,-10,3.6395447967,55978.8060187,6464,False
be35c8f2,wide64_quadratic,5,-10,-10,4.13940803194,72411.2373606,7022,False
be35c8f2,pf_quadratic,-5,-10,-10,3.93930647967,65579.6407952,5906,False
be35c8f2,trellis_quadratic,5,0,-10,4.32092235094,78900.9834632,7047,False
be35c8f2,e006_hinge_025,0,10,-40,2.89142931689,35330.8961281,7098,False
be35c8f2,e006_hinge_050,0,0,-20,2.49287430242,26262.1485878,7247,True
be35c8f2,e006_hinge_075,0,0,-50,3.26976957736,45181.8271942,7374,False
be35c8f2,e006_jump_025,0,-20,10,4.10828868821,71326.5799066,5546,False
be35c8f2,e006_jump_050,0,-10,0,4.22379266208,75393.6337351,5949,False
be35c8f2,e006_jump_075,0,-10,0,4.22379266208,75393.6337351,5567,False
be35c8f2,dtw_derivative,0,0,0,32.67463132,4511810.85379,0,False
be83e781,last_known_tvt,0,0,0,3.15379731989,32037.4753,0,False
be83e781,e004_geometry_prefix,0,0,0,4.61059461297,68470.6738289,0,False
be83e781,align_visible_path,0,0,0,6.9152139004,154028.810372,0,False
be83e781,pf_gr_path,0,0,0,5.20702197095,87331.223613,0,False
be83e781,trellis_gr_path,0,0,0,6.63502638213,141799.93537,0,False
be83e781,e006_nested_fusion,0,0,0,2.65401392773,22688.04736,0,False
be83e781,wide64_anchor,0,0,0,3.38197645341,36841.0402,0,False
be83e781,e006_affine,0,0,0,2.65401392773,22688.04736,300,False
be83e781,e006_quadratic,0,0,0,2.65401392773,22688.04736,6490,False
be83e781,wide64_quadratic,0,0,0,3.38197645341,36841.0402,6490,False
be83e781,pf_quadratic,5,0,0,2.62225470679,22148.3038059,7048,False
be83e781,trellis_quadratic,-5,0,0,5.53148543808,98554.0036397,5932,False
be83e781,e006_hinge_025,0,0,0,2.65401392773,22688.04736,7077,False
be83e781,e006_hinge_050,0,0,0,2.65401392773,22688.04736,7249,False
be83e781,e006_hinge_075,0,0,10,2.58248448919,21481.577387,7380,True
be83e781,e006_jump_025,0,0,0,2.65401392773,22688.04736,5589,False
be83e781,e006_jump_050,0,0,0,2.65401392773,22688.04736,5974,False
be83e781,e006_jump_075,0,0,0,2.65401392773,22688.04736,5589,False
be83e781,dtw_derivative,0,0,0,41.475614894,5540849.97792,0,False
beda8696,last_known_tvt,0,0,0,9.81995521629,570103.1489,0,False
beda8696,e004_geometry_prefix,0,0,0,10.3727500951,636095.400093,0,False
beda8696,align_visible_path,0,0,0,14.6962697053,1276875.78929,0,False
beda8696,pf_gr_path,0,0,0,10.1098078436,604254.964914,0,False
beda8696,trellis_gr_path,0,0,0,10.2711894995,623700.237039,0,False
beda8696,e006_nested_fusion,0,0,0,10.2265046156,618285.217018,0,False
beda8696,wide64_anchor,0,0,0,10.7450004583,682570.166021,0,False
beda8696,e006_affine,0,-10,0,8.22499345113,399949.858107,299,False
beda8696,e006_quadratic,0,-10,-20,5.89617643284,205530.068269,6463,False
beda8696,wide64_quadratic,5,-10,-20,6.0255470074,214648.265357,7021,False
beda8696,pf_quadratic,0,-10,-20,5.85244072848,202492.281384,6463,False
beda8696,trellis_quadratic,0,-10,-20,7.00099148376,289770.06894,6463,False
beda8696,e006_hinge_025,0,10,-50,7.77926137958,357775.957801,7097,False
beda8696,e006_hinge_050,0,10,-80,5.33172751697,168062.30588,7266,True
beda8696,e006_hinge_075,0,0,-120,5.73085401666,194165.970039,7367,False
beda8696,e006_jump_025,0,-20,10,7.29560101227,314670.894898,5546,False
beda8696,e006_jump_050,0,-10,0,8.22499345113,399949.858107,5949,False
beda8696,e006_jump_075,0,0,-10,6.73548557039,268208.319817,5588,False
beda8696,dtw_derivative,0,0,0,9.7589194197,563038.236716,0,False
bf39bc20,last_known_tvt,0,0,0,8.40180819927,233160.0285,0,False
bf39bc20,e004_geometry_prefix,0,0,0,8.40151851584,233143.950668,0,False
bf39bc20,align_visible_path,0,0,0,8.40151851584,233143.950668,0,False
bf39bc20,pf_gr_path,0,0,0,8.33717780697,229586.687092,0,False
bf39bc20,trellis_gr_path,0,0,0,8.60607674239,244635.231427,0,False
bf39bc20,e006_nested_fusion,0,0,0,8.38150861602,232034.715105,0,False
bf39bc20,wide64_anchor,0,0,0,8.50716245849,239044.098653,0,False
bf39bc20,e006_affine,0,0,0,8.38150861602,232034.715105,300,False
bf39bc20,e006_quadratic,0,0,-20,6.55117896399,141757.975038,6488,False
bf39bc20,wide64_quadratic,0,0,-20,6.71119007575,148767.358585,6488,False
bf39bc20,pf_quadratic,0,0,-20,6.4943662449,139309.947024,6488,False
bf39bc20,trellis_quadratic,0,-10,-20,6.34990443933,133181.208941,6463,False
bf39bc20,e006_hinge_025,0,30,-80,6.86123146358,155493.670241,7144,False
bf39bc20,e006_hinge_050,0,20,-90,5.67664312383,106436.787444,7290,True
bf39bc20,e006_hinge_075,0,0,-60,7.33944340443,177924.119595,7373,False
bf39bc20,e006_jump_025,0,-10,10,5.6989582893,107275.248801,5568,False
bf39bc20,e006_jump_050,0,10,-10,7.34934056861,178404.300839,5998,False
bf39bc20,e006_jump_075,0,10,-10,7.81723081943,201843.349651,5610,False
bf39bc20,dtw_derivative,0,0,0,21.7496779998,1562479.17269,0,False
bf70b410,last_known_tvt,0,0,0,18.9202797242,2272079.9228,0,False
bf70b410,e004_geometry_prefix,0,0,0,20.4655244823,2658362.83326,0,False
bf70b410,align_visible_path,0,0,0,20.4655244823,2658362.83326,0,False
bf70b410,pf_gr_path,0,0,0,16.6643329768,1762561.85914,0,False
bf70b410,trellis_gr_path,0,0,0,20.9414407948,2783438.40345,0,False
bf70b410,e006_nested_fusion,0,0,0,18.7230603928,2224959.83054,0,False
bf70b410,wide64_anchor,0,0,0,16.2123504511,1668247.42948,0,False
bf70b410,e006_affine,-10,-20,0,8.700804052,480493.231837,248,False
bf70b410,e006_quadratic,-10,-20,-20,4.87776146763,151011.358867,5324,False
bf70b410,wide64_quadratic,-5,-20,-20,4.98294737596,157594.515609,5880,False
bf70b410,pf_quadratic,-10,-20,-20,4.71385537039,141033.084779,5324,False
bf70b410,trellis_quadratic,-15,-20,-20,5.46850007652,189803.817623,4771,False
bf70b410,e006_hinge_025,-10,30,-120,6.48027623537,266535.79161,5911,False
bf70b410,e006_hinge_050,-10,10,-120,3.88331797407,95713.7659214,6017,True
bf70b410,e006_hinge_075,-10,-10,-120,6.96198340429,307634.094414,6092,False
bf70b410,e006_jump_025,-10,-30,10,6.17740739991,242203.818785,4585,False
bf70b410,e006_jump_050,-10,-20,0,8.700804052,480493.231837,4845,False
bf70b410,e006_jump_075,-10,-10,-10,5.35717098888,182154.336533,4613,False
bf70b410,dtw_derivative,0,0,0,20.911000551,2775352.33484,0,False
bffe3082,last_known_tvt,0,0,0,16.59891803,1576824.3085,0,False
bffe3082,e004_geometry_prefix,0,0,0,15.9930761218,1463820.26299,0,False
bffe3082,align_visible_path,0,0,0,19.1690524589,2102931.07053,0,False
bffe3082,pf_gr_path,0,0,0,13.4190878928,1030551.59744,0,False
bffe3082,trellis_gr_path,0,0,0,14.5452500359,1210782.48092,0,False
bffe3082,e006_nested_fusion,0,0,0,13.2923809982,1011181.94786,0,False
bffe3082,wide64_anchor,0,0,0,13.1436975778,988687.086374,0,False
bffe3082,e006_affine,0,20,0,5.98529505129,205019.360458,302,False
bffe3082,e006_quadratic,0,20,10,4.55583781826,118784.632029,6541,False
bffe3082,wide64_quadratic,0,20,10,4.1018351553,96289.7705427,6541,False
bffe3082,pf_quadratic,-5,20,10,4.20730785999,101305.337851,5983,False
bffe3082,trellis_quadratic,5,20,10,5.50886611494,173679.348407,7099,False
bffe3082,e006_hinge_025,0,-30,120,3.81769952738,83411.7502664,7014,True
bffe3082,e006_hinge_050,0,10,40,4.64368845647,123409.870517,7278,False
bffe3082,e006_hinge_075,0,20,20,5.79388173521,192115.762209,7431,False
bffe3082,e006_jump_025,0,30,-10,4.77729260625,130613.308548,5654,False
bffe3082,e006_jump_050,0,20,0,5.98529505129,205019.360458,6024,False
bffe3082,e006_jump_075,0,10,10,4.83217845192,133631.755788,5612,False
bffe3082,dtw_derivative,0,0,0,18.8137882641,2025705.23288,0,False
c03b9305,last_known_tvt,0,0,0,7.11711720908,215530.0356,0,False
c03b9305,e004_geometry_prefix,0,0,0,9.0335289243,347227.763735,0,False
c03b9305,align_visible_path,0,0,0,36.3770919787,5630610.95262,0,False
c03b9305,pf_gr_path,0,0,0,30.2089450176,3883029.42786,0,False
c03b9305,trellis_gr_path,0,0,0,13.8605652815,817450.473518,0,False
c03b9305,e006_nested_fusion,0,0,0,17.857753917,1356916.84045,0,False
c03b9305,wide64_anchor,0,0,0,15.8721932223,1071947.33275,0,False
c03b9305,e006_affine,15,10,0,4.62991518364,91210.6676556,376,False
c03b9305,e006_quadratic,15,10,10,4.28771846941,78226.1737583,8183,False
c03b9305,wide64_quadratic,15,10,10,4.16062536033,73657.4684203,8183,False
c03b9305,pf_quadratic,30,10,10,4.15950966548,73617.9703965,9810,True
c03b9305,trellis_quadratic,10,20,10,6.41150652152,174912.05455,7655,False
c03b9305,e006_hinge_025,15,-10,50,4.42413799642,83283.1022833,8895,False
c03b9305,e006_hinge_050,15,0,40,4.57130497228,88916.0080313,9117,False
c03b9305,e006_hinge_075,15,10,30,4.29035239173,78322.3111105,9282,False
c03b9305,e006_jump_025,15,10,0,4.62991518364,91210.6676556,7019,False
c03b9305,e006_jump_050,15,10,0,4.62991518364,91210.6676556,7603,False
c03b9305,e006_jump_075,15,10,0,4.62991518364,91210.6676556,7039,False
c03b9305,dtw_derivative,0,0,0,35.2912893259,5299496.56022,0,False
c03d4aed,last_known_tvt,0,0,0,12.5830943291,734829.3141,0,False
c03d4aed,e004_geometry_prefix,0,0,0,9.75363239012,441513.853224,0,False
c03d4aed,align_visible_path,0,0,0,16.9020252806,1325833.72629,0,False
c03d4aed,pf_gr_path,0,0,0,17.3121288083,1390953.19979,0,False
c03d4aed,trellis_gr_path,0,0,0,10.042894383,468089.995739,0,False
c03d4aed,e006_nested_fusion,0,0,0,12.628463249,740137.787986,0,False
c03d4aed,wide64_anchor,0,0,0,11.4928835399,613012.852737,0,False
c03d4aed,e006_affine,10,0,0,8.63866949083,346342.099664,350,False
c03d4aed,e006_quadratic,10,0,-20,5.55250249888,143083.348044,7602,False
c03d4aed,wide64_quadratic,10,0,-20,5.9942188527,166754.191454,7602,False
c03d4aed,pf_quadratic,15,0,-20,5.56322316997,143636.406912,8155,False
c03d4aed,trellis_quadratic,5,0,-20,7.09280043289,233478.583249,7046,False
c03d4aed,e006_hinge_025,10,50,-120,4.69262440826,102198.179327,8419,True
c03d4aed,e006_hinge_050,10,20,-90,5.80497452625,156391.161451,8535,False
c03d4aed,e006_hinge_075,10,0,-70,7.26177210994,244735.403914,8622,False
c03d4aed,e006_jump_025,10,-30,20,5.49986065187,140383.136229,6465,False
c03d4aed,e006_jump_050,10,10,-10,7.76796696416,280044.02322,7077,False
c03d4aed,e006_jump_075,10,10,-10,7.28012437934,245973.979152,6563,False
c03d4aed,dtw_derivative,0,0,0,18.8774491369,1653857.87673,0,False
c03fba65,last_known_tvt,0,0,0,22.7399716383,1912776.2411,0,False
c03fba65,e004_geometry_prefix,0,0,0,23.1158040265,1976525.12403,0,False
c03fba65,align_visible_path,0,0,0,12.1349259634,544701.527676,0,False
c03fba65,pf_gr_path,0,0,0,16.9003981017,1056521.16373,0,False
c03fba65,trellis_gr_path,0,0,0,21.9508844324,1782331.06992,0,False
c03fba65,e006_nested_fusion,0,0,0,20.1248915375,1498136.64851,0,False
c03fba65,wide64_anchor,0,0,0,18.9101639332,1322741.31563,0,False
c03fba65,e006_affine,-20,-10,0,5.56835573271,114693.360008,199,False
c03fba65,e006_quadratic,-20,-10,10,4.96993866104,91366.3737992,4250,False
c03fba65,wide64_quadratic,-15,-10,10,4.67591351941,80875.5546245,4799,False
c03fba65,pf_quadratic,-15,-10,10,4.05428054749,60801.168613,4799,False
c03fba65,trellis_quadratic,-20,-10,10,5.57335822612,114899.52877,4250,False
c03fba65,e006_hinge_025,-20,-40,60,3.75730039449,52219.9158352,4543,True
c03fba65,e006_hinge_050,-20,-20,20,4.52506596967,75741.5452883,4721,False
c03fba65,e006_hinge_075,-20,-20,50,5.15412307939,98263.8784702,4835,False
c03fba65,e006_jump_025,-20,0,-10,4.82716964817,86192.4956383,3713,False
c03fba65,e006_jump_050,-20,-10,0,5.56835573271,114693.360008,3830,False
c03fba65,e006_jump_075,-20,-10,0,5.56835573271,114693.360008,3667,False
c03fba65,dtw_derivative,0,0,0,11.4946662625,488739.076843,0,False
c07fd0cd,last_known_tvt,0,0,0,4.05293435709,68842.5265,0,False
c07fd0cd,e004_geometry_prefix,0,0,0,4.36239090203,79756.6343153,0,False
c07fd0cd,align_visible_path,0,0,0,4.36239090203,79756.6343153,0,False
c07fd0cd,pf_gr_path,0,0,0,3.80660468615,60728.5926407,0,False
c07fd0cd,trellis_gr_path,0,0,0,4.78940028519,96134.6461898,0,False
c07fd0cd,e006_nested_fusion,0,0,0,4.17034714504,72889.0141448,0,False
c07fd0cd,wide64_anchor,0,0,0,3.84422112709,61934.7491861,0,False
c07fd0cd,e006_affine,0,0,0,4.17034714504,72889.0141448,300,False
c07fd0cd,e006_quadratic,0,0,10,3.12628814458,40961.4826662,6491,False
c07fd0cd,wide64_quadratic,0,0,10,2.67580237065,30007.2177075,6491,False
c07fd0cd,pf_quadratic,0,0,10,2.62147315254,28801.0611624,6491,True
c07fd0cd,trellis_quadratic,-5,0,10,3.06847718258,39460.579354,5933,False
c07fd0cd,e006_hinge_025,0,-20,50,3.45356666398,49986.5712464,7032,False
c07fd0cd,e006_hinge_050,0,-10,40,2.94268791528,36291.5963909,7228,False
c07fd0cd,e006_hinge_075,0,0,30,3.80095845809,60548.5722739,7382,False
c07fd0cd,e006_jump_025,0,10,-10,3.26891702648,44784.2654425,5610,False
c07fd0cd,e006_jump_050,0,0,0,4.17034714504,72889.0141448,5974,False
c07fd0cd,e006_jump_075,0,0,0,4.17034714504,72889.0141448,5589,False
c07fd0cd,dtw_derivative,0,0,0,30.670080488,3942280.23146,0,False
c1708b88,last_known_tvt,0,0,0,18.3047678286,2115932.477,0,False
c1708b88,e004_geometry_prefix,0,0,0,23.1204688811,3375721.6533,0,False
c1708b88,align_visible_path,0,0,0,15.0843950582,1436908.62252,0,False
c1708b88,pf_gr_path,0,0,0,19.1858562284,2324533.05526,0,False
c1708b88,trellis_gr_path,0,0,0,23.673119453,3539030.73197,0,False
c1708b88,e006_nested_fusion,0,0,0,21.960256815,3045426.9333,0,False
c1708b88,wide64_anchor,0,0,0,23.5894240927,3514050.7668,0,False
c1708b88,e006_affine,-20,-10,0,9.61555381732,583877.796974,199,False
c1708b88,e006_quadratic,-20,-10,20,7.68119572708,372589.848642,4251,False
c1708b88,wide64_quadratic,-20,-10,20,7.68534461419,372992.455413,4251,False
c1708b88,pf_quadratic,-15,-10,20,7.64627300163,369209.574499,4800,False
c1708b88,trellis_quadratic,-20,-10,20,7.69641209876,374067.50431,4251,False
c1708b88,e006_hinge_025,-20,-60,120,7.54080416218,359094.438609,4499,False
c1708b88,e006_hinge_050,-20,-30,80,7.96469293307,400600.446167,4702,False
c1708b88,e006_hinge_075,-20,-20,110,9.11637770888,524829.183083,4841,False
c1708b88,e006_jump_025,-20,10,-20,6.36389673657,255752.33227,3734,True
c1708b88,e006_jump_050,-20,-20,10,8.40954525949,446599.651042,3806,False
c1708b88,e006_jump_075,-20,-20,10,9.53134302209,573695.646267,3647,False
c1708b88,dtw_derivative,0,0,0,21.8734542231,3021399.11778,0,False
c1d046f4,last_known_tvt,0,0,0,7.70011229809,326875.3042,0,False
c1d046f4,e004_geometry_prefix,0,0,0,7.13306772962,280505.052312,0,False
c1d046f4,align_visible_path,0,0,0,9.59411988963,507455.863285,0,False
c1d046f4,pf_gr_path,0,0,0,8.18051811264,368934.792648,0,False
c1d046f4,trellis_gr_path,0,0,0,7.34966536485,297798.923917,0,False
c1d046f4,e006_nested_fusion,0,0,0,7.39206755939,301245.00003,0,False
c1d046f4,wide64_anchor,0,0,0,7.51071929379,310993.315462,0,False
c1d046f4,e006_affine,5,0,0,6.63297523771,242551.935459,325,False
c1d046f4,e006_quadratic,5,0,-10,5.99113667415,197882.070908,7047,False
c1d046f4,wide64_quadratic,5,0,-10,5.93822034523,194401.946768,7047,False
c1d046f4,pf_quadratic,5,0,-10,6.11377107262,206065.998564,7047,False
c1d046f4,trellis_quadratic,5,0,-10,6.83571078515,257605.630905,7047,False
c1d046f4,e006_hinge_025,5,10,-30,6.15999961004,209194.066314,7714,False
c1d046f4,e006_hinge_050,5,0,-20,6.12784442229,207015.781155,7870,False
c1d046f4,e006_hinge_075,5,0,-60,5.21804710962,150108.050213,7998,False
c1d046f4,e006_jump_025,5,0,0,6.63297523771,242551.935459,6059,False
c1d046f4,e006_jump_050,5,-20,10,5.16751633233,147214.879673,6469,True
c1d046f4,e006_jump_075,5,10,-10,5.53556524249,168932.00632,6086,False
c1d046f4,dtw_derivative,0,0,0,10.5743277706,616443.856205,0,False
c2717d4f,last_known_tvt,0,0,0,8.45255965062,337295.4549,0,False
c2717d4f,e004_geometry_prefix,0,0,0,11.1048916364,582187.196783,0,False
c2717d4f,align_visible_path,0,0,0,11.1048916364,582187.196783,0,False
c2717d4f,pf_gr_path,0,0,0,12.2765177532,711515.544935,0,False
c2717d4f,trellis_gr_path,0,0,0,11.1014126081,581822.469508,0,False
c2717d4f,e006_nested_fusion,0,0,0,11.4370034689,617530.633249,0,False
c2717d4f,wide64_anchor,0,0,0,14.0236913484,928450.361759,0,False
c2717d4f,e006_affine,10,0,0,6.56164334573,203263.426395,350,False
c2717d4f,e006_quadratic,10,0,-20,4.03024820815,76682.7338236,7602,False
c2717d4f,wide64_quadratic,10,0,-20,4.65522740232,102309.462172,7602,False
c2717d4f,pf_quadratic,10,0,-20,4.00173350921,75601.4853628,7602,False
c2717d4f,trellis_quadratic,10,0,-20,3.28462571349,50933.764653,7602,True
c2717d4f,e006_hinge_025,10,50,-120,4.34079093103,88955.2815463,8419,False
c2717d4f,e006_hinge_050,10,20,-80,3.70353471061,64754.0355141,8536,False
c2717d4f,e006_hinge_075,10,10,-100,5.72450674883,154707.06386,8644,False
c2717d4f,e006_jump_025,10,-10,10,4.38205728703,90654.6534615,6507,False
c2717d4f,e006_jump_050,10,0,0,6.56164334573,203263.426395,7053,False
c2717d4f,e006_jump_075,10,10,-10,3.79334202447,67932.5637766,6563,False
c2717d4f,dtw_derivative,0,0,0,19.2494012,1749316.7272,0,False
c2c4db09,last_known_tvt,0,0,0,9.02832282131,492242.5917,0,False
c2c4db09,e004_geometry_prefix,0,0,0,10.0037835689,604357.065903,0,False
c2c4db09,align_visible_path,0,0,0,25.9459853233,4065419.49839,0,False
c2c4db09,pf_gr_path,0,0,0,8.12879264065,399040.63229,0,False
c2c4db09,trellis_gr_path,0,0,0,9.88389010951,589957.662245,0,False
c2c4db09,e006_nested_fusion,0,0,0,8.90705821458,479108.207983,0,False
c2c4db09,wide64_anchor,0,0,0,8.59493243882,446118.223449,0,False
c2c4db09,e006_affine,-5,-10,0,7.42845377036,333243.647601,274,False
c2c4db09,e006_quadratic,-5,-10,0,7.42845377036,333243.647601,5907,False
c2c4db09,wide64_quadratic,0,-10,0,7.25982558299,318285.902605,6465,False
c2c4db09,pf_quadratic,0,-10,0,7.21211031234,314115.777815,6465,False
c2c4db09,trellis_quadratic,-5,-10,-10,7.201093644,313156.872255,5906,False
c2c4db09,e006_hinge_025,-5,30,-90,6.15217787427,228571.877991,6528,False
c2c4db09,e006_hinge_050,-5,0,-30,7.34128590465,325468.757073,6623,False
c2c4db09,e006_hinge_075,-5,-10,40,6.96107886802,292629.522182,6733,False
c2c4db09,e006_jump_025,-5,-10,0,7.42845377036,333243.647601,5097,False
c2c4db09,e006_jump_050,-5,10,-10,5.3114613324,170369.982151,5454,True
c2c4db09,e006_jump_075,-5,-10,0,7.42845377036,333243.647601,5091,False
c2c4db09,dtw_derivative,0,0,0,9.11684115066,501942.310308,0,False
c2c6fc71,last_known_tvt,0,0,0,11.7674624105,985790.5085,0,False
c2c6fc71,e004_geometry_prefix,0,0,0,8.2041726062,479168.842396,0,False
c2c6fc71,align_visible_path,0,0,0,8.2041726062,479168.842396,0,False
c2c6fc71,pf_gr_path,0,0,0,8.50313174014,514726.832408,0,False
c2c6fc71,trellis_gr_path,0,0,0,7.99652509566,455220.280457,0,False
c2c6fc71,e006_nested_fusion,0,0,0,8.3545019815,496889.850212,0,False
c2c6fc71,wide64_anchor,0,0,0,10.4644244667,779560.253278,0,False
c2c6fc71,e006_affine,5,10,0,5.79641826784,239187.470454,326,False
c2c6fc71,e006_quadratic,5,10,-10,5.62210996567,225018.209598,7072,False
c2c6fc71,wide64_quadratic,10,10,-10,6.06477274573,261847.273948,7628,False
c2c6fc71,pf_quadratic,5,10,-10,5.60012590545,223261.878907,7072,False
c2c6fc71,trellis_quadratic,5,10,-10,5.93139421384,250456.652281,7072,False
c2c6fc71,e006_hinge_025,5,0,20,5.68222649785,229856.121869,7694,False
c2c6fc71,e006_hinge_050,5,20,-50,5.16167400228,189670.652083,7917,True
c2c6fc71,e006_hinge_075,5,10,-40,5.30088289546,200039.340077,8025,False
c2c6fc71,e006_jump_025,5,10,0,5.79641826784,239187.470454,6081,False
c2c6fc71,e006_jump_050,5,-10,10,5.66048115635,228100.213033,6494,False
c2c6fc71,e006_jump_075,5,20,-10,5.26310038168,197197.906243,6108,False
c2c6fc71,dtw_derivative,0,0,0,22.8570019986,3719268.44484,0,False
c36625df,last_known_tvt,0,0,0,8.00320499908,303731.2184,0,False
c36625df,e004_geometry_prefix,0,0,0,5.45516272393,141116.231234,0,False
c36625df,align_visible_path,0,0,0,5.45516272393,141116.231234,0,False
c36625df,pf_gr_path,0,0,0,5.15867616654,126193.81849,0,False
c36625df,trellis_gr_path,0,0,0,5.29497836571,132950.486126,0,False
c36625df,e006_nested_fusion,0,0,0,4.87347840619,112626.2546,0,False
c36625df,wide64_anchor,0,0,0,19.1248023124,1734424.73706,0,False
c36625df,e006_affine,-5,0,0,4.5892381641,99871.7690472,275,False
c36625df,e006_quadratic,-5,0,0,4.5892381641,99871.7690472,5932,False
c36625df,wide64_quadratic,-20,0,0,4.21600355043,84287.5607145,4274,False
c36625df,pf_quadratic,-5,0,0,4.43719339973,93363.7455342,5932,False
c36625df,trellis_quadratic,-5,0,0,3.06311384057,44492.6040703,5932,True
c36625df,e006_hinge_025,-5,-10,30,4.15190498327,81744.0896831,6440,False
c36625df,e006_hinge_050,-5,0,10,4.26709332809,86342.7413016,6627,False
c36625df,e006_hinge_075,-5,0,10,4.5253749103,97111.5037296,6755,False
c36625df,e006_jump_025,-5,0,0,4.5892381641,99871.7690472,5119,False
c36625df,e006_jump_050,-5,0,0,4.5892381641,99871.7690472,5430,False
c36625df,e006_jump_075,-5,0,0,4.5892381641,99871.7690472,5113,False
c36625df,dtw_derivative,0,0,0,24.1077909641,2755982.04488,0,False
c3957531,last_known_tvt,0,0,0,12.5187222748,833115.0537,0,False
c3957531,e004_geometry_prefix,0,0,0,12.195598067,790662.566519,0,False
c3957531,align_visible_path,0,0,0,27.6553643216,4065778.73835,0,False
c3957531,pf_gr_path,0,0,0,15.0969238496,1211607.35527,0,False
c3957531,trellis_gr_path,0,0,0,13.1557912941,920065.873761,0,False
c3957531,e006_nested_fusion,0,0,0,13.7161527912,1000114.21673,0,False
c3957531,wide64_anchor,0,0,0,15.7718647608,1322364.13306,0,False
c3957531,e006_affine,10,10,0,9.14503222847,444585.662468,351,False
c3957531,e006_quadratic,10,10,10,8.72106144802,404318.548339,7630,False
c3957531,wide64_quadratic,10,10,10,8.52550702488,386389.579487,7630,False
c3957531,pf_quadratic,10,10,10,8.48716332176,382921.799686,7630,False
c3957531,trellis_quadratic,5,10,10,9.80743079563,511323.17488,7074,False
c3957531,e006_hinge_025,10,-30,100,7.27994604386,281735.318159,8241,True
c3957531,e006_hinge_050,10,0,50,8.54212215572,387897.095508,8499,False
c3957531,e006_hinge_075,10,10,0,9.14503222847,444585.662468,8654,False
c3957531,e006_jump_025,10,20,-10,7.79911072617,323351.697081,6571,False
c3957531,e006_jump_050,10,0,10,7.97961038845,338491.951254,7054,False
c3957531,e006_jump_075,10,10,0,9.14503222847,444585.662468,6564,False
c3957531,dtw_derivative,0,0,0,14.8650943968,1174682.00307,0,False
c42fe306,last_known_tvt,0,0,0,11.2793089166,648200.2151,0,False
c42fe306,e004_geometry_prefix,0,0,0,8.84461623566,398567.769234,0,False
c42fe306,align_visible_path,0,0,0,24.5523897394,3071367.09455,0,False
c42fe306,pf_gr_path,0,0,0,17.8601118574,1625221.41937,0,False
c42fe306,trellis_gr_path,0,0,0,10.4116658339,552312.191803,0,False
c42fe306,e006_nested_fusion,0,0,0,12.1277865577,749388.93859,0,False
c42fe306,wide64_anchor,0,0,0,11.4980191399,673581.642903,0,False
c42fe306,e006_affine,10,10,0,5.51774943643,155120.122306,351,False
c42fe306,e006_quadratic,10,10,10,4.00572903154,81753.6825528,7630,False
c42fe306,wide64_quadratic,5,10,10,4.06139838757,84041.8052148,7074,False
c42fe306,pf_quadratic,15,10,10,3.80076550527,73601.4448807,8183,False
c42fe306,trellis_quadratic,0,10,10,5.57472826745,158340.347829,6516,False
c42fe306,e006_hinge_025,10,-20,80,4.36382341497,97023.854691,8264,False
c42fe306,e006_hinge_050,10,0,50,3.04914345636,47369.62029,8499,True
c42fe306,e006_hinge_075,10,10,50,4.29472198909,93975.4253293,8659,False
c42fe306,e006_jump_025,10,20,-10,4.6053388091,108060.59656,6571,False
c42fe306,e006_jump_050,10,10,0,5.51774943643,155120.122306,7078,False
c42fe306,e006_jump_075,10,0,10,4.23252812719,91273.3297004,6543,False
c42fe306,dtw_derivative,0,0,0,9.96602630155,506043.960839,0,False
c43812e2,last_known_tvt,0,0,0,7.0168640085,272129.4751,0,False
c43812e2,e004_geometry_prefix,0,0,0,6.5863814418,239763.584086,0,False
c43812e2,align_visible_path,0,0,0,6.5863814418,239763.584086,0,False
c43812e2,pf_gr_path,0,0,0,5.88399890935,191352.716374,0,False
c43812e2,trellis_gr_path,0,0,0,6.51590126627,234659.669386,0,False
c43812e2,e006_nested_fusion,0,0,0,5.99309542321,198514.324339,0,False
c43812e2,wide64_anchor,0,0,0,8.16854632696,368789.899052,0,False
c43812e2,e006_affine,0,0,0,5.99309542321,198514.324339,300,False
c43812e2,e006_quadratic,0,0,-10,4.90689048747,133076.752913,6489,False
c43812e2,wide64_quadratic,-5,0,-10,4.72328838335,123304.347573,5931,False
c43812e2,pf_quadratic,0,0,-10,4.77303097303,125915.144948,6489,False
c43812e2,trellis_quadratic,5,0,-10,5.17045499556,147756.634067,7047,False
c43812e2,e006_hinge_025,0,30,-70,5.47780180951,165844.890095,7145,False
c43812e2,e006_hinge_050,0,10,-40,5.05631655987,141305.145448,7270,False
c43812e2,e006_hinge_075,0,10,-100,4.46129401626,110004.678543,7394,True
c43812e2,e006_jump_025,0,-10,10,5.73970242181,182082.504365,5568,False
c43812e2,e006_jump_050,0,0,0,5.99309542321,198514.324339,5974,False
c43812e2,e006_jump_075,0,10,-10,5.40245906657,161314.13904,5610,False
c43812e2,dtw_derivative,0,0,0,33.0843943751,6049727.9145,0,False
c472c0b5,last_known_tvt,0,0,0,8.28128095427,209442.1419,0,False
c472c0b5,e004_geometry_prefix,0,0,0,9.72889908745,289065.612144,0,False
c472c0b5,align_visible_path,0,0,0,7.34516498193,164767.72406,0,False
c472c0b5,pf_gr_path,0,0,0,3.57478303405,39027.2912036,0,False
c472c0b5,trellis_gr_path,0,0,0,3.34438322439,34158.682009,0,False
c472c0b5,e006_nested_fusion,0,0,0,3.08661255598,29095.9987741,0,False
c472c0b5,wide64_anchor,0,0,0,7.22723305684,159519.269447,0,False
c472c0b5,e006_affine,0,0,0,3.08661255598,29095.9987741,300,False
c472c0b5,e006_quadratic,0,0,0,3.08661255598,29095.9987741,6490,False
c472c0b5,wide64_quadratic,-5,0,0,3.14239142989,30157.1013866,5932,False
c472c0b5,pf_quadratic,-5,0,0,2.51528330785,19321.5894627,5932,False
c472c0b5,trellis_quadratic,0,0,0,3.34438322439,34158.682009,6490,False
c472c0b5,e006_hinge_025,0,0,10,2.38195324148,17327.4836009,7078,True
c472c0b5,e006_hinge_050,0,0,10,2.45340524982,18382.6286149,7250,False
c472c0b5,e006_hinge_075,0,0,20,2.75970921486,23259.248579,7381,False
c472c0b5,e006_jump_025,0,0,0,3.08661255598,29095.9987741,5589,False
c472c0b5,e006_jump_050,0,0,0,3.08661255598,29095.9987741,5974,False
c472c0b5,e006_jump_075,0,0,0,3.08661255598,29095.9987741,5589,False
c472c0b5,dtw_derivative,0,0,0,2.40789954327,17707.0315628,0,False
c47e0767,last_known_tvt,0,0,0,21.4772090539,2009294.3361,0,False
c47e0767,e004_geometry_prefix,0,0,0,16.5475600068,1192767.50893,0,False
c47e0767,align_visible_path,0,0,0,16.5475600068,1192767.50893,0,False
c47e0767,pf_gr_path,0,0,0,12.7946628113,713091.994962,0,False
c47e0767,trellis_gr_path,0,0,0,17.2985225252,1303484.56805,0,False
c47e0767,e006_nested_fusion,0,0,0,14.3162549224,892784.655198,0,False
c47e0767,wide64_anchor,0,0,0,14.5273978754,919313.279011,0,False
c47e0767,e006_affine,10,10,0,4.96352828044,107317.086188,351,False
c47e0767,e006_quadratic,10,10,-10,3.79849296355,62850.7585473,7628,False
c47e0767,wide64_quadratic,10,10,-10,3.92288949642,67034.7540767,7628,False
c47e0767,pf_quadratic,10,10,-10,3.27302911193,46664.6064362,7628,True
c47e0767,trellis_quadratic,15,10,-10,4.20608866168,77062.7880512,8181,False
c47e0767,e006_hinge_025,10,30,-40,4.25778888433,78968.9054953,8377,False
c47e0767,e006_hinge_050,10,20,-40,3.49829672141,53309.0762667,8540,False
c47e0767,e006_hinge_075,10,20,-70,4.81625729979,101043.23255,8672,False
c47e0767,e006_jump_025,10,0,10,3.8994602623,66236.4227091,6529,False
c47e0767,e006_jump_050,10,10,0,4.96352828044,107317.086188,7078,False
c47e0767,e006_jump_075,10,20,-10,4.58368267679,91520.1998158,6585,False
c47e0767,dtw_derivative,0,0,0,15.5747805804,1056651.4298,0,False
c50b42f6,last_known_tvt,0,0,0,8.60426567437,445236.7942,0,False
c50b42f6,e004_geometry_prefix,0,0,0,9.84501736785,582903.142978,0,False
c50b42f6,align_visible_path,0,0,0,8.778139936,463413.224787,0,False
c50b42f6,pf_gr_path,0,0,0,8.66719752438,451773.561941,0,False
c50b42f6,trellis_gr_path,0,0,0,11.7307291172,827586.573808,0,False
c50b42f6,e006_nested_fusion,0,0,0,9.52773014897,545936.737734,0,False
c50b42f6,wide64_anchor,0,0,0,8.03652032005,388418.152351,0,False
c50b42f6,e006_affine,5,0,0,7.80994260181,366825.153509,325,False
c50b42f6,e006_quadratic,5,0,0,7.80994260181,366825.153509,7048,False
c50b42f6,wide64_quadratic,0,0,0,8.03652032005,388418.152351,6490,False
c50b42f6,pf_quadratic,5,0,0,7.8682587503,372323.707511,7048,False
c50b42f6,trellis_quadratic,5,0,0,11.1290358863,744866.614714,7048,False
c50b42f6,e006_hinge_025,5,-20,50,7.66873330501,353680.155607,7647,False
c50b42f6,e006_hinge_050,5,0,10,7.73289680022,359623.325238,7873,False
c50b42f6,e006_hinge_075,5,0,-10,7.79990254315,365882.616811,8003,False
c50b42f6,e006_jump_025,5,10,-10,7.51806781593,339919.360921,6080,False
c50b42f6,e006_jump_050,5,-10,10,7.00939062894,295477.183732,6494,True
c50b42f6,e006_jump_075,5,0,0,7.80994260181,366825.153509,6065,False
c50b42f6,dtw_derivative,0,0,0,18.9522849766,2160163.28248,0,False
c593337f,last_known_tvt,0,0,0,23.822334034,2955558.7427,0,False
c593337f,e004_geometry_prefix,0,0,0,25.1806519271,3302211.72551,0,False
c593337f,align_visible_path,0,0,0,33.0253769382,5680238.11809,0,False
c593337f,pf_gr_path,0,0,0,32.473924654,5492126.51493,0,False
c593337f,trellis_gr_path,0,0,0,30.8764598615,4965076.8688,0,False
c593337f,e006_nested_fusion,0,0,0,27.5468175989,3951971.84837,0,False
c593337f,wide64_anchor,0,0,0,26.0980654001,3547215.76381,0,False
c593337f,e006_affine,-20,-30,0,6.12313182478,195262.207334,197,False
c593337f,e006_quadratic,-20,-30,0,6.12313182478,195262.207334,4199,False
c593337f,wide64_quadratic,-20,-30,0,6.21253966377,201006.140377,4199,False
c593337f,pf_quadratic,-25,-30,0,6.2847945105,205708.92774,3656,False
c593337f,trellis_quadratic,-25,-30,0,9.24293624208,444929.180914,3656,False
c593337f,e006_hinge_025,-20,-20,-20,6.07640453229,192293.380145,4585,False
c593337f,e006_hinge_050,-20,-30,0,6.12313182478,195262.207334,4694,False
c593337f,e006_hinge_075,-20,-30,20,5.93415635053,183395.613974,4807,True
c593337f,e006_jump_025,-20,-30,0,6.12313182478,195262.207334,3649,False
c593337f,e006_jump_050,-20,-30,0,6.12313182478,195262.207334,3780,False
c593337f,e006_jump_075,-20,-30,0,6.12313182478,195262.207334,3625,False
c593337f,dtw_derivative,0,0,0,37.3137335067,7251175.00035,0,False
c59b6c4a,last_known_tvt,0,0,0,20.9526034281,2414124.7357,0,False
c59b6c4a,e004_geometry_prefix,0,0,0,21.4693245369,2534664.4965,0,False
c59b6c4a,align_visible_path,0,0,0,21.4693245369,2534664.4965,0,False
c59b6c4a,pf_gr_path,0,0,0,21.2932018691,2493249.05166,0,False
c59b6c4a,trellis_gr_path,0,0,0,22.2647000056,2725947.04801,0,False
c59b6c4a,e006_nested_fusion,0,0,0,21.7319584959,2597056.83234,0,False
c59b6c4a,wide64_anchor,0,0,0,20.3887352746,2285937.193,0,False
c59b6c4a,e006_affine,-20,-20,0,3.80107936986,79450.6758633,198,False
c59b6c4a,e006_quadratic,-20,-20,0,3.80107936986,79450.6758633,4224,False
c59b6c4a,wide64_quadratic,-15,-20,0,3.82315651806,80376.2751628,4773,False
c59b6c4a,pf_quadratic,-15,-20,0,4.17403874827,95806.8744968,4773,False
c59b6c4a,trellis_quadratic,-20,-20,0,4.95798303446,135174.195139,4224,False
c59b6c4a,e006_hinge_025,-20,-40,50,3.69175603022,74946.2151642,4542,True
c59b6c4a,e006_hinge_050,-20,-20,0,3.80107936986,79450.6758633,4719,False
c59b6c4a,e006_hinge_075,-20,-20,-10,3.74807575204,77250.3470649,4829,False
c59b6c4a,e006_jump_025,-20,-20,0,3.80107936986,79450.6758633,3670,False
c59b6c4a,e006_jump_050,-20,-20,0,3.80107936986,79450.6758633,3805,False
c59b6c4a,e006_jump_075,-20,-20,0,3.80107936986,79450.6758633,3646,False
c59b6c4a,dtw_derivative,0,0,0,53.8816490474,15964873.3403,0,False
c66be2b8,last_known_tvt,0,0,0,22.2267565123,2052195.2408,0,False
c66be2b8,e004_geometry_prefix,0,0,0,21.5412756902,1927566.32343,0,False
c66be2b8,align_visible_path,0,0,0,11.7762649703,576078.450764,0,False
c66be2b8,pf_gr_path,0,0,0,22.6120559663,2123961.28164,0,False
c66be2b8,trellis_gr_path,0,0,0,21.529332115,1925429.43504,0,False
c66be2b8,e006_nested_fusion,0,0,0,21.9579621754,2002859.83543,0,False
c66be2b8,wide64_anchor,0,0,0,27.5095356314,3143641.48341,0,False
c66be2b8,e006_affine,-15,-20,0,7.78780877571,251939.956799,223,False
c66be2b8,e006_quadratic,-15,-20,-10,7.63805361354,242343.790916,4772,False
c66be2b8,wide64_quadratic,-25,-20,-10,7.80900020746,253312.931534,3680,False
c66be2b8,pf_quadratic,-15,-20,-10,7.82588613263,254409.627083,4772,False
c66be2b8,trellis_quadratic,-15,-20,-10,8.64115585045,310177.412189,4772,False
c66be2b8,e006_hinge_025,-15,20,-100,6.24605621094,162060.908362,5279,False
c66be2b8,e006_hinge_050,-15,-10,-50,7.40413332052,227727.224207,5355,False
c66be2b8,e006_hinge_075,-15,-30,70,7.52540578256,235248.215526,5436,False
c66be2b8,e006_jump_025,-15,-30,10,6.95970829329,201209.539198,4116,False
c66be2b8,e006_jump_050,-15,-10,-10,5.37968303551,120220.870643,4344,True
c66be2b8,e006_jump_075,-15,-20,0,7.78780877571,251939.956799,4117,False
c66be2b8,dtw_derivative,0,0,0,11.0660827746,508691.312849,0,False
c6797dd7,last_known_tvt,0,0,0,5.8290098905,158470.3898,0,False
c6797dd7,e004_geometry_prefix,0,0,0,7.13418373666,237381.637873,0,False
c6797dd7,align_visible_path,0,0,0,7.13418373666,237381.637873,0,False
c6797dd7,pf_gr_path,0,0,0,6.31231137722,185838.362241,0,False
c6797dd7,trellis_gr_path,0,0,0,7.42464737381,257104.812549,0,False
c6797dd7,e006_nested_fusion,0,0,0,6.0605289088,171308.769692,0,False
c6797dd7,wide64_anchor,0,0,0,7.17417613591,240050.49826,0,False
c6797dd7,e006_affine,0,-10,0,5.33907640098,132950.756508,299,False
c6797dd7,e006_quadratic,0,-10,-10,5.07020940032,119897.556965,6464,False
c6797dd7,wide64_quadratic,-5,-10,-10,4.70637134275,103307.279191,5906,False
c6797dd7,pf_quadratic,-5,-10,-10,5.19042433604,125650.514332,5906,False
c6797dd7,trellis_quadratic,-5,-10,-10,3.98990160312,74247.6842391,5906,True
c6797dd7,e006_hinge_025,0,10,-40,4.43509574085,91741.2262109,7098,False
c6797dd7,e006_hinge_050,0,0,-30,4.44104725191,91987.6088353,7246,False
c6797dd7,e006_hinge_075,0,-10,20,5.224697984,127315.395528,7356,False
c6797dd7,e006_jump_025,0,-20,10,4.74220958225,104886.605231,5546,False
c6797dd7,e006_jump_050,0,10,-10,4.15684317719,80590.8660116,5998,False
c6797dd7,e006_jump_075,0,-10,0,5.33907640098,132950.756508,5567,False
c6797dd7,dtw_derivative,0,0,0,17.3023243095,1396263.66925,0,False
c6b782a4,last_known_tvt,0,0,0,12.8078829666,800032.1809,0,False
c6b782a4,e004_geometry_prefix,0,0,0,7.64548675471,285077.562053,0,False
c6b782a4,align_visible_path,0,0,0,7.64548675471,285077.562053,0,False
c6b782a4,pf_gr_path,0,0,0,8.64557263701,364535.882184,0,False
c6b782a4,trellis_gr_path,0,0,0,7.65475757662,285769.344217,0,False
c6b782a4,e006_nested_fusion,0,0,0,8.42963673523,346553.648055,0,False
c6b782a4,wide64_anchor,0,0,0,13.578606194,899214.169682,0,False
c6b782a4,e006_affine,-5,0,0,7.14922451679,249270.352381,275,False
c6b782a4,e006_quadratic,-5,0,10,6.2443060277,190160.851833,5933,False
c6b782a4,wide64_quadratic,-10,0,10,6.41519164306,200711.392976,5377,False
c6b782a4,pf_quadratic,-5,0,10,6.32555969438,195141.964466,5933,False
c6b782a4,trellis_quadratic,0,0,10,6.68625102684,218030.931776,6491,False
c6b782a4,e006_hinge_025,-5,0,0,7.14922451679,249270.352381,6462,False
c6b782a4,e006_hinge_050,-5,-10,40,6.34767928103,196509.118307,6605,False
c6b782a4,e006_hinge_075,-5,-10,120,4.7130390911,108331.520662,6741,True
c6b782a4,e006_jump_025,-5,0,0,7.14922451679,249270.352381,5119,False
c6b782a4,e006_jump_050,-5,20,-10,6.35213239095,196784.930494,5479,False
c6b782a4,e006_jump_075,-5,-10,10,5.55844683046,150681.407102,5092,False
c6b782a4,dtw_derivative,0,0,0,20.4577001183,2041109.81886,0,False
c6c96179,last_known_tvt,0,0,0,8.7726479183,308145.2434,0,False
c6c96179,e004_geometry_prefix,0,0,0,8.64084027789,298955.139315,0,False
c6c96179,align_visible_path,0,0,0,8.64084027789,298955.139315,0,False
c6c96179,pf_gr_path,0,0,0,6.95798572198,193847.915491,0,False
c6c96179,trellis_gr_path,0,0,0,8.61418266382,297113.388435,0,False
c6c96179,e006_nested_fusion,0,0,0,8.03865305489,258738.251519,0,False
c6c96179,wide64_anchor,0,0,0,6.75297508146,182593.100493,0,False
c6c96179,e006_affine,5,0,0,4.89857361103,96080.0777843,325,False
c6c96179,e006_quadratic,5,0,-10,3.90424365108,61033.446422,7047,False
c6c96179,wide64_quadratic,5,0,-10,3.57928697266,51296.4261116,7047,False
c6c96179,pf_quadratic,5,0,-10,3.58915209998,51579.5792384,7047,False
c6c96179,trellis_quadratic,5,0,-10,4.27276678048,73099.1699854,7047,False
c6c96179,e006_hinge_025,5,30,-70,2.80690375341,31546.3495583,7760,True
c6c96179,e006_hinge_050,5,10,-40,3.99120795985,63782.6828789,7893,False
c6c96179,e006_hinge_075,5,0,-10,4.84611253536,94033.1660484,8003,False
c6c96179,e006_jump_025,5,-10,10,4.27951056792,73330.0996465,6038,False
c6c96179,e006_jump_050,5,0,0,4.89857361103,96080.0777843,6518,False
c6c96179,e006_jump_075,5,0,0,4.89857361103,96080.0777843,6065,False
c6c96179,dtw_derivative,0,0,0,14.601033587,853613.48796,0,False
c70c0e01,last_known_tvt,0,0,0,8.96490106674,346553.0733,0,False
c70c0e01,e004_geometry_prefix,0,0,0,8.37356373795,302342.648432,0,False
c70c0e01,align_visible_path,0,0,0,8.37356373795,302342.648432,0,False
c70c0e01,pf_gr_path,0,0,0,11.8196552906,602404.731121,0,False
c70c0e01,trellis_gr_path,0,0,0,7.62454972209,250672.766499,0,False
c70c0e01,e006_nested_fusion,0,0,0,10.5208128551,477284.513501,0,False
c70c0e01,wide64_anchor,0,0,0,11.6755462334,587804.853907,0,False
c70c0e01,e006_affine,-5,-10,0,6.29398331528,170816.542396,274,False
c70c0e01,e006_quadratic,-5,-10,-10,5.40782427084,126102.557141,5906,False
c70c0e01,wide64_quadratic,-10,-10,-10,5.33753032581,122845.559669,5350,False
c70c0e01,pf_quadratic,-10,-10,-10,5.32619340272,122324.265535,5350,False
c70c0e01,trellis_quadratic,-5,-10,-10,5.62086782056,136233.996602,5906,False
c70c0e01,e006_hinge_025,-5,0,-20,6.12530359937,161783.412124,6460,False
c70c0e01,e006_hinge_050,-5,0,-40,5.46051663847,128571.947327,6622,False
c70c0e01,e006_hinge_075,-5,0,-100,5.05219746364,110062.503,6744,False
c70c0e01,e006_jump_025,-5,-10,0,6.29398331528,170816.542396,5097,False
c70c0e01,e006_jump_050,-5,-20,10,5.49052040381,129988.751281,5381,False
c70c0e01,e006_jump_075,-5,0,-10,4.1113117612,72885.2375232,5112,True
c70c0e01,dtw_derivative,0,0,0,7.5110317559,243264.058741,0,False
c84c65be,last_known_tvt,0,0,0,9.7383880198,805728.3656,0,False
c84c65be,e004_geometry_prefix,0,0,0,8.65455100424,636361.046211,0,False
c84c65be,align_visible_path,0,0,0,15.5959475962,2066512.50777,0,False
c84c65be,pf_gr_path,0,0,0,8.45527112194,607392.716398,0,False
c84c65be,trellis_gr_path,0,0,0,9.25307864424,727422.969512,0,False
c84c65be,e006_nested_fusion,0,0,0,8.3870020267,597623.958253,0,False
c84c65be,wide64_anchor,0,0,0,8.05127231814,550736.088553,0,False
c84c65be,e006_affine,5,0,0,8.00600014881,544559.942099,325,False
c84c65be,e006_quadratic,5,0,-10,7.76522998872,512298.577423,7047,False
c84c65be,wide64_quadratic,0,0,-10,7.81189761427,518474.723877,6489,False
c84c65be,pf_quadratic,5,0,-10,7.57083849548,486970.291578,7047,False
c84c65be,trellis_quadratic,5,0,-10,7.11415385472,429992.628343,7047,True
c84c65be,e006_hinge_025,5,10,-30,7.73669932927,508540.964283,7714,False
c84c65be,e006_hinge_050,5,10,-50,7.34044647976,457782.784821,7892,False
c84c65be,e006_hinge_075,5,0,-30,7.7391198821,508859.224764,8001,False
c84c65be,e006_jump_025,5,0,0,8.00600014881,544559.942099,6059,False
c84c65be,e006_jump_050,5,0,0,8.00600014881,544559.942099,6518,False
c84c65be,e006_jump_075,5,10,-10,7.29206208276,451767.743383,6086,False
c84c65be,dtw_derivative,0,0,0,10.847341461,999680.283294,0,False
c8d9680c,last_known_tvt,0,0,0,42.7704389978,11489898.9494,0,False
c8d9680c,e004_geometry_prefix,0,0,0,43.9932501406,12156285.4499,0,False
c8d9680c,align_visible_path,0,0,0,53.2913474764,17837837.2232,0,False
c8d9680c,pf_gr_path,0,0,0,39.7577887353,9928262.16671,0,False
c8d9680c,trellis_gr_path,0,0,0,42.0407836547,11101212.0666,0,False
c8d9680c,e006_nested_fusion,0,0,0,41.6544956924,10898144.3285,0,False
c8d9680c,wide64_anchor,0,0,0,40.2076119828,10154191.5974,0,False
c8d9680c,e006_affine,40,20,0,12.0866820248,917577.98915,502,False
c8d9680c,e006_quadratic,40,20,-30,6.75475951392,286581.780627,10873,False
c8d9680c,wide64_quadratic,35,20,-30,6.51052808375,266232.595812,10357,False
c8d9680c,pf_quadratic,35,20,-30,6.3909990068,256546.617823,10357,True
c8d9680c,trellis_quadratic,40,20,-30,6.92248450242,300990.492581,10873,False
c8d9680c,e006_hinge_025,40,70,-120,7.626904301,365363.692349,11992,False
c8d9680c,e006_hinge_050,40,50,-110,7.89494255152,391495.470479,12229,False
c8d9680c,e006_hinge_075,40,30,-120,9.8404450375,608216.605965,12391,False
c8d9680c,e006_jump_025,40,0,20,7.29902611258,334625.187949,9292,False
c8d9680c,e006_jump_050,40,40,-10,11.4074937201,817352.264394,10133,False
c8d9680c,e006_jump_075,40,30,-10,10.6558729304,713192.650893,9385,False
c8d9680c,dtw_derivative,0,0,0,28.1295738115,4969985.22821,0,False
c908edd0,last_known_tvt,0,0,0,8.76502836056,406638.5474,0,False
c908edd0,e004_geometry_prefix,0,0,0,9.76263603223,504470.866742,0,False
c908edd0,align_visible_path,0,0,0,13.6732234443,989563.609328,0,False
c908edd0,pf_gr_path,0,0,0,16.546180747,1449096.88308,0,False
c908edd0,trellis_gr_path,0,0,0,9.19864029476,447867.106461,0,False
c908edd0,e006_nested_fusion,0,0,0,11.5218892184,702666.557642,0,False
c908edd0,wide64_anchor,0,0,0,11.3540485439,682344.016263,0,False
c908edd0,e006_affine,-5,-20,0,5.06834472323,135967.20981,273,False
c908edd0,e006_quadratic,-5,-20,-10,3.97756229749,83740.5626882,5881,False
c908edd0,wide64_quadratic,-5,-20,-10,3.90434215247,80685.8972974,5881,False
c908edd0,pf_quadratic,-15,-20,-10,4.01485809094,85318.3195006,4772,False
c908edd0,trellis_quadratic,0,-10,-10,4.58749466452,111391.752923,6464,False
c908edd0,e006_hinge_025,-5,10,-60,3.00694718132,47857.8840421,6481,True
c908edd0,e006_hinge_050,-5,0,-60,3.38334823801,60589.2107712,6620,False
c908edd0,e006_hinge_075,-5,-10,-60,3.80049375138,76450.7833285,6723,False
c908edd0,e006_jump_025,-5,-30,10,4.94847992486,129612.091729,5055,False
c908edd0,e006_jump_050,-5,-20,0,5.06834472323,135967.20981,5380,False
c908edd0,e006_jump_075,-5,0,-10,4.72685737159,118262.454976,5112,False
c908edd0,dtw_derivative,0,0,0,7.97045713943,336254.693852,0,False
c9578d27,last_known_tvt,0,0,0,10.3067563682,476650.5408,0,False
c9578d27,e004_geometry_prefix,0,0,0,10.109480642,458578.574041,0,False
c9578d27,align_visible_path,0,0,0,29.525714199,3911622.11395,0,False
c9578d27,pf_gr_path,0,0,0,13.2205276333,784248.408505,0,False
c9578d27,trellis_gr_path,0,0,0,11.4005773789,583189.58944,0,False
c9578d27,e006_nested_fusion,0,0,0,10.1819089091,465172.984154,0,False
c9578d27,wide64_anchor,0,0,0,10.2242741535,469052.053678,0,False
c9578d27,e006_affine,0,10,0,10.0691217183,454924.421038,301,False
c9578d27,e006_quadratic,0,10,-20,8.58366470164,330599.017799,6513,False
c9578d27,wide64_quadratic,0,10,-20,8.63387587598,334478.087324,6513,False
c9578d27,pf_quadratic,10,10,-20,8.40838155255,317234.850055,7627,False
c9578d27,trellis_quadratic,0,10,-20,9.62449202178,415634.609041,6513,False
c9578d27,e006_hinge_025,0,30,-60,9.52258721271,406879.666833,7146,False
c9578d27,e006_hinge_050,0,30,-100,6.89785462072,213493.24748,7314,True
c9578d27,e006_hinge_075,0,10,-80,8.78265990232,346105.260825,7396,False
c9578d27,e006_jump_025,0,-10,10,8.18690923114,300743.341139,5568,False
c9578d27,e006_jump_050,0,-10,10,9.93714021796,443076.692877,5950,False
c9578d27,e006_jump_075,0,20,-10,8.5359570904,326934.322196,5632,False
c9578d27,dtw_derivative,0,0,0,49.732230993,11097673.7655,0,False
c96c018a,last_known_tvt,0,0,0,12.859960619,1031300.8693,0,False
c96c018a,e004_geometry_prefix,0,0,0,8.95679129259,500277.551576,0,False
c96c018a,align_visible_path,0,0,0,18.9625527787,2242330.95157,0,False
c96c018a,pf_gr_path,0,0,0,6.81785260602,289868.699886,0,False
c96c018a,trellis_gr_path,0,0,0,9.74715607931,592463.973992,0,False
c96c018a,e006_nested_fusion,0,0,0,7.709453956,370640.902349,0,False
c96c018a,wide64_anchor,0,0,0,10.0741194493,632878.43638,0,False
c96c018a,e006_affine,5,0,0,6.41800282483,256865.580979,325,False
c96c018a,e006_quadratic,5,0,-20,4.43632706692,122730.702559,7046,False
c96c018a,wide64_quadratic,10,0,-20,4.90806912122,150219.892622,7602,False
c96c018a,pf_quadratic,0,0,-20,4.99733446373,155733.821466,6488,False
c96c018a,trellis_quadratic,5,0,-20,5.12054285616,163507.665208,7046,False
c96c018a,e006_hinge_025,5,50,-110,3.35104117058,70027.0181163,7806,True
c96c018a,e006_hinge_050,5,20,-70,4.31799337346,116270.636398,7915,False
c96c018a,e006_hinge_075,5,10,-80,5.25281912518,172064.390239,8021,False
c96c018a,e006_jump_025,5,-10,10,3.98030402153,98795.8261673,6038,False
c96c018a,e006_jump_050,5,20,-10,6.33417355441,250199.261794,6567,False
c96c018a,e006_jump_075,5,10,-10,5.79291141703,209266.582267,6086,False
c96c018a,dtw_derivative,0,0,0,29.7275509497,5510923.35218,0,False
c99f9fae,last_known_tvt,0,0,0,5.40523137401,185846.3232,0,False
c99f9fae,e004_geometry_prefix,0,0,0,8.88657439824,502335.83205,0,False
c99f9fae,align_visible_path,0,0,0,13.5971236736,1176032.95294,0,False
c99f9fae,pf_gr_path,0,0,0,13.8462639637,1219524.72282,0,False
c99f9fae,trellis_gr_path,0,0,0,12.2975929263,961979.066518,0,False
c99f9fae,e006_nested_fusion,0,0,0,10.7706627969,737921.653438,0,False
c99f9fae,wide64_anchor,0,0,0,12.5577907787,1003117.67288,0,False
c99f9fae,e006_affine,-10,-10,0,3.07109643524,59994.6195139,249,False
c99f9fae,e006_quadratic,-10,-10,-10,2.88094723228,52795.3900919,5350,False
c99f9fae,wide64_quadratic,-10,-10,-10,3.03429324773,58565.3167995,5350,False
c99f9fae,pf_quadratic,-10,-10,-10,3.29596971634,69102.1915362,5350,False
c99f9fae,trellis_quadratic,-10,-10,0,5.35737013221,182569.69912,5351,False
c99f9fae,e006_hinge_025,-10,0,-20,2.65449341728,44821.7388583,5846,True
c99f9fae,e006_hinge_050,-10,0,-30,2.66460171249,45163.7506424,6001,False
c99f9fae,e006_hinge_075,-10,-10,-10,2.99707560178,57137.4418175,6103,False
c99f9fae,e006_jump_025,-10,-10,0,3.07109643524,59994.6195139,4628,False
c99f9fae,e006_jump_050,-10,-10,0,3.07109643524,59994.6195139,4870,False
c99f9fae,e006_jump_075,-10,-10,0,3.07109643524,59994.6195139,4614,False
c99f9fae,dtw_derivative,0,0,0,43.0651945349,11797180.4458,0,False
c9e6734f,last_known_tvt,0,0,0,10.3103716115,503348.3167,0,False
c9e6734f,e004_geometry_prefix,0,0,0,11.2364745717,597833.338395,0,False
c9e6734f,align_visible_path,0,0,0,13.0783301623,809887.278415,0,False
c9e6734f,pf_gr_path,0,0,0,13.6395236212,880883.322846,0,False
c9e6734f,trellis_gr_path,0,0,0,11.9170712605,672448.541474,0,False
c9e6734f,e006_nested_fusion,0,0,0,10.8768661999,560179.943794,0,False
c9e6734f,wide64_anchor,0,0,0,11.4595318345,621804.318818,0,False
c9e6734f,e006_affine,0,20,0,5.95984780721,168186.186166,302,False
c9e6734f,e006_quadratic,0,20,0,5.95984780721,168186.186166,6540,False
c9e6734f,wide64_quadratic,-5,20,0,5.61895048629,149496.282626,5982,False
c9e6734f,pf_quadratic,-10,20,0,5.83099745916,160992.516031,5426,False
c9e6734f,trellis_quadratic,5,10,10,6.949562623,228683.551782,7074,False
c9e6734f,e006_hinge_025,0,0,40,5.10319150801,123311.538492,7081,False
c9e6734f,e006_hinge_050,0,10,20,5.56687470449,146738.094974,7276,False
c9e6734f,e006_hinge_075,0,20,-30,5.52199346812,144381.570167,7426,False
c9e6734f,e006_jump_025,0,20,0,5.95984780721,168186.186166,5633,False
c9e6734f,e006_jump_050,0,0,10,4.17690867241,82609.4902831,5975,True
c9e6734f,e006_jump_075,0,20,0,5.95984780721,168186.186166,5633,False
c9e6734f,dtw_derivative,0,0,0,58.1124952938,15990389.0874,0,False
c9e980e8,last_known_tvt,0,0,0,9.74173491838,413675.1992,0,False
c9e980e8,e004_geometry_prefix,0,0,0,15.7984381251,1087965.63111,0,False
c9e980e8,align_visible_path,0,0,0,18.5161488496,1494473.42167,0,False
c9e980e8,pf_gr_path,0,0,0,8.3654941901,305049.328181,0,False
c9e980e8,trellis_gr_path,0,0,0,14.6080386261,930187.900514,0,False
c9e980e8,e006_nested_fusion,0,0,0,8.49311265356,314427.583739,0,False
c9e980e8,wide64_anchor,0,0,0,7.34665569803,235269.832412,0,False
c9e980e8,e006_affine,-5,-10,0,3.15726927923,43452.0346055,274,False
c9e980e8,e006_quadratic,-5,-10,0,3.15726927923,43452.0346055,5907,False
c9e980e8,wide64_quadratic,5,-10,0,3.7692930132,61930.7968426,7023,False
c9e980e8,pf_quadratic,5,-10,0,4.02577983442,70645.8913766,7023,False
c9e980e8,trellis_quadratic,-10,-10,0,4.72891499694,97478.7348935,5351,False
c9e980e8,e006_hinge_025,-5,0,-20,3.1070395362,42080.4551081,6460,True
c9e980e8,e006_hinge_050,-5,-10,0,3.15726927923,43452.0346055,6601,False
c9e980e8,e006_hinge_075,-5,-10,10,3.12496549209,42567.4192554,6730,False
c9e980e8,e006_jump_025,-5,-10,0,3.15726927923,43452.0346055,5097,False
c9e980e8,e006_jump_050,-5,0,-10,3.13309353646,42789.1431967,5429,False
c9e980e8,e006_jump_075,-5,-10,0,3.15726927923,43452.0346055,5091,False
c9e980e8,dtw_derivative,0,0,0,8.64323544635,325641.357239,0,False
c9fedcf3,last_known_tvt,0,0,0,7.47171460671,196341.8679,0,False
c9fedcf3,e004_geometry_prefix,0,0,0,4.35666349509,66754.477619,0,False
c9fedcf3,align_visible_path,0,0,0,4.35666349509,66754.477619,0,False
c9fedcf3,pf_gr_path,0,0,0,3.56535144245,44707.1576041,0,False
c9fedcf3,trellis_gr_path,0,0,0,4.32990499425,65936.9877208,0,False
c9fedcf3,e006_nested_fusion,0,0,0,3.72154592215,48710.1125463,0,False
c9fedcf3,wide64_anchor,0,0,0,3.40165235475,40696.0466577,0,True
c9fedcf3,e006_affine,0,0,0,3.72154592215,48710.1125463,300,False
c9fedcf3,e006_quadratic,0,0,0,3.72154592215,48710.1125463,6490,False
c9fedcf3,wide64_quadratic,0,0,0,3.40165235475,40696.0466577,6490,False
c9fedcf3,pf_quadratic,0,0,0,3.56535144245,44707.1576041,6490,False
c9fedcf3,trellis_quadratic,5,0,0,3.79040508679,50529.339429,7048,False
c9fedcf3,e006_hinge_025,0,10,-20,3.51826207779,43534.017025,7100,False
c9fedcf3,e006_hinge_050,0,10,-30,3.52938189241,43809.6390199,7271,False
c9fedcf3,e006_hinge_075,0,0,10,3.68419781151,47737.3436299,7380,False
c9fedcf3,e006_jump_025,0,0,0,3.72154592215,48710.1125463,5589,False
c9fedcf3,e006_jump_050,0,0,0,3.72154592215,48710.1125463,5974,False
c9fedcf3,e006_jump_075,0,0,0,3.72154592215,48710.1125463,5589,False
c9fedcf3,dtw_derivative,0,0,0,12.4146840624,542055.445754,0,False
cad13e8f,last_known_tvt,0,0,0,17.0222961311,1404749.5259,0,False
cad13e8f,e004_geometry_prefix,0,0,0,7.6082648822,280629.847022,0,False
cad13e8f,align_visible_path,0,0,0,7.6082648822,280629.847022,0,False
cad13e8f,pf_gr_path,0,0,0,5.54022119123,148804.75851,0,False
cad13e8f,trellis_gr_path,0,0,0,7.50338696544,272946.355741,0,False
cad13e8f,e006_nested_fusion,0,0,0,6.41944320946,199782.449427,0,False
cad13e8f,wide64_anchor,0,0,0,14.2284160867,981467.052383,0,False
cad13e8f,e006_affine,-5,-10,0,3.77483963815,69081.160496,274,False
cad13e8f,e006_quadratic,-5,-10,0,3.77483963815,69081.160496,5907,False
cad13e8f,wide64_quadratic,-15,-10,0,4.04114411728,79171.9403252,4798,False
cad13e8f,pf_quadratic,-5,-10,0,4.23602686219,86992.1415021,5907,False
cad13e8f,trellis_quadratic,-5,-10,0,3.56375023298,61571.1306254,5907,False
cad13e8f,e006_hinge_025,-5,-20,30,2.60864005851,32990.6543253,6415,True
cad13e8f,e006_hinge_050,-5,-10,10,3.11128414124,46929.0715084,6602,False
cad13e8f,e006_hinge_075,-5,-10,20,3.48649115435,58930.4485203,6731,False
cad13e8f,e006_jump_025,-5,-10,0,3.77483963815,69081.160496,5097,False
cad13e8f,e006_jump_050,-5,-20,10,3.62799601506,63811.0974536,5381,False
cad13e8f,e006_jump_075,-5,-10,0,3.77483963815,69081.160496,5091,False
cad13e8f,dtw_derivative,0,0,0,11.629738754,655695.992258,0,False
cb34231f,last_known_tvt,0,0,0,5.41890649176,164705.7473,0,False
cb34231f,e004_geometry_prefix,0,0,0,5.42515652931,165085.901769,0,False
cb34231f,align_visible_path,0,0,0,29.0220883325,4724357.55709,0,False
cb34231f,pf_gr_path,0,0,0,15.2247743564,1300131.16733,0,False
cb34231f,trellis_gr_path,0,0,0,3.8829214582,84567.3363947,0,True
cb34231f,e006_nested_fusion,0,0,0,6.012556302,202770.023894,0,False
cb34231f,wide64_anchor,0,0,0,10.3764962373,603930.420374,0,False
cb34231f,e006_affine,-5,0,0,5.17099275958,149979.982765,275,False
cb34231f,e006_quadratic,-5,0,0,5.17099275958,149979.982765,5932,False
cb34231f,wide64_quadratic,-10,0,0,5.00655313772,140592.806365,5376,False
cb34231f,pf_quadratic,-15,-10,0,5.66589476682,180062.15692,4798,False
cb34231f,trellis_quadratic,0,0,0,3.8829214582,84567.3363947,6490,False
cb34231f,e006_hinge_025,-5,-30,70,4.23658933012,100674.197454,6394,False
cb34231f,e006_hinge_050,-5,0,0,5.17099275958,149979.982765,6626,False
cb34231f,e006_hinge_075,-5,0,0,5.17099275958,149979.982765,6754,False
cb34231f,e006_jump_025,-5,0,0,5.17099275958,149979.982765,5119,False
cb34231f,e006_jump_050,-5,-20,10,4.9449921586,137156.582239,5381,False
cb34231f,e006_jump_075,-5,0,0,5.17099275958,149979.982765,5113,False
cb34231f,dtw_derivative,0,0,0,11.4151891318,730889.399203,0,False
cb879f40,last_known_tvt,0,0,0,8.7964376688,488637.7484,0,False
cb879f40,e004_geometry_prefix,0,0,0,8.51932907802,458336.182539,0,False
cb879f40,align_visible_path,0,0,0,8.51932907802,458336.182539,0,False
cb879f40,pf_gr_path,0,0,0,9.57378767928,578816.547484,0,False
cb879f40,trellis_gr_path,0,0,0,8.45017321866,450925.274191,0,False
cb879f40,e006_nested_fusion,0,0,0,8.99129704091,510526.212947,0,False
cb879f40,wide64_anchor,0,0,0,9.57604441137,579089.45678,0,False
cb879f40,e006_affine,-5,0,0,8.88953831253,499035.874254,275,False
cb879f40,e006_quadratic,-5,0,10,8.523499975,458785.077268,5933,False
cb879f40,wide64_quadratic,-5,0,10,8.23658942226,428418.474539,5933,False
cb879f40,pf_quadratic,-5,0,10,8.35404776614,440724.570409,5933,False
cb879f40,trellis_quadratic,0,0,10,8.16995183115,421514.333111,6491,False
cb879f40,e006_hinge_025,-5,-30,60,8.23815284188,428581.129585,6393,False
cb879f40,e006_hinge_050,-5,-20,60,7.76513937175,380778.014457,6582,False
cb879f40,e006_hinge_075,-5,0,-30,8.68105639205,475903.073617,6751,False
cb879f40,e006_jump_025,-5,10,-10,7.02382363796,311544.832009,5140,True
cb879f40,e006_jump_050,-5,-20,10,8.43023839276,448800.22575,5381,False
cb879f40,e006_jump_075,-5,-10,10,8.54057919672,460625.528392,5092,False
cb879f40,dtw_derivative,0,0,0,8.51430900382,457796.186086,0,False
cbb406b5,last_known_tvt,0,0,0,11.364887498,817328.7061,0,False
cbb406b5,e004_geometry_prefix,0,0,0,10.0389813997,637743.101659,0,False
cbb406b5,align_visible_path,0,0,0,8.24197583685,429862.08852,0,False
cbb406b5,pf_gr_path,0,0,0,9.22537370657,538560.386724,0,False
cbb406b5,trellis_gr_path,0,0,0,11.2157190562,796014.015777,0,False
cbb406b5,e006_nested_fusion,0,0,0,9.71359516187,597071.67517,0,False
cbb406b5,wide64_anchor,0,0,0,12.4071227731,974111.409164,0,False
cbb406b5,e006_affine,5,0,0,7.58158914294,363736.565604,325,False
cbb406b5,e006_quadratic,5,0,0,7.58158914294,363736.565604,7048,False
cbb406b5,wide64_quadratic,10,0,0,7.48880611434,354888.269291,7604,False
cbb406b5,pf_quadratic,5,0,0,7.50257666932,356194.619465,7048,False
cbb406b5,trellis_quadratic,5,-10,0,8.52165272479,459530.280345,7023,False
cbb406b5,e006_hinge_025,5,20,-60,6.7705018265,290073.58985,7736,False
cbb406b5,e006_hinge_050,5,0,-10,7.26858823449,334323.26851,7871,False
cbb406b5,e006_hinge_075,5,-10,60,7.00679005167,310673.836009,7985,False
cbb406b5,e006_jump_025,5,-20,10,7.54338165592,360079.695874,6016,False
cbb406b5,e006_jump_050,5,10,-10,5.23188445628,173213.907491,6542,True
cbb406b5,e006_jump_075,5,0,0,7.58158914294,363736.565604,6065,False
cbb406b5,dtw_derivative,0,0,0,22.447680628,3188668.85738,0,False
cbe51de1,last_known_tvt,0,0,0,15.0222020617,894316.5566,0,False
cbe51de1,e004_geometry_prefix,0,0,0,9.98382798789,395019.24278,0,False
cbe51de1,align_visible_path,0,0,0,9.98382798789,395019.24278,0,False
cbe51de1,pf_gr_path,0,0,0,8.74877294116,303332.093869,0,False
cbe51de1,trellis_gr_path,0,0,0,10.9439921216,474652.328575,0,False
cbe51de1,e006_nested_fusion,0,0,0,8.74433927775,303024.72925,0,False
cbe51de1,wide64_anchor,0,0,0,9.35613326028,346910.040842,0,False
cbe51de1,e006_affine,0,0,0,8.74433927775,303024.72925,300,False
cbe51de1,e006_quadratic,0,0,-20,5.683509046,128013.916126,6488,False
cbe51de1,wide64_quadratic,5,0,-20,5.57212578678,123045.545461,7046,False
cbe51de1,pf_quadratic,0,0,-20,5.6903280791,128321.280746,6488,False
cbe51de1,trellis_quadratic,5,10,-20,6.40073392657,162361.711587,7071,False
cbe51de1,e006_hinge_025,0,40,-90,7.92476566331,248883.972573,7168,False
cbe51de1,e006_hinge_050,0,30,-110,5.26307549537,109774.956024,7313,False
cbe51de1,e006_hinge_075,0,10,-120,5.25750474593,109542.694436,7392,True
cbe51de1,e006_jump_025,0,-10,10,6.62744451677,174066.931521,5568,False
cbe51de1,e006_jump_050,0,-10,10,7.69543240773,234687.59161,5950,False
cbe51de1,e006_jump_075,0,10,-10,5.75509345448,131258.921954,5610,False
cbe51de1,dtw_derivative,0,0,0,19.9595034526,1578786.98651,0,False
cbe62450,last_known_tvt,0,0,0,18.6070634129,2166662.3378,0,False
cbe62450,e004_geometry_prefix,0,0,0,22.1035112256,3057441.07479,0,False
cbe62450,align_visible_path,0,0,0,10.9460989863,749815.305529,0,False
cbe62450,pf_gr_path,0,0,0,11.7962230697,870806.198963,0,False
cbe62450,trellis_gr_path,0,0,0,21.325590148,2846018.21611,0,False
cbe62450,e006_nested_fusion,0,0,0,14.4807010197,1312244.41325,0,False
cbe62450,wide64_anchor,0,0,0,12.8209883997,1028675.91911,0,False
cbe62450,e006_affine,10,0,0,11.08019068,768298.574405,350,False
cbe62450,e006_quadratic,10,0,-30,7.55167365109,356879.815528,7601,False
cbe62450,wide64_quadratic,5,0,-30,7.66815625641,367974.282292,7045,False
cbe62450,pf_quadratic,0,-10,-30,7.63525752662,364823.611621,6462,False
cbe62450,trellis_quadratic,20,0,-20,7.45546587258,347844.492879,8704,False
cbe62450,e006_hinge_025,10,40,-100,9.76946598625,597278.950078,8396,False
cbe62450,e006_hinge_050,10,20,-90,8.07660142922,408218.668466,8535,False
cbe62450,e006_hinge_075,10,10,-120,6.80007227358,289376.071151,8642,True
cbe62450,e006_jump_025,10,-10,10,10.1637924267,646468.149496,6507,False
cbe62450,e006_jump_050,10,-20,10,10.6930116432,715542.836497,7004,False
cbe62450,e006_jump_075,10,10,-10,9.38082399487,550703.116513,6563,False
cbe62450,dtw_derivative,0,0,0,21.8946936962,2999945.0962,0,False
cc08aa63,last_known_tvt,0,0,0,12.9889412422,552365.0347,0,False
cc08aa63,e004_geometry_prefix,0,0,0,9.69872311618,307969.563296,0,False
cc08aa63,align_visible_path,0,0,0,9.69872311618,307969.563296,0,False
cc08aa63,pf_gr_path,0,0,0,7.09532414174,164825.02719,0,False
cc08aa63,trellis_gr_path,0,0,0,9.00218725885,265322.915202,0,False
cc08aa63,e006_nested_fusion,0,0,0,8.40065048476,231049.220129,0,False
cc08aa63,wide64_anchor,0,0,0,8.11293531236,215493.761258,0,False
cc08aa63,e006_affine,5,10,0,5.84856679871,111989.571803,326,False
cc08aa63,e006_quadratic,5,10,-10,4.12926901756,55824.5242159,7072,False
cc08aa63,wide64_quadratic,5,10,-10,4.1069533771,55222.7742204,7072,False
cc08aa63,pf_quadratic,5,10,-10,4.56429700621,68206.6106446,7072,False
cc08aa63,trellis_quadratic,5,10,-20,5.45934629288,97579.8084099,7071,False
cc08aa63,e006_hinge_025,5,30,-60,4.68576964475,71885.3752739,7761,False
cc08aa63,e006_hinge_050,5,20,-60,2.39741008349,18817.560905,7916,True
cc08aa63,e006_hinge_075,5,10,-60,4.08931636532,54749.492291,8023,False
cc08aa63,e006_jump_025,5,-10,10,4.38779571552,63033.5075634,6038,False
cc08aa63,e006_jump_050,5,10,0,5.84856679871,111989.571803,6543,False
cc08aa63,e006_jump_075,5,20,-10,3.49677054147,40032.5214152,6108,False
cc08aa63,dtw_derivative,0,0,0,7.67024537406,192618.142258,0,False
cc8a1d57,last_known_tvt,0,0,0,27.5553901508,5040230.256,0,False
cc8a1d57,e004_geometry_prefix,0,0,0,28.0888945231,5237289.03833,0,False
cc8a1d57,align_visible_path,0,0,0,48.5842122683,15668505.6753,0,False
cc8a1d57,pf_gr_path,0,0,0,34.1889004351,7759031.50025,0,False
cc8a1d57,trellis_gr_path,0,0,0,30.2116806993,6058805.6292,0,False
cc8a1d57,e006_nested_fusion,0,0,0,30.9680294329,6365967.10609,0,False
cc8a1d57,wide64_anchor,0,0,0,30.4393753075,6150475.86774,0,False
cc8a1d57,e006_affine,-30,0,0,11.943344741,946867.444149,150,False
cc8a1d57,e006_quadratic,-30,0,40,4.91984300931,160671.829058,3200,True
cc8a1d57,wide64_quadratic,-30,0,40,5.11185238767,173457.809224,3200,False
cc8a1d57,pf_quadratic,-30,-10,40,5.37051493048,191456.054445,3175,False
cc8a1d57,trellis_quadratic,-25,0,40,5.47742317466,199154.368842,3735,False
cc8a1d57,e006_hinge_025,-30,-50,110,9.10472688989,550263.991447,3345,False
cc8a1d57,e006_hinge_050,-30,-30,120,5.87304804193,228962.498144,3492,False
cc8a1d57,e006_hinge_075,-30,-10,120,7.41510450114,364982.296875,3627,False
cc8a1d57,e006_jump_025,-30,20,-20,8.62646172974,493972.359028,2829,False
cc8a1d57,e006_jump_050,-30,0,0,11.943344741,946867.444149,2858,False
cc8a1d57,e006_jump_075,-30,-30,20,7.88483680428,412688.784193,2695,False
cc8a1d57,dtw_derivative,0,0,0,71.2202613978,33670097.5557,0,False
ccedb12b,last_known_tvt,0,0,0,10.6090605116,495342.0779,0,False
ccedb12b,e004_geometry_prefix,0,0,0,8.5928872793,324959.769609,0,False
ccedb12b,align_visible_path,0,0,0,8.5928872793,324959.769609,0,False
ccedb12b,pf_gr_path,0,0,0,8.47188881895,315872.533607,0,False
ccedb12b,trellis_gr_path,0,0,0,8.61050527153,326293.665338,0,False
ccedb12b,e006_nested_fusion,0,0,0,8.5549055525,322093.386063,0,False
ccedb12b,wide64_anchor,0,0,0,8.36790065218,308165.77159,0,False
ccedb12b,e006_affine,0,-10,0,6.47324246457,184414.52209,299,False
ccedb12b,e006_quadratic,0,-10,-20,4.63523949189,94557.4440927,6463,False
ccedb12b,wide64_quadratic,0,-10,-20,4.2802800679,80629.8296199,6463,False
ccedb12b,pf_quadratic,0,-10,-20,4.27699765462,80506.2120347,6463,False
ccedb12b,trellis_quadratic,0,-10,-20,4.10419960948,74132.443966,6463,True
ccedb12b,e006_hinge_025,0,20,-70,5.21360766996,119626.683424,7120,False
ccedb12b,e006_hinge_050,0,0,-40,5.31105237071,124140.227329,7245,False
ccedb12b,e006_hinge_075,0,0,-110,4.18749069603,77171.8797274,7368,False
ccedb12b,e006_jump_025,0,-20,10,5.34232915472,125606.655989,5546,False
ccedb12b,e006_jump_050,0,-10,0,6.47324246457,184414.52209,5949,False
ccedb12b,e006_jump_075,0,0,-10,5.76807575336,146424.341443,5588,False
ccedb12b,dtw_derivative,0,0,0,18.7326894006,1544370.98324,0,False
cd7f1687,last_known_tvt,0,0,0,10.5731628381,473102.7808,0,False
cd7f1687,e004_geometry_prefix,0,0,0,10.0279897274,425572.365983,0,False
cd7f1687,align_visible_path,0,0,0,6.21446447319,163438.01469,0,False
cd7f1687,pf_gr_path,0,0,0,6.32534450985,169322.248768,0,False
cd7f1687,trellis_gr_path,0,0,0,9.76402168223,403462.457348,0,False
cd7f1687,e006_nested_fusion,0,0,0,7.93943029375,266762.229943,0,False
cd7f1687,wide64_anchor,0,0,0,6.57722843648,183076.040289,0,False
cd7f1687,e006_affine,-5,0,0,5.84581334456,144622.394447,275,False
cd7f1687,e006_quadratic,-5,0,20,3.58409166732,54363.0577536,5934,False
cd7f1687,wide64_quadratic,-5,0,20,4.06720899908,70006.5440267,5934,False
cd7f1687,pf_quadratic,-5,0,20,4.15362342416,73012.9505103,5934,False
cd7f1687,trellis_quadratic,-5,0,10,5.45256317336,125819.243915,5933,False
cd7f1687,e006_hinge_025,-5,-40,90,4.28262984537,77618.7666368,6371,False
cd7f1687,e006_hinge_050,-5,-20,70,3.56777836819,53869.3077944,6583,False
cd7f1687,e006_hinge_075,-5,-10,100,3.4047081454,49057.5029343,6739,True
cd7f1687,e006_jump_025,-5,10,-10,3.5603285017,53644.5740173,5140,False
cd7f1687,e006_jump_050,-5,0,0,5.84581334456,144622.394447,5430,False
cd7f1687,e006_jump_075,-5,-10,10,5.53980595771,129877.752608,5092,False
cd7f1687,dtw_derivative,0,0,0,36.0278456594,5493159.96522,0,False
cda7eb37,last_known_tvt,0,0,0,10.0426230088,602402.5959,0,False
cda7eb37,e004_geometry_prefix,0,0,0,8.96696340468,480267.622522,0,False
cda7eb37,align_visible_path,0,0,0,14.5462580237,1263848.70715,0,False
cda7eb37,pf_gr_path,0,0,0,9.38324414486,525894.401783,0,False
cda7eb37,trellis_gr_path,0,0,0,8.26854247355,408366.810366,0,False
cda7eb37,e006_nested_fusion,0,0,0,9.21588348984,507301.873261,0,False
cda7eb37,wide64_anchor,0,0,0,9.01519252535,485447.787815,0,False
cda7eb37,e006_affine,0,10,0,7.56616487372,341935.440404,301,False
cda7eb37,e006_quadratic,0,10,20,5.76771915192,198701.307519,6517,False
cda7eb37,wide64_quadratic,0,10,20,5.44130241635,176847.222073,6517,False
cda7eb37,pf_quadratic,-5,10,20,5.61603617487,188387.597622,5959,False
cda7eb37,trellis_quadratic,0,10,10,6.10258477713,222443.724167,6516,False
cda7eb37,e006_hinge_025,0,-30,90,6.32998059519,239330.072346,7011,False
cda7eb37,e006_hinge_050,0,-10,80,4.9954538038,149053.57915,7232,False
cda7eb37,e006_hinge_075,0,0,90,7.11245489743,302156.238612,7388,False
cda7eb37,e006_jump_025,0,20,-10,5.3433831763,170539.565531,5632,False
cda7eb37,e006_jump_050,0,10,0,7.56616487372,341935.440404,5999,False
cda7eb37,e006_jump_075,0,0,10,5.14403780602,158052.299325,5590,False
cda7eb37,dtw_derivative,0,0,0,2.9857721376,53248.3109942,0,True
cdc31d65,last_known_tvt,0,0,0,7.48241232176,270974.6317,0,False
cdc31d65,e004_geometry_prefix,0,0,0,6.63621745246,213150.609249,0,False
cdc31d65,align_visible_path,0,0,0,6.63621745246,213150.609249,0,False
cdc31d65,pf_gr_path,0,0,0,9.1084945157,401549.014138,0,False
cdc31d65,trellis_gr_path,0,0,0,7.06864659024,241834.30075,0,False
cdc31d65,e006_nested_fusion,0,0,0,7.53106245768,274509.804429,0,False
cdc31d65,wide64_anchor,0,0,0,5.98411135583,173318.4094,0,False
cdc31d65,e006_affine,5,0,0,5.97552587207,172821.441727,325,False
cdc31d65,e006_quadratic,5,0,-10,5.76848103805,161052.807674,7047,False
cdc31d65,wide64_quadratic,0,0,-10,5.77737420958,161549.775346,6489,False
cdc31d65,pf_quadratic,5,0,-10,5.89889692245,168417.406924,7047,False
cdc31d65,trellis_quadratic,0,-10,-10,6.6361566992,213146.706564,6464,False
cdc31d65,e006_hinge_025,5,30,-80,4.24353028899,87156.5386776,7759,True
cdc31d65,e006_hinge_050,5,0,-20,5.44262304826,143371.184924,7870,False
cdc31d65,e006_hinge_075,5,0,-40,5.47478711326,145070.742648,8000,False
cdc31d65,e006_jump_025,5,0,0,5.97552587207,172821.441727,6059,False
cdc31d65,e006_jump_050,5,0,0,5.97552587207,172821.441727,6518,False
cdc31d65,e006_jump_075,5,0,0,5.97552587207,172821.441727,6065,False
cdc31d65,dtw_derivative,0,0,0,51.7542853297,12963969.282,0,False
cdc60a53,last_known_tvt,0,0,0,8.31592609466,406490.8964,0,False
cdc60a53,e004_geometry_prefix,0,0,0,8.24557091927,399641.927054,0,False
cdc60a53,align_visible_path,0,0,0,24.1886002533,3439149.51065,0,False
cdc60a53,pf_gr_path,0,0,0,14.2373824014,1191488.57283,0,False
cdc60a53,trellis_gr_path,0,0,0,8.63167429544,437945.099116,0,False
cdc60a53,e006_nested_fusion,0,0,0,10.0297486821,591302.457,0,False
cdc60a53,wide64_anchor,0,0,0,10.3759865968,632831.933209,0,False
cdc60a53,e006_affine,5,10,0,5.69384025696,190563.683572,326,False
cdc60a53,e006_quadratic,5,10,0,5.69384025696,190563.683572,7073,False
cdc60a53,wide64_quadratic,5,10,0,5.63778831497,186830.214342,7073,False
cdc60a53,pf_quadratic,10,20,0,6.04261461874,214624.539229,7654,False
cdc60a53,trellis_quadratic,0,10,0,6.36783880539,238349.20304,6515,False
cdc60a53,e006_hinge_025,5,20,-20,5.50447164874,178098.745399,7740,False
cdc60a53,e006_hinge_050,5,10,10,5.581545333,183121.144733,7898,False
cdc60a53,e006_hinge_075,5,10,30,5.45916189402,175178.792783,8032,False
cdc60a53,e006_jump_025,5,0,10,5.48726536967,176987.057512,6060,False
cdc60a53,e006_jump_050,5,30,-10,4.93319542954,143049.459985,6592,True
cdc60a53,e006_jump_075,5,10,0,5.69384025696,190563.683572,6087,False
cdc60a53,dtw_derivative,0,0,0,4.97383140699,145415.835329,0,False
ce55ba43,last_known_tvt,0,0,0,14.3044494485,839749.2926,0,False
ce55ba43,e004_geometry_prefix,0,0,0,12.6755825003,659391.287631,0,False
ce55ba43,align_visible_path,0,0,0,20.6305176008,1746737.32457,0,False
ce55ba43,pf_gr_path,0,0,0,13.3502504177,731452.580231,0,False
ce55ba43,trellis_gr_path,0,0,0,13.7782607925,779105.290792,0,False
ce55ba43,e006_nested_fusion,0,0,0,13.9390413754,797394.372806,0,False
ce55ba43,wide64_anchor,0,0,0,11.2438437158,518844.184255,0,False
ce55ba43,e006_affine,10,0,0,7.25062195585,215753.512936,350,False
ce55ba43,e006_quadratic,10,0,0,7.25062195585,215753.512936,7604,False
ce55ba43,wide64_quadratic,10,0,0,7.03966061462,203381.19572,7604,False
ce55ba43,pf_quadratic,10,0,0,7.04837776167,203885.197708,7604,False
ce55ba43,trellis_quadratic,10,0,0,9.45781608155,367103.969773,7604,False
ce55ba43,e006_hinge_025,10,20,-40,6.93837347021,197570.772395,8352,False
ce55ba43,e006_hinge_050,10,0,10,7.03914747244,203351.546657,8495,False
ce55ba43,e006_hinge_075,10,0,50,6.50376469851,173594.912361,8634,False
ce55ba43,e006_jump_025,10,0,0,7.25062195585,215753.512936,6528,False
ce55ba43,e006_jump_050,10,20,-10,5.4636848445,122512.000936,7102,True
ce55ba43,e006_jump_075,10,0,0,7.25062195585,215753.512936,6542,False
ce55ba43,dtw_derivative,0,0,0,30.2533783496,3756255.36402,0,False
ce8399b7,last_known_tvt,0,0,0,3.36356273963,18271.3902,0,False
ce8399b7,e004_geometry_prefix,0,0,0,4.5127799394,32889.7701921,0,False
ce8399b7,align_visible_path,0,0,0,4.5127799394,32889.7701921,0,False
ce8399b7,pf_gr_path,0,0,0,10.4384020982,175970.784958,0,False
ce8399b7,trellis_gr_path,0,0,0,5.79482561476,54231.7063074,0,False
ce8399b7,e006_nested_fusion,0,0,0,2.78064103444,12487.1227683,0,False
ce8399b7,wide64_anchor,0,0,0,4.17366338209,28132.4376336,0,False
ce8399b7,e006_affine,0,0,0,2.78064103444,12487.1227683,300,False
ce8399b7,e006_quadratic,0,0,0,2.78064103444,12487.1227683,6490,False
ce8399b7,wide64_quadratic,5,0,0,3.13095006354,15831.6000051,7048,False
ce8399b7,pf_quadratic,10,0,0,2.13512963115,7362.42734501,7604,False
ce8399b7,trellis_quadratic,-5,-10,0,4.90187682225,38805.8601545,5907,False
ce8399b7,e006_hinge_025,0,-20,40,1.89341658911,5789.81760358,7031,True
ce8399b7,e006_hinge_050,0,0,-10,2.45403765612,9726.01582049,7248,False
ce8399b7,e006_hinge_075,0,0,-20,2.34067890193,8848.22602092,7377,False
ce8399b7,e006_jump_025,0,0,0,2.78064103444,12487.1227683,5589,False
ce8399b7,e006_jump_050,0,0,0,2.78064103444,12487.1227683,5974,False
ce8399b7,e006_jump_075,0,0,0,2.78064103444,12487.1227683,5589,False
ce8399b7,dtw_derivative,0,0,0,14.2445751579,327696.293109,0,False
cf50c9d1,last_known_tvt,0,0,0,31.5681971256,4841245.0969,0,False
cf50c9d1,e004_geometry_prefix,0,0,0,28.3491256889,3904243.08094,0,False
cf50c9d1,align_visible_path,0,0,0,19.2959770545,1808802.12071,0,False
cf50c9d1,pf_gr_path,0,0,0,25.1214634933,3065825.15444,0,False
cf50c9d1,trellis_gr_path,0,0,0,30.5468121596,4533037.36746,0,False
cf50c9d1,e006_nested_fusion,0,0,0,27.2461471517,3606348.61314,0,False
cf50c9d1,wide64_anchor,0,0,0,25.733986688,3217152.54822,0,False
cf50c9d1,e006_affine,-25,-10,0,6.49238622259,204769.941118,174,False
cf50c9d1,e006_quadratic,-25,-10,10,5.79851541476,163339.470172,3707,False
cf50c9d1,wide64_quadratic,-25,-10,10,5.89468118268,168802.21942,3707,False
cf50c9d1,pf_quadratic,-25,-10,10,6.1824895657,185688.194983,3707,False
cf50c9d1,trellis_quadratic,-30,-10,10,5.55057170622,149669.37516,3172,False
cf50c9d1,e006_hinge_025,-25,-60,110,3.89445979881,73680.3975912,3904,True
cf50c9d1,e006_hinge_050,-25,-20,30,5.6513021123,155150.993212,4111,False
cf50c9d1,e006_hinge_075,-25,-10,-20,6.36698502112,196936.024543,4231,False
cf50c9d1,e006_jump_025,-25,0,-10,6.0565820973,178202.062995,3249,False
cf50c9d1,e006_jump_050,-25,-30,10,4.77005806259,110536.279146,3278,False
cf50c9d1,e006_jump_075,-25,-10,0,6.49238622259,204769.941118,3197,False
cf50c9d1,dtw_derivative,0,0,0,42.6035414351,8817569.94658,0,False
d00e7eb9,last_known_tvt,0,0,0,7.90700347664,356618.0955,0,False
d00e7eb9,e004_geometry_prefix,0,0,0,8.34420026018,397144.867209,0,False
d00e7eb9,align_visible_path,0,0,0,17.6821042161,1783394.44145,0,False
d00e7eb9,pf_gr_path,0,0,0,4.74804518658,128590.594367,0,False
d00e7eb9,trellis_gr_path,0,0,0,8.21835276392,385255.701556,0,False
d00e7eb9,e006_nested_fusion,0,0,0,6.1361526096,214769.111911,0,False
d00e7eb9,wide64_anchor,0,0,0,7.60109698795,329558.156597,0,False
d00e7eb9,e006_affine,-5,0,0,4.28688152092,104824.422507,275,False
d00e7eb9,e006_quadratic,-5,0,10,2.69627693876,41467.562821,5933,True
d00e7eb9,wide64_quadratic,-5,0,10,2.93935579539,49281.4904538,5933,False
d00e7eb9,pf_quadratic,0,0,10,3.38178787771,65233.7346809,6491,False
d00e7eb9,trellis_quadratic,-5,0,10,3.76405736062,80815.0010511,5933,False
d00e7eb9,e006_hinge_025,-5,-30,70,3.25760755931,60530.8879879,6394,False
d00e7eb9,e006_hinge_050,-5,-10,40,2.75566325544,43314.3505909,6605,False
d00e7eb9,e006_hinge_075,-5,0,30,3.8251517836,83459.7082998,6757,False
d00e7eb9,e006_jump_025,-5,10,-10,3.4355864596,67325.7626494,5140,False
d00e7eb9,e006_jump_050,-5,0,0,4.28688152092,104824.422507,5430,False
d00e7eb9,e006_jump_075,-5,-10,10,3.51872499732,70623.6516609,5092,False
d00e7eb9,dtw_derivative,0,0,0,74.0179686428,31250274.8262,0,False
d011f41b,last_known_tvt,0,0,0,10.8618554835,267460.4436,0,False
d011f41b,e004_geometry_prefix,0,0,0,12.7753678483,369997.123636,0,False
d011f41b,align_visible_path,0,0,0,12.7753678483,369997.123636,0,False
d011f41b,pf_gr_path,0,0,0,12.4198274699,349689.543304,0,False
d011f41b,trellis_gr_path,0,0,0,12.6818302518,364598.931619,0,False
d011f41b,e006_nested_fusion,0,0,0,12.6558865674,363108.710718,0,False
d011f41b,wide64_anchor,0,0,0,12.7918375328,370951.720623,0,False
d011f41b,e006_affine,-10,0,0,6.5281137976,96611.0835331,250,False
d011f41b,e006_quadratic,-10,0,10,5.41326949287,66431.0041277,5377,False
d011f41b,wide64_quadratic,-10,0,10,5.44110006403,67115.8269788,5377,False
d011f41b,pf_quadratic,-10,0,10,4.95941214266,55758.6078712,5377,False
d011f41b,trellis_quadratic,-10,-10,10,5.6742377302,72990.5396472,5352,False
d011f41b,e006_hinge_025,-10,-10,10,5.8547135582,77707.4798137,5824,False
d011f41b,e006_hinge_050,-10,-20,60,4.17328269041,39482.7258348,5960,True
d011f41b,e006_hinge_075,-10,-10,80,4.31892041082,42286.5176585,6112,False
d011f41b,e006_jump_025,-10,0,0,6.5281137976,96611.0835331,4650,False
d011f41b,e006_jump_050,-10,10,-10,4.96607233741,55908.4694018,4919,False
d011f41b,e006_jump_075,-10,-20,10,5.00382166712,56761.6703035,4593,False
d011f41b,dtw_derivative,0,0,0,26.0475106875,1538097.86711,0,False
d07aed8f,last_known_tvt,0,0,0,5.40241155648,86303.1517,0,False
d07aed8f,e004_geometry_prefix,0,0,0,9.01708676969,240427.323723,0,False
d07aed8f,align_visible_path,0,0,0,9.01708676969,240427.323723,0,False
d07aed8f,pf_gr_path,0,0,0,11.5354966934,393481.141481,0,False
d07aed8f,trellis_gr_path,0,0,0,9.81078982159,284615.972103,0,False
d07aed8f,e006_nested_fusion,0,0,0,10.3681246175,317871.609902,0,False
d07aed8f,wide64_anchor,0,0,0,3.50737136296,36375.9905163,0,False
d07aed8f,e006_affine,10,0,0,3.15577692584,29448.5501127,350,False
d07aed8f,e006_quadratic,10,0,-10,2.71674197647,21824.6913606,7603,False
d07aed8f,wide64_quadratic,0,0,-10,3.11823873986,28752.1317642,6489,False
d07aed8f,pf_quadratic,10,0,-10,3.02852639247,27121.5215289,7603,False
d07aed8f,trellis_quadratic,10,0,0,3.6959826214,40393.470249,7604,False
d07aed8f,e006_hinge_025,10,20,-40,2.1809939188,14065.6638391,8352,False
d07aed8f,e006_hinge_050,10,10,-30,1.49143745677,6577.5084778,8516,True
d07aed8f,e006_hinge_075,10,10,-60,2.97593142059,26187.6882439,8648,False
d07aed8f,e006_jump_025,10,0,0,3.15577692584,29448.5501127,6528,False
d07aed8f,e006_jump_050,10,0,0,3.15577692584,29448.5501127,7053,False
d07aed8f,e006_jump_075,10,0,0,3.15577692584,29448.5501127,6542,False
d07aed8f,dtw_derivative,0,0,0,3.71745276765,40864.1286707,0,False
d085e611,last_known_tvt,0,0,0,10.0837296594,629510.8094,0,False
d085e611,e004_geometry_prefix,0,0,0,9.85765286378,601600.024014,0,False
d085e611,align_visible_path,0,0,0,12.5290561434,971846.141412,0,False
d085e611,pf_gr_path,0,0,0,11.6332494748,837843.466283,0,False
d085e611,trellis_gr_path,0,0,0,9.37968907785,544675.309517,0,False
d085e611,e006_nested_fusion,0,0,0,10.7289559354,712649.077413,0,False
d085e611,wide64_anchor,0,0,0,10.0503365242,625348.354974,0,False
d085e611,e006_affine,5,0,0,9.8318118761,598450.072833,325,False
d085e611,e006_quadratic,5,0,-20,7.97512535479,393763.847812,7046,False
d085e611,wide64_quadratic,0,0,-20,8.24301910151,420662.129953,6488,False
d085e611,pf_quadratic,5,10,-20,8.13150398032,409357.321075,7071,False
d085e611,trellis_quadratic,0,0,-10,8.56401305852,454062.301055,6489,False
d085e611,e006_hinge_025,5,30,-60,9.22328837246,526662.478654,7761,False
d085e611,e006_hinge_050,5,20,-60,7.91830290484,388172.733848,7916,False
d085e611,e006_hinge_075,5,10,-120,6.34601048796,249323.01786,8017,True
d085e611,e006_jump_025,5,-10,10,9.37134835115,543707.053966,6038,False
d085e611,e006_jump_050,5,-30,20,7.00304146547,303622.673248,6445,False
d085e611,e006_jump_075,5,20,-10,7.52404604372,350480.365562,6108,False
d085e611,dtw_derivative,0,0,0,12.619441197,985918.583311,0,False
d0a0e7b5,last_known_tvt,0,0,0,11.6769037073,520311.906,0,False
d0a0e7b5,e004_geometry_prefix,0,0,0,8.88762240071,301425.198674,0,False
d0a0e7b5,align_visible_path,0,0,0,18.0142530169,1238342.79766,0,False
d0a0e7b5,pf_gr_path,0,0,0,8.42107561759,270609.78755,0,False
d0a0e7b5,trellis_gr_path,0,0,0,9.03470898757,311484.688126,0,False
d0a0e7b5,e006_nested_fusion,0,0,0,8.96294208002,306555.806065,0,False
d0a0e7b5,wide64_anchor,0,0,0,9.5274478981,346386.957329,0,False
d0a0e7b5,e006_affine,5,10,0,5.22624192124,104228.715227,326,False
d0a0e7b5,e006_quadratic,5,10,0,5.22624192124,104228.715227,7073,False
d0a0e7b5,wide64_quadratic,10,10,0,4.98559144325,94850.9617009,7629,False
d0a0e7b5,pf_quadratic,5,10,0,5.08048955994,98496.2038278,7073,False
d0a0e7b5,trellis_quadratic,5,10,0,4.41814716981,74488.4131643,7073,False
d0a0e7b5,e006_hinge_025,5,20,-30,4.32423867397,71355.5370578,7739,True
d0a0e7b5,e006_hinge_050,5,0,20,4.68646419207,83810.6043155,7874,False
d0a0e7b5,e006_hinge_075,5,0,40,4.93295185405,92858.5974027,8008,False
d0a0e7b5,e006_jump_025,5,10,0,5.22624192124,104228.715227,6081,False
d0a0e7b5,e006_jump_050,5,20,-10,4.37455677602,73025.826501,6567,False
d0a0e7b5,e006_jump_075,5,10,0,5.22624192124,104228.715227,6087,False
d0a0e7b5,dtw_derivative,0,0,0,16.2088280318,1002562.82112,0,False
d0a43760,last_known_tvt,0,0,0,4.24935304041,72968.3421,0,False
d0a43760,e004_geometry_prefix,0,0,0,5.0736831773,104024.476635,0,False
d0a43760,align_visible_path,0,0,0,23.8380196876,2296303.02899,0,False
d0a43760,pf_gr_path,0,0,0,9.14573360637,338007.194966,0,False
d0a43760,trellis_gr_path,0,0,0,8.22218613831,273189.157712,0,False
d0a43760,e006_nested_fusion,0,0,0,6.80259811602,186998.653498,0,False
d0a43760,wide64_anchor,0,0,0,4.29791603672,74645.6844072,0,False
d0a43760,e006_affine,5,0,0,3.77587042773,57613.335045,325,False
d0a43760,e006_quadratic,5,0,-10,3.63417030992,53370.2703134,7047,False
d0a43760,wide64_quadratic,0,0,-10,4.17397635512,70402.6196757,6489,False
d0a43760,pf_quadratic,10,0,-10,3.85093917637,59926.9491944,7603,False
d0a43760,trellis_quadratic,5,0,-10,7.20186994808,209594.267157,7047,False
d0a43760,e006_hinge_025,5,0,10,2.99327241282,36206.0658187,7693,False
d0a43760,e006_hinge_050,5,10,-20,2.25724427775,20589.5081386,7895,True
d0a43760,e006_hinge_075,5,10,-60,2.43878713997,24034.5858476,8023,False
d0a43760,e006_jump_025,5,0,0,3.77587042773,57613.335045,6059,False
d0a43760,e006_jump_050,5,0,0,3.77587042773,57613.335045,6518,False
d0a43760,e006_jump_075,5,0,0,3.77587042773,57613.335045,6065,False
d0a43760,dtw_derivative,0,0,0,11.0373690305,492288.824579,0,False
d0cb63ae,last_known_tvt,0,0,0,19.9373913698,2076140.2783,0,False
d0cb63ae,e004_geometry_prefix,0,0,0,18.9957080416,1884651.25406,0,False
d0cb63ae,align_visible_path,0,0,0,18.9957080416,1884651.25406,0,False
d0cb63ae,pf_gr_path,0,0,0,17.7307117979,1641997.0297,0,False
d0cb63ae,trellis_gr_path,0,0,0,18.5518232807,1797600.67799,0,False
d0cb63ae,e006_nested_fusion,0,0,0,18.0255363781,1697056.96005,0,False
d0cb63ae,wide64_anchor,0,0,0,20.5299236705,2201378.37139,0,False
d0cb63ae,e006_affine,-15,0,0,11.9845363887,750174.854331,225,False
d0cb63ae,e006_quadratic,-15,0,20,11.1211917387,645985.370415,4825,False
d0cb63ae,wide64_quadratic,-15,0,20,11.1606076733,650572.511674,4825,False
d0cb63ae,pf_quadratic,-15,0,20,11.1798923618,652822.734598,4825,False
d0cb63ae,trellis_quadratic,-15,0,10,10.1546091784,538575.325361,4824,False
d0cb63ae,e006_hinge_025,-15,-50,120,9.90725966215,512657.266132,5126,True
d0cb63ae,e006_hinge_050,-15,-20,80,10.6090940523,587863.674541,5343,False
d0cb63ae,e006_hinge_075,-15,0,0,11.9845363887,750174.854331,5504,False
d0cb63ae,e006_jump_025,-15,10,-10,10.030018525,525440.441628,4202,False
d0cb63ae,e006_jump_050,-15,-30,20,10.9930491259,631184.555208,4297,False
d0cb63ae,e006_jump_075,-15,-10,10,11.2380847022,659636.423018,4140,False
d0cb63ae,dtw_derivative,0,0,0,65.4508852615,22374383.4066,0,False
d114d9c2,last_known_tvt,0,0,0,7.69852853923,367813.1224,0,False
d114d9c2,e004_geometry_prefix,0,0,0,10.2617128282,653508.867544,0,False
d114d9c2,align_visible_path,0,0,0,12.7837765203,1014215.1908,0,False
d114d9c2,pf_gr_path,0,0,0,5.44150239201,183759.33904,0,False
d114d9c2,trellis_gr_path,0,0,0,12.9916124061,1047461.048,0,False
d114d9c2,e006_nested_fusion,0,0,0,9.46391232823,555844.340469,0,False
d114d9c2,wide64_anchor,0,0,0,8.92354545368,494181.691456,0,False
d114d9c2,e006_affine,-5,-10,0,3.65903051806,83089.0578849,274,False
d114d9c2,e006_quadratic,-5,-10,0,3.65903051806,83089.0578849,5907,False
d114d9c2,wide64_quadratic,-5,-10,0,3.32527783727,68622.6755455,5907,True
d114d9c2,pf_quadratic,0,-10,0,3.38452309072,71089.7085992,6465,False
d114d9c2,trellis_quadratic,-10,-10,0,5.67513296532,199877.474684,5351,False
d114d9c2,e006_hinge_025,-5,-10,0,3.65903051806,83089.0578849,6437,False
d114d9c2,e006_hinge_050,-5,-10,0,3.65903051806,83089.0578849,6601,False
d114d9c2,e006_hinge_075,-5,-10,0,3.65903051806,83089.0578849,6729,False
d114d9c2,e006_jump_025,-5,-10,0,3.65903051806,83089.0578849,5097,False
d114d9c2,e006_jump_050,-5,-10,0,3.65903051806,83089.0578849,5405,False
d114d9c2,e006_jump_075,-5,-10,0,3.65903051806,83089.0578849,5091,False
d114d9c2,dtw_derivative,0,0,0,8.84548439533,485573.539531,0,False
d1457cc5,last_known_tvt,0,0,0,8.11573247365,455786.586,0,False
d1457cc5,e004_geometry_prefix,0,0,0,8.17526986495,462498.458564,0,False
d1457cc5,align_visible_path,0,0,0,10.6855526175,790132.760413,0,False
d1457cc5,pf_gr_path,0,0,0,10.4287828802,752615.825542,0,False
d1457cc5,trellis_gr_path,0,0,0,8.22826296189,468513.834681,0,False
d1457cc5,e006_nested_fusion,0,0,0,13.6718349847,1293479.9772,0,False
d1457cc5,wide64_anchor,0,0,0,12.7671690005,1127964.18167,0,False
d1457cc5,e006_affine,-10,0,0,7.82984062284,424240.316919,250,False
d1457cc5,e006_quadratic,-10,0,-10,7.23433825365,362162.69778,5375,False
d1457cc5,wide64_quadratic,-10,0,-10,7.12200581282,351002.930241,5375,False
d1457cc5,pf_quadratic,5,0,-10,7.40970300705,379933.594677,7047,False
d1457cc5,trellis_quadratic,0,10,0,6.62904932929,304094.52147,6515,False
d1457cc5,e006_hinge_025,-10,20,-40,7.56668759722,396202.947462,5894,False
d1457cc5,e006_hinge_050,-10,20,-70,6.42970014782,286080.024417,6047,False
d1457cc5,e006_hinge_075,-10,10,-60,7.65899662873,405928.787163,6148,False
d1457cc5,e006_jump_025,-10,-10,10,6.24195263825,269616.851348,4629,True
d1457cc5,e006_jump_050,-10,0,0,7.82984062284,424240.316919,4895,False
d1457cc5,e006_jump_075,-10,10,-10,6.68329251216,309091.479717,4657,False
d1457cc5,dtw_derivative,0,0,0,28.9000309897,5779665.59515,0,False
d1ecf309,last_known_tvt,0,0,0,9.37828460835,542489.3065,0,False
d1ecf309,e004_geometry_prefix,0,0,0,10.8839044894,730657.436931,0,False
d1ecf309,align_visible_path,0,0,0,10.8839044894,730657.436931,0,False
d1ecf309,pf_gr_path,0,0,0,11.0405067401,751834.723037,0,False
d1ecf309,trellis_gr_path,0,0,0,11.3279355905,791490.865412,0,False
d1ecf309,e006_nested_fusion,0,0,0,10.6451390502,698951.501931,0,False
d1ecf309,wide64_anchor,0,0,0,11.634501002,834910.43247,0,False
d1ecf309,e006_affine,5,10,0,4.35067407517,116750.154755,326,False
d1ecf309,e006_quadratic,5,10,0,4.35067407517,116750.154755,7073,False
d1ecf309,wide64_quadratic,10,10,0,4.11203183805,104293.514404,7629,False
d1ecf309,pf_quadratic,5,10,0,4.57115721848,128883.310254,7073,False
d1ecf309,trellis_quadratic,10,10,0,3.99434867214,98409.3378685,7629,True
d1ecf309,e006_hinge_025,5,0,30,4.14685292454,106067.328448,7695,False
d1ecf309,e006_hinge_050,5,10,10,4.29538072725,113801.423212,7898,False
d1ecf309,e006_hinge_075,5,10,20,4.08812570247,103084.376211,8031,False
d1ecf309,e006_jump_025,5,10,0,4.35067407517,116750.154755,6081,False
d1ecf309,e006_jump_050,5,10,0,4.35067407517,116750.154755,6543,False
d1ecf309,e006_jump_075,5,10,0,4.35067407517,116750.154755,6087,False
d1ecf309,dtw_derivative,0,0,0,9.07848407409,508359.609179,0,False
d1ee630d,last_known_tvt,0,0,0,12.2197800102,939241.8178,0,False
d1ee630d,e004_geometry_prefix,0,0,0,4.84999204668,147956.039745,0,False
d1ee630d,align_visible_path,0,0,0,4.84999204668,147956.039745,0,False
d1ee630d,pf_gr_path,0,0,0,6.93490465663,302504.357332,0,False
d1ee630d,trellis_gr_path,0,0,0,5.54445031207,193360.445064,0,False
d1ee630d,e006_nested_fusion,0,0,0,5.59056894268,196590.560337,0,False
d1ee630d,wide64_anchor,0,0,0,8.76549880194,483285.666562,0,False
d1ee630d,e006_affine,-5,0,0,5.58382911785,196116.838513,275,False
d1ee630d,e006_quadratic,-5,0,-10,5.13979759673,166166.19662,5931,False
d1ee630d,wide64_quadratic,-5,0,-10,5.00534110241,157586.134779,5931,False
d1ee630d,pf_quadratic,-5,0,-10,4.60164820281,133191.795288,5931,False
d1ee630d,trellis_quadratic,0,0,-10,5.14814542122,166706.394039,6489,False
d1ee630d,e006_hinge_025,-5,30,-80,4.5174729878,128363.56621,6529,True
d1ee630d,e006_hinge_050,-5,0,-20,5.0767350129,162113.669481,6624,False
d1ee630d,e006_hinge_075,-5,0,-30,5.28581718633,175741.740329,6751,False
d1ee630d,e006_jump_025,-5,0,0,5.58382911785,196116.838513,5119,False
d1ee630d,e006_jump_050,-5,0,0,5.58382911785,196116.838513,5430,False
d1ee630d,e006_jump_075,-5,0,0,5.58382911785,196116.838513,5113,False
d1ee630d,dtw_derivative,0,0,0,10.2918564713,666251.327552,0,False
d217e0c5,last_known_tvt,0,0,0,5.20363871868,103924.811,0,False
d217e0c5,e004_geometry_prefix,0,0,0,5.25549802009,106006.555728,0,False
d217e0c5,align_visible_path,0,0,0,17.6487581619,1195455.11495,0,False
d217e0c5,pf_gr_path,0,0,0,9.18422385123,323735.176223,0,False
d217e0c5,trellis_gr_path,0,0,0,5.85710665939,131665.270534,0,False
d217e0c5,e006_nested_fusion,0,0,0,4.64639970303,82858.6979087,0,False
d217e0c5,wide64_anchor,0,0,0,5.66129189761,123008.767196,0,False
d217e0c5,e006_affine,0,0,0,4.64639970303,82858.6979087,300,False
d217e0c5,e006_quadratic,0,0,10,2.59109855274,25767.532583,6491,False
d217e0c5,wide64_quadratic,-5,0,10,2.80623100253,30223.9907031,5933,False
d217e0c5,pf_quadratic,10,0,10,3.38504120331,43977.7381527,7605,False
d217e0c5,trellis_quadratic,0,0,10,4.30059515709,70984.2655904,6491,False
d217e0c5,e006_hinge_025,0,-20,50,3.5287153327,47790.1308291,7032,False
d217e0c5,e006_hinge_050,0,-10,50,2.03277074922,15859.2182546,7229,True
d217e0c5,e006_hinge_075,0,0,60,2.87765814764,31782.1571996,7385,False
d217e0c5,e006_jump_025,0,10,-10,3.36967380636,43579.3445922,5610,False
d217e0c5,e006_jump_050,0,0,0,4.64639970303,82858.6979087,5974,False
d217e0c5,e006_jump_075,0,-10,10,3.35754975087,43266.3125849,5568,False
d217e0c5,dtw_derivative,0,0,0,41.7614952153,6693558.28829,0,False
d24ff243,last_known_tvt,0,0,0,3.5845799527,72482.413,0,False
d24ff243,e004_geometry_prefix,0,0,0,7.5415022984,320827.683267,0,False
d24ff243,align_visible_path,0,0,0,13.6506341037,1051142.8763,0,False
d24ff243,pf_gr_path,0,0,0,10.8676553892,666235.571762,0,False
d24ff243,trellis_gr_path,0,0,0,6.70155996106,253342.420248,0,False
d24ff243,e006_nested_fusion,0,0,0,7.47261369567,314993.188664,0,False
d24ff243,wide64_anchor,0,0,0,4.2222694649,100565.262768,0,False
d24ff243,e006_affine,5,0,0,3.69546312907,77036.0216918,325,False
d24ff243,e006_quadratic,5,0,0,3.69546312907,77036.0216918,7048,False
d24ff243,wide64_quadratic,-5,0,0,4.01709282605,91029.0131551,5932,False
d24ff243,pf_quadratic,10,0,0,3.19327747312,57521.3955757,7604,True
d24ff243,trellis_quadratic,5,-10,10,4.86954358156,133761.956922,7024,False
d24ff243,e006_hinge_025,5,-10,20,3.47130390853,67973.7726058,7669,False
d24ff243,e006_hinge_050,5,-10,30,3.32497231783,62363.7421979,7850,False
d24ff243,e006_hinge_075,5,0,0,3.69546312907,77036.0216918,8004,False
d24ff243,e006_jump_025,5,0,0,3.69546312907,77036.0216918,6059,False
d24ff243,e006_jump_050,5,0,0,3.69546312907,77036.0216918,6518,False
d24ff243,e006_jump_075,5,0,0,3.69546312907,77036.0216918,6065,False
d24ff243,dtw_derivative,0,0,0,28.1814839853,4480059.85945,0,False
d273674e,last_known_tvt,0,0,0,3.40036620163,45082.1497,0,False
d273674e,e004_geometry_prefix,0,0,0,5.38498539895,113063.466145,0,False
d273674e,align_visible_path,0,0,0,5.44422643655,115564.806219,0,False
d273674e,pf_gr_path,0,0,0,3.88381236606,58812.5101311,0,False
d273674e,trellis_gr_path,0,0,0,5.0573523837,99723.9944052,0,False
d273674e,e006_nested_fusion,0,0,0,4.34760540116,73697.6219515,0,False
d273674e,wide64_anchor,0,0,0,4.0869373289,65125.2181917,0,False
d273674e,e006_affine,0,0,0,4.34760540116,73697.6219515,300,False
d273674e,e006_quadratic,0,0,10,4.06747343596,64506.3822537,6491,False
d273674e,wide64_quadratic,0,0,10,3.78757497067,55933.9784939,6491,False
d273674e,pf_quadratic,0,0,10,3.56744529362,49621.2704336,6491,False
d273674e,trellis_quadratic,-5,0,0,4.75142073097,88023.8199557,5932,False
d273674e,e006_hinge_025,0,-20,40,3.85309052472,57885.7494011,7031,False
d273674e,e006_hinge_050,0,-10,30,3.38109483825,44572.5971882,7227,True
d273674e,e006_hinge_075,0,-10,60,3.97915827503,61735.5985526,7360,False
d273674e,e006_jump_025,0,0,0,4.34760540116,73697.6219515,5589,False
d273674e,e006_jump_050,0,0,0,4.34760540116,73697.6219515,5974,False
d273674e,e006_jump_075,0,0,0,4.34760540116,73697.6219515,5589,False
d273674e,dtw_derivative,0,0,0,4.35932912619,74095.6229284,0,False
d2f3b1ab,last_known_tvt,0,0,0,17.3577073303,1681499.511,0,False
d2f3b1ab,e004_geometry_prefix,0,0,0,16.357323095,1493263.62711,0,False
d2f3b1ab,align_visible_path,0,0,0,19.0578293284,2027023.99246,0,False
d2f3b1ab,pf_gr_path,0,0,0,16.085772115,1444095.27217,0,False
d2f3b1ab,trellis_gr_path,0,0,0,18.8538140016,1983857.43374,0,False
d2f3b1ab,e006_nested_fusion,0,0,0,15.5601579465,1351263.434,0,False
d2f3b1ab,wide64_anchor,0,0,0,15.0872989068,1270383.98932,0,False
d2f3b1ab,e006_affine,5,-20,0,11.8446922399,782996.073887,323,False
d2f3b1ab,e006_quadratic,5,-20,-40,5.76525162553,185501.982912,6994,False
d2f3b1ab,wide64_quadratic,0,-20,-40,5.64575896703,177892.110866,6436,False
d2f3b1ab,pf_quadratic,5,-20,-40,5.62223060035,176412.49071,6994,False
d2f3b1ab,trellis_quadratic,5,-20,-40,6.30988419958,222205.498094,6994,False
d2f3b1ab,e006_hinge_025,5,30,-110,8.35829500335,389894.773221,7756,False
d2f3b1ab,e006_hinge_050,5,10,-120,4.97102896118,137912.810575,7885,True
d2f3b1ab,e006_hinge_075,5,-10,-120,9.38710751394,491785.371917,7967,False
d2f3b1ab,e006_jump_025,5,-40,20,7.9741755365,354881.700692,5974,False
d2f3b1ab,e006_jump_050,5,-20,0,11.8446922399,782996.073887,6468,False
d2f3b1ab,e006_jump_075,5,10,-20,6.98877909383,272592.968414,6085,False
d2f3b1ab,dtw_derivative,0,0,0,56.1644666456,17604970.4571,0,False
d3df146b,last_known_tvt,0,0,0,11.6993392963,792092.9628,0,False
d3df146b,e004_geometry_prefix,0,0,0,7.96555091646,367185.158117,0,False
d3df146b,align_visible_path,0,0,0,7.96555091646,367185.158117,0,False
d3df146b,pf_gr_path,0,0,0,6.73901179216,262812.437983,0,False
d3df146b,trellis_gr_path,0,0,0,9.30002302453,500520.108322,0,False
d3df146b,e006_nested_fusion,0,0,0,6.55008100559,248282.908547,0,False
d3df146b,wide64_anchor,0,0,0,6.49647651989,244235.746913,0,False
d3df146b,e006_affine,0,0,0,6.55008100559,248282.908547,300,False
d3df146b,e006_quadratic,0,0,-10,6.53602926008,247218.779413,6489,False
d3df146b,wide64_quadratic,0,0,-10,6.48230857661,243171.617779,6489,False
d3df146b,pf_quadratic,0,10,-10,6.70154653647,259898.371249,6514,False
d3df146b,trellis_quadratic,5,0,-10,7.2980173418,308221.737561,7047,False
d3df146b,e006_hinge_025,0,40,-80,4.65389410093,125339.072262,7169,False
d3df146b,e006_hinge_050,0,10,-20,5.72474432977,189655.60125,7272,False
d3df146b,e006_hinge_075,0,0,40,5.98204881812,207087.262957,7383,False
d3df146b,e006_jump_025,0,-10,10,5.97529914022,206620.20433,5568,False
d3df146b,e006_jump_050,0,20,-10,4.1361359244,99001.7991686,6023,True
d3df146b,e006_jump_075,0,0,0,6.55008100559,248282.908547,5589,False
d3df146b,dtw_derivative,0,0,0,7.94817227941,365584.712228,0,False
d40f61d5,last_known_tvt,0,0,0,4.55301813386,83728.3655,0,False
d40f61d5,e004_geometry_prefix,0,0,0,4.55693122087,83872.3478708,0,False
d40f61d5,align_visible_path,0,0,0,4.55693122087,83872.3478708,0,False
d40f61d5,pf_gr_path,0,0,0,11.860872939,568207.759471,0,False
d40f61d5,trellis_gr_path,0,0,0,5.3789230979,116859.634506,0,False
d40f61d5,e006_nested_fusion,0,0,0,8.15236721061,268436.347101,0,False
d40f61d5,wide64_anchor,0,0,0,4.75500928567,91322.2476462,0,False
d40f61d5,e006_affine,5,0,0,4.79699760915,92942.1805052,325,False
d40f61d5,e006_quadratic,5,0,-10,4.70527482679,89421.8896191,7047,False
d40f61d5,wide64_quadratic,0,0,-10,4.66246055642,87801.95676,6489,False
d40f61d5,pf_quadratic,10,10,-10,4.23746219584,72524.6307933,7628,False
d40f61d5,trellis_quadratic,5,0,-10,3.43050573126,47532.4447021,7047,False
d40f61d5,e006_hinge_025,5,10,-10,3.93895952581,62666.7092677,7716,False
d40f61d5,e006_hinge_050,5,10,-20,3.33657459552,44965.0965971,7895,True
d40f61d5,e006_hinge_075,5,10,-50,3.84002743352,59558.3293775,8024,False
d40f61d5,e006_jump_025,5,0,0,4.79699760915,92942.1805052,6059,False
d40f61d5,e006_jump_050,5,0,0,4.79699760915,92942.1805052,6518,False
d40f61d5,e006_jump_075,5,0,0,4.79699760915,92942.1805052,6065,False
d40f61d5,dtw_derivative,0,0,0,47.1513085397,8979690.17802,0,False
d41beaf2,last_known_tvt,0,0,0,16.3355029612,1268331.6667,0,False
d41beaf2,e004_geometry_prefix,0,0,0,14.292792322,970961.435451,0,False
d41beaf2,align_visible_path,0,0,0,8.57839423226,349767.792662,0,False
d41beaf2,pf_gr_path,0,0,0,8.40780457102,335995.167629,0,False
d41beaf2,trellis_gr_path,0,0,0,16.3333347915,1267995.00418,0,False
d41beaf2,e006_nested_fusion,0,0,0,11.3964236231,617312.374547,0,False
d41beaf2,wide64_anchor,0,0,0,12.5929374443,753740.595236,0,False
d41beaf2,e006_affine,-10,-10,0,8.41219583417,336346.22919,249,False
d41beaf2,e006_quadratic,-10,-10,20,5.94162739207,167794.855122,5353,False
d41beaf2,wide64_quadratic,-10,-10,20,5.517913232,144716.33267,5353,False
d41beaf2,pf_quadratic,0,-10,20,5.47741878003,142600.059686,6467,False
d41beaf2,trellis_quadratic,-15,0,20,5.47019771775,142224.318778,4825,False
d41beaf2,e006_hinge_025,-10,-50,110,5.69284919172,154037.752214,5734,False
d41beaf2,e006_hinge_050,-10,-30,100,4.68317560889,104243.431874,5939,True
d41beaf2,e006_hinge_075,-10,-10,60,7.36838196111,258054.879601,6110,False
d41beaf2,e006_jump_025,-10,10,-10,5.54098208786,145928.899313,4671,False
d41beaf2,e006_jump_050,-10,-20,10,7.49695067948,267138.892889,4846,False
d41beaf2,e006_jump_075,-10,-20,10,6.9105098815,226980.212846,4593,False
d41beaf2,dtw_derivative,0,0,0,15.7488719455,1178872.1768,0,False
d463e527,last_known_tvt,0,0,0,8.59115429111,351842.4121,0,False
d463e527,e004_geometry_prefix,0,0,0,9.30162081568,412441.554091,0,False
d463e527,align_visible_path,0,0,0,10.0686183788,483264.521568,0,False
d463e527,pf_gr_path,0,0,0,8.38413555707,335090.20633,0,False
d463e527,trellis_gr_path,0,0,0,11.1877093416,596660.793766,0,False
d463e527,e006_nested_fusion,0,0,0,8.65023449303,356698.196191,0,False
d463e527,wide64_anchor,0,0,0,10.0911925235,485433.937927,0,False
d463e527,e006_affine,5,10,0,5.77972103654,159242.470466,326,False
d463e527,e006_quadratic,5,10,10,5.70266052186,155024.44661,7074,False
d463e527,wide64_quadratic,5,10,10,5.25741803362,131761.998361,7074,False
d463e527,pf_quadratic,0,10,10,5.51389215556,144931.132954,6516,False
d463e527,trellis_quadratic,5,20,0,6.35108706336,192283.174927,7098,False
d463e527,e006_hinge_025,5,-10,50,5.16946577909,127390.335495,7672,True
d463e527,e006_hinge_050,5,0,40,5.46227454685,142230.324854,7876,False
d463e527,e006_hinge_075,5,10,0,5.77972103654,159242.470466,8029,False
d463e527,e006_jump_025,5,10,0,5.77972103654,159242.470466,6081,False
d463e527,e006_jump_050,5,0,10,5.26544091639,132164.445966,6519,False
d463e527,e006_jump_075,5,10,0,5.77972103654,159242.470466,6087,False
d463e527,dtw_derivative,0,0,0,38.9601200498,7235786.17914,0,False
d4f60a28,last_known_tvt,0,0,0,6.18312613042,172077.9504,0,False
d4f60a28,e004_geometry_prefix,0,0,0,5.01058478417,113001.925417,0,False
d4f60a28,align_visible_path,0,0,0,5.01058478417,113001.925417,0,False
d4f60a28,pf_gr_path,0,0,0,7.60549300197,260353.700637,0,False
d4f60a28,trellis_gr_path,0,0,0,5.61034258151,141673.223413,0,False
d4f60a28,e006_nested_fusion,0,0,0,6.03126301019,163728.976875,0,False
d4f60a28,wide64_anchor,0,0,0,5.24780412853,123955.056219,0,False
d4f60a28,e006_affine,5,0,0,5.42598795383,132515.495083,325,False
d4f60a28,e006_quadratic,5,0,0,5.42598795383,132515.495083,7048,False
d4f60a28,wide64_quadratic,0,0,0,5.24780412853,123955.056219,6490,False
d4f60a28,pf_quadratic,5,0,0,5.40096728681,131296.184797,7048,False
d4f60a28,trellis_quadratic,0,0,10,5.58842754642,140568.58151,6491,False
d4f60a28,e006_hinge_025,5,-20,50,4.73862221312,101067.886695,7647,True
d4f60a28,e006_hinge_050,5,0,10,5.12165286422,118067.207605,7873,False
d4f60a28,e006_hinge_075,5,0,10,5.40506086136,131495.287801,8005,False
d4f60a28,e006_jump_025,5,0,0,5.42598795383,132515.495083,6059,False
d4f60a28,e006_jump_050,5,0,0,5.42598795383,132515.495083,6518,False
d4f60a28,e006_jump_075,5,0,0,5.42598795383,132515.495083,6065,False
d4f60a28,dtw_derivative,0,0,0,13.7484734609,850781.371789,0,False
d50c649a,last_known_tvt,0,0,0,6.81996221614,226652.4138,0,False
d50c649a,e004_geometry_prefix,0,0,0,4.72365532786,108730.857486,0,False
d50c649a,align_visible_path,0,0,0,18.9995543963,1759070.48675,0,False
d50c649a,pf_gr_path,0,0,0,6.71068582989,219447.29189,0,False
d50c649a,trellis_gr_path,0,0,0,6.46684406582,203789.211692,0,False
d50c649a,e006_nested_fusion,0,0,0,4.1541884741,84094.7345933,0,False
d50c649a,wide64_anchor,0,0,0,5.61264167836,153508.011229,0,False
d50c649a,e006_affine,0,0,0,4.1541884741,84094.7345933,300,False
d50c649a,e006_quadratic,0,0,10,4.10125511337,81965.2902494,6491,False
d50c649a,wide64_quadratic,-5,0,10,4.27445614805,89034.4629371,5933,False
d50c649a,pf_quadratic,-5,0,10,4.31816008121,90864.4261111,5933,False
d50c649a,trellis_quadratic,5,0,0,6.07808863602,180024.02583,7048,False
d50c649a,e006_hinge_025,0,-10,20,3.97997625075,77189.3479912,7054,False
d50c649a,e006_hinge_050,0,-10,30,3.83124969001,71528.2047142,7227,False
d50c649a,e006_hinge_075,0,0,10,4.13965431931,83507.3237057,7380,False
d50c649a,e006_jump_025,0,10,-10,3.20440908377,50037.1217085,5610,True
d50c649a,e006_jump_050,0,0,0,4.1541884741,84094.7345933,5974,False
d50c649a,e006_jump_075,0,0,0,4.1541884741,84094.7345933,5589,False
d50c649a,dtw_derivative,0,0,0,23.392053498,2666447.93707,0,False
d543916f,last_known_tvt,0,0,0,10.2002216727,499309.6619,0,False
d543916f,e004_geometry_prefix,0,0,0,8.66402119886,360238.198741,0,False
d543916f,align_visible_path,0,0,0,17.9534746621,1546848.48448,0,False
d543916f,pf_gr_path,0,0,0,8.77783291252,369764.632722,0,False
d543916f,trellis_gr_path,0,0,0,10.6198873038,541240.848449,0,False
d543916f,e006_nested_fusion,0,0,0,8.62807539105,357255.244092,0,False
d543916f,wide64_anchor,0,0,0,9.46815180008,430210.666946,0,False
d543916f,e006_affine,5,10,0,6.28612650195,189634.339326,326,False
d543916f,e006_quadratic,5,10,-10,5.47071650921,143628.019057,7072,False
d543916f,wide64_quadratic,5,10,-10,5.35211548115,137468.027453,7072,False
d543916f,pf_quadratic,5,10,-10,5.40720080328,140312.300709,7072,False
d543916f,trellis_quadratic,5,10,-10,5.28150780932,133864.864427,7072,False
d543916f,e006_hinge_025,5,10,0,6.28612650195,189634.339326,7717,False
d543916f,e006_hinge_050,5,20,-50,5.25824566283,132688.258616,7917,False
d543916f,e006_hinge_075,5,20,-120,4.47367715428,96046.1651601,8042,False
d543916f,e006_jump_025,5,10,0,6.28612650195,189634.339326,6081,False
d543916f,e006_jump_050,5,-10,10,4.80667908492,110876.882198,6494,False
d543916f,e006_jump_075,5,20,-10,4.3752458239,91866.1821179,6108,True
d543916f,dtw_derivative,0,0,0,27.775686872,3702374.66103,0,False
d5df0ff5,last_known_tvt,0,0,0,16.3513357513,1078020.4412,0,False
d5df0ff5,e004_geometry_prefix,0,0,0,14.3845111536,834277.897672,0,False
d5df0ff5,align_visible_path,0,0,0,6.42014536994,166192.050815,0,False
d5df0ff5,pf_gr_path,0,0,0,6.21723602486,155853.023916,0,False
d5df0ff5,trellis_gr_path,0,0,0,17.5738775665,1245247.60842,0,False
d5df0ff5,e006_nested_fusion,0,0,0,10.9370321654,482302.487873,0,False
d5df0ff5,wide64_anchor,0,0,0,10.3548405645,432322.019608,0,False
d5df0ff5,e006_affine,-10,0,0,5.54999485854,124195.449893,250,False
d5df0ff5,e006_quadratic,-10,0,0,5.54999485854,124195.449893,5376,False
d5df0ff5,wide64_quadratic,-10,0,0,5.65932914036,129136.921478,5376,False
d5df0ff5,pf_quadratic,-5,0,0,5.71704147968,131784.159146,5932,False
d5df0ff5,trellis_quadratic,-15,-10,0,6.7834168455,185531.448211,4798,False
d5df0ff5,e006_hinge_025,-10,-30,60,4.24622128154,72698.5533328,5779,True
d5df0ff5,e006_hinge_050,-10,0,-10,5.35890763689,115790.536757,6003,False
d5df0ff5,e006_hinge_075,-10,0,-30,5.19645795072,108876.802542,6126,False
d5df0ff5,e006_jump_025,-10,0,0,5.54999485854,124195.449893,4650,False
d5df0ff5,e006_jump_050,-10,-20,10,5.01582278489,101438.98414,4846,False
d5df0ff5,e006_jump_075,-10,0,0,5.54999485854,124195.449893,4636,False
d5df0ff5,dtw_derivative,0,0,0,20.412022061,1679935.3991,0,False
d60430e6,last_known_tvt,0,0,0,7.84917250418,154701.4771,0,False
d60430e6,e004_geometry_prefix,0,0,0,4.91102104278,60560.618611,0,False
d60430e6,align_visible_path,0,0,0,4.91102104278,60560.618611,0,False
d60430e6,pf_gr_path,0,0,0,8.66039736054,188331.233413,0,False
d60430e6,trellis_gr_path,0,0,0,5.63094346182,79617.5934426,0,False
d60430e6,e006_nested_fusion,0,0,0,6.11331180817,93842.5515536,0,False
d60430e6,wide64_anchor,0,0,0,8.39906230129,177136.605575,0,False
d60430e6,e006_affine,5,10,0,4.85431024207,59170.0274229,326,False
d60430e6,e006_quadratic,5,10,10,3.92907774528,38763.9439923,7074,False
d60430e6,wide64_quadratic,5,10,10,3.59720379058,32492.0264037,7074,False
d60430e6,pf_quadratic,5,10,10,3.15193068345,24945.9489206,7074,False
d60430e6,trellis_quadratic,0,0,10,4.16708465947,43602.4969382,6491,False
d60430e6,e006_hinge_025,5,-20,60,2.9373691765,21665.2537121,7648,True
d60430e6,e006_hinge_050,5,0,30,3.72300938871,34804.4660591,7875,False
d60430e6,e006_hinge_075,5,0,60,4.28779921362,46165.2926838,8010,False
d60430e6,e006_jump_025,5,20,-10,4.68027274302,55003.3368551,6102,False
d60430e6,e006_jump_050,5,10,0,4.85431024207,59170.0274229,6543,False
d60430e6,e006_jump_075,5,10,0,4.85431024207,59170.0274229,6087,False
d60430e6,dtw_derivative,0,0,0,81.1952620966,16554195.8438,0,False
d63196fe,last_known_tvt,0,0,0,19.5251144896,1719347.7322,0,False
d63196fe,e004_geometry_prefix,0,0,0,18.7048888232,1577926.62516,0,False
d63196fe,align_visible_path,0,0,0,37.3698040398,6298225.16541,0,False
d63196fe,pf_gr_path,0,0,0,24.4990992187,2706928.44,0,False
d63196fe,trellis_gr_path,0,0,0,20.7283703449,1937790.67057,0,False
d63196fe,e006_nested_fusion,0,0,0,19.6555114624,1742389.48012,0,False
d63196fe,wide64_anchor,0,0,0,21.0117389822,1991134.2195,0,False
d63196fe,e006_affine,-15,-10,0,5.62676393608,142788.730489,224,False
d63196fe,e006_quadratic,-15,-10,10,5.1768661474,120867.743418,4799,False
d63196fe,wide64_quadratic,-20,-10,10,4.78655879673,103329.264467,4250,False
d63196fe,pf_quadratic,-25,-10,10,5.0991599226,117266.457942,3707,False
d63196fe,trellis_quadratic,-20,-10,10,5.09888913114,117254.003376,4250,False
d63196fe,e006_hinge_025,-15,-40,60,3.62926785215,59403.8489935,5145,True
d63196fe,e006_hinge_050,-15,-20,30,4.6697615803,98348.0962078,5338,False
d63196fe,e006_hinge_075,-15,-10,-20,5.42766955024,132862.781327,5477,False
d63196fe,e006_jump_025,-15,0,-10,5.15182265868,119701.157946,4180,False
d63196fe,e006_jump_050,-15,-30,10,4.37645393591,86381.6042299,4296,False
d63196fe,e006_jump_075,-15,-10,0,5.62676393608,142788.730489,4139,False
d63196fe,dtw_derivative,0,0,0,44.7908403211,9048049.38876,0,False
d6c320d9,last_known_tvt,0,0,0,11.2059821551,684629.6446,0,False
d6c320d9,e004_geometry_prefix,0,0,0,9.50096411566,492142.87588,0,False
d6c320d9,align_visible_path,0,0,0,9.50096411566,492142.87588,0,False
d6c320d9,pf_gr_path,0,0,0,10.5940197724,611895.705917,0,False
d6c320d9,trellis_gr_path,0,0,0,10.3868920482,588202.794048,0,False
d6c320d9,e006_nested_fusion,0,0,0,9.2796809199,469485.229921,0,False
d6c320d9,wide64_anchor,0,0,0,11.3002115458,696191.9459,0,False
d6c320d9,e006_affine,10,10,0,4.79014224897,125098.662997,351,False
d6c320d9,e006_quadratic,10,10,0,4.79014224897,125098.662997,7629,False
d6c320d9,wide64_quadratic,10,10,0,4.34578449622,102965.615423,7629,False
d6c320d9,pf_quadratic,10,10,0,4.27282773263,99537.4738521,7629,False
d6c320d9,trellis_quadratic,10,10,0,4.06708805934,90182.6512,7629,False
d6c320d9,e006_hinge_025,10,10,-10,3.93750631849,84527.5681565,8330,True
d6c320d9,e006_hinge_050,10,0,20,4.02242311887,88212.747998,8496,False
d6c320d9,e006_hinge_075,10,0,40,4.40768964484,105919.973084,8633,False
d6c320d9,e006_jump_025,10,10,0,4.79014224897,125098.662997,6550,False
d6c320d9,e006_jump_050,10,10,0,4.79014224897,125098.662997,7078,False
d6c320d9,e006_jump_075,10,10,0,4.79014224897,125098.662997,6564,False
d6c320d9,dtw_derivative,0,0,0,19.9079514589,2160772.24859,0,False
d6dd7330,last_known_tvt,0,0,0,11.8228329799,865653.6983,0,False
d6dd7330,e004_geometry_prefix,0,0,0,10.8336432496,726858.946781,0,False
d6dd7330,align_visible_path,0,0,0,10.1999180023,644309.360687,0,False
d6dd7330,pf_gr_path,0,0,0,8.50032669344,447478.645273,0,False
d6dd7330,trellis_gr_path,0,0,0,11.7766913411,858910.012241,0,False
d6dd7330,e006_nested_fusion,0,0,0,9.22899702133,527484.97262,0,False
d6dd7330,wide64_anchor,0,0,0,9.9051788937,607611.139298,0,False
d6dd7330,e006_affine,5,0,0,8.62082826819,460255.585423,325,False
d6dd7330,e006_quadratic,5,0,-20,6.987251008,302352.643486,7046,False
d6dd7330,wide64_quadratic,5,0,-20,6.84304610962,290001.345402,7046,False
d6dd7330,pf_quadratic,0,0,-20,6.83802241254,289575.703336,6488,False
d6dd7330,trellis_quadratic,5,0,-20,7.12914551988,314757.465219,7046,False
d6dd7330,e006_hinge_025,5,10,-20,8.5091594346,448409.083997,7715,False
d6dd7330,e006_hinge_050,5,20,-70,7.12749455308,314611.699096,7915,False
d6dd7330,e006_hinge_075,5,10,-120,5.18916451082,166761.563588,8017,False
d6dd7330,e006_jump_025,5,-10,10,7.7056842022,367725.284966,6038,False
d6dd7330,e006_jump_050,5,-10,10,8.08763394469,405083.032745,6494,False
d6dd7330,e006_jump_075,5,10,-10,6.53583082318,264546.904613,6086,False
d6dd7330,dtw_derivative,0,0,0,3.6179364701,81063.0524203,0,True
d7ba4f9d,last_known_tvt,0,0,0,5.09811615971,156542.5184,0,False
d7ba4f9d,e004_geometry_prefix,0,0,0,8.70936230871,456862.569759,0,False
d7ba4f9d,align_visible_path,0,0,0,8.70936230871,456862.569759,0,False
d7ba4f9d,pf_gr_path,0,0,0,4.6736850288,131562.387121,0,False
d7ba4f9d,trellis_gr_path,0,0,0,7.22255191078,314191.337514,0,False
d7ba4f9d,e006_nested_fusion,0,0,0,6.45678655517,251099.427845,0,False
d7ba4f9d,wide64_anchor,0,0,0,6.41309067619,247712.329963,0,False
d7ba4f9d,e006_affine,-5,0,0,3.53686398172,75344.1573082,275,False
d7ba4f9d,e006_quadratic,-5,0,0,3.53686398172,75344.1573082,5932,False
d7ba4f9d,wide64_quadratic,-5,0,0,3.53107965843,75097.9173668,5932,False
d7ba4f9d,pf_quadratic,-5,0,0,3.83531455521,88596.1480925,5932,False
d7ba4f9d,trellis_quadratic,-5,0,-10,4.54525380176,124431.157373,5931,False
d7ba4f9d,e006_hinge_025,-5,0,0,3.53686398172,75344.1573082,6462,False
d7ba4f9d,e006_hinge_050,-5,0,-10,3.25921796873,63979.3281469,6625,True
d7ba4f9d,e006_hinge_075,-5,0,-20,3.33657947084,67052.6289304,6752,False
d7ba4f9d,e006_jump_025,-5,0,0,3.53686398172,75344.1573082,5119,False
d7ba4f9d,e006_jump_050,-5,0,0,3.53686398172,75344.1573082,5430,False
d7ba4f9d,e006_jump_075,-5,0,0,3.53686398172,75344.1573082,5113,False
d7ba4f9d,dtw_derivative,0,0,0,8.64509229208,450144.689708,0,False
d7eb0be8,last_known_tvt,0,0,0,32.8261091242,5819866.1307,0,False
d7eb0be8,e004_geometry_prefix,0,0,0,29.9495491895,4844564.65743,0,False
d7eb0be8,align_visible_path,0,0,0,29.000622119,4542435.88583,0,False
d7eb0be8,pf_gr_path,0,0,0,29.3271655,4645306.31846,0,False
d7eb0be8,trellis_gr_path,0,0,0,28.1574569416,4282141.70204,0,False
d7eb0be8,e006_nested_fusion,0,0,0,29.1489302472,4589014.38672,0,False
d7eb0be8,wide64_anchor,0,0,0,27.0884447333,3963166.50942,0,False
d7eb0be8,e006_affine,25,-10,0,17.0307620608,1566543.07126,424,False
d7eb0be8,e006_quadratic,25,-10,-50,6.30627443597,214792.894311,9219,False
d7eb0be8,wide64_quadratic,20,-10,-50,5.83261406259,183738.708124,8676,True
d7eb0be8,pf_quadratic,25,-10,-50,6.18839592044,206838.014212,9219,False
d7eb0be8,trellis_quadratic,25,-10,-50,6.0912942776,200397.980138,9219,False
d7eb0be8,e006_hinge_025,25,40,-120,12.2504731926,810550.178687,10199,False
d7eb0be8,e006_hinge_050,25,20,-120,9.48033990402,485424.838202,10378,False
d7eb0be8,e006_hinge_075,25,0,-120,14.2424066377,1095572.03904,10488,False
d7eb0be8,e006_jump_025,25,-50,30,8.90062890752,427873.673921,7829,False
d7eb0be8,e006_jump_050,25,0,-10,16.4361692601,1459067.51137,8596,False
d7eb0be8,e006_jump_075,25,20,-30,11.4899087556,713029.235344,7999,False
d7eb0be8,dtw_derivative,0,0,0,16.0082889774,1384088.97163,0,False
d84b621b,last_known_tvt,0,0,0,21.8203737173,1901658.0644,0,False
d84b621b,e004_geometry_prefix,0,0,0,20.6747150954,1707210.71404,0,False
d84b621b,align_visible_path,0,0,0,11.5507717815,532880.793024,0,False
d84b621b,pf_gr_path,0,0,0,12.177856551,592310.959569,0,False
d84b621b,trellis_gr_path,0,0,0,19.1963281592,1471785.0651,0,False
d84b621b,e006_nested_fusion,0,0,0,17.3337524852,1200033.14702,0,False
d84b621b,wide64_anchor,0,0,0,12.8510847201,659610.611663,0,False
d84b621b,e006_affine,-15,0,0,5.56028435661,123481.547933,225,False
d84b621b,e006_quadratic,-15,0,10,3.95562696913,62494.0569672,4824,False
d84b621b,wide64_quadratic,-10,0,10,4.03325983787,64971.1365697,5377,False
d84b621b,pf_quadratic,-10,0,10,3.47579295637,48252.0598822,5377,False
d84b621b,trellis_quadratic,-20,-10,10,5.36770735475,115076.255291,4250,False
d84b621b,e006_hinge_025,-15,-50,110,2.51104850101,25183.6261102,5125,True
d84b621b,e006_hinge_050,-15,-20,60,4.01931222075,64522.5536872,5341,False
d84b621b,e006_hinge_075,-15,-10,70,4.88072293538,95142.8967497,5486,False
d84b621b,e006_jump_025,-15,10,-10,4.95348885779,98000.9851457,4202,False
d84b621b,e006_jump_050,-15,0,0,5.56028435661,123481.547933,4370,False
d84b621b,e006_jump_075,-15,0,0,5.56028435661,123481.547933,4161,False
d84b621b,dtw_derivative,0,0,0,34.5365429855,4763934.56876,0,False
d90aa14c,last_known_tvt,0,0,0,11.9943528916,1441234.5739,0,False
d90aa14c,e004_geometry_prefix,0,0,0,11.921301704,1423732.45699,0,False
d90aa14c,align_visible_path,0,0,0,19.3106002252,3735704.99764,0,False
d90aa14c,pf_gr_path,0,0,0,11.5728332177,1341715.43528,0,False
d90aa14c,trellis_gr_path,0,0,0,12.2672517137,1507563.38443,0,False
d90aa14c,e006_nested_fusion,0,0,0,10.6102488354,1127800.19633,0,False
d90aa14c,wide64_anchor,0,0,0,11.3666344079,1294329.38444,0,False
d90aa14c,e006_affine,5,0,0,10.0270114484,1007219.32312,325,False
d90aa14c,e006_quadratic,5,0,-20,7.04240707854,496847.693553,7046,False
d90aa14c,wide64_quadratic,5,0,-20,6.94069110417,482599.04751,7046,True
d90aa14c,pf_quadratic,5,0,-20,7.00639409171,491779.193731,7046,False
d90aa14c,trellis_quadratic,5,0,-20,8.51777148615,726830.254663,7046,False
d90aa14c,e006_hinge_025,5,50,-110,7.7366386731,599633.179984,7806,False
d90aa14c,e006_hinge_050,5,20,-70,7.97791953726,637617.651033,7915,False
d90aa14c,e006_hinge_075,5,10,-120,7.2273665274,523288.496098,8017,False
d90aa14c,e006_jump_025,5,-10,10,8.16734874892,668256.556405,6038,False
d90aa14c,e006_jump_050,5,0,0,10.0270114484,1007219.32312,6518,False
d90aa14c,e006_jump_075,5,10,-10,8.14781688173,665064.163941,6086,False
d90aa14c,dtw_derivative,0,0,0,83.1139801119,69203679.7068,0,False
d924e971,last_known_tvt,0,0,0,32.7702837302,3419270.5225,0,False
d924e971,e004_geometry_prefix,0,0,0,29.3586329117,2744382.97539,0,False
d924e971,align_visible_path,0,0,0,29.3586329117,2744382.97539,0,False
d924e971,pf_gr_path,0,0,0,26.0254196593,2156594.73952,0,False
d924e971,trellis_gr_path,0,0,0,28.0613045615,2507198.81479,0,False
d924e971,e006_nested_fusion,0,0,0,27.8146943365,2463324.59178,0,False
d924e971,wide64_anchor,0,0,0,28.6031113741,2604951.32922,0,False
d924e971,e006_affine,20,30,0,6.45213737622,132550.164282,403,False
d924e971,e006_quadratic,20,30,20,4.74711565216,71751.7807356,8783,False
d924e971,wide64_quadratic,20,30,20,4.52135709487,65089.4612141,8783,False
d924e971,pf_quadratic,15,30,20,4.45391465844,63162.1408184,8234,False
d924e971,trellis_quadratic,20,30,10,5.0777859786,82095.9708553,8782,False
d924e971,e006_hinge_025,20,0,80,3.66516814018,42772.1286666,9525,True
d924e971,e006_hinge_050,20,20,60,4.02317986489,51536.1483013,9785,False
d924e971,e006_hinge_075,20,30,60,4.99109335601,79316.6650367,9959,False
d924e971,e006_jump_025,20,50,-10,4.23103691766,56998.9281012,7571,False
d924e971,e006_jump_050,20,20,10,5.24629137522,87635.0570488,8144,False
d924e971,e006_jump_075,20,20,10,6.08434328756,117869.238639,7533,False
d924e971,dtw_derivative,0,0,0,15.6719606069,782023.352058,0,False
d9ae59b2,last_known_tvt,0,0,0,5.04708077156,92925.5927,0,False
d9ae59b2,e004_geometry_prefix,0,0,0,11.6845711332,498058.530967,0,False
d9ae59b2,align_visible_path,0,0,0,10.583357135,408603.171207,0,False
d9ae59b2,pf_gr_path,0,0,0,3.42376754231,42762.5279024,0,False
d9ae59b2,trellis_gr_path,0,0,0,13.2667163436,642069.021751,0,False
d9ae59b2,e006_nested_fusion,0,0,0,7.66933482604,214570.605466,0,False
d9ae59b2,wide64_anchor,0,0,0,10.4655140962,399554.442364,0,False
d9ae59b2,e006_affine,-5,-10,0,3.50558769563,44830.8012947,274,False
d9ae59b2,e006_quadratic,-5,-10,0,3.50558769563,44830.8012947,5907,False
d9ae59b2,wide64_quadratic,-10,-10,0,3.2349804629,38176.6796758,5351,False
d9ae59b2,pf_quadratic,0,0,0,3.42376754231,42762.5279024,6490,False
d9ae59b2,trellis_quadratic,-10,-10,-10,3.38262192966,41740.8943221,5350,False
d9ae59b2,e006_hinge_025,-5,-10,10,2.72320050095,27052.9148926,6438,False
d9ae59b2,e006_hinge_050,-5,0,-20,2.72080314355,27005.3040332,6624,True
d9ae59b2,e006_hinge_075,-5,0,-50,3.11535370286,35405.4038755,6749,False
d9ae59b2,e006_jump_025,-5,-10,0,3.50558769563,44830.8012947,5097,False
d9ae59b2,e006_jump_050,-5,-10,0,3.50558769563,44830.8012947,5405,False
d9ae59b2,e006_jump_075,-5,-10,0,3.50558769563,44830.8012947,5091,False
d9ae59b2,dtw_derivative,0,0,0,41.8685828062,6394864.56917,0,False
d9d6d94d,last_known_tvt,0,0,0,9.38572914632,433324.1132,0,False
d9d6d94d,e004_geometry_prefix,0,0,0,9.22954454654,419022.518788,0,False
d9d6d94d,align_visible_path,0,0,0,9.22954454654,419022.518788,0,False
d9d6d94d,pf_gr_path,0,0,0,9.85003672432,477257.236251,0,False
d9d6d94d,trellis_gr_path,0,0,0,10.0597362802,497794.408318,0,False
d9d6d94d,e006_nested_fusion,0,0,0,9.83956464693,476242.982578,0,False
d9d6d94d,wide64_anchor,0,0,0,9.34155542888,429254.85187,0,False
d9d6d94d,e006_affine,-5,-10,0,8.95724810007,394662.651856,274,False
d9d6d94d,e006_quadratic,-5,-10,-20,6.6226107203,215742.286971,5905,False
d9d6d94d,wide64_quadratic,0,-10,-20,6.36058393579,199008.120753,6463,False
d9d6d94d,pf_quadratic,-5,-10,-20,6.64280294678,217059.881638,5905,False
d9d6d94d,trellis_quadratic,0,-10,-20,7.02357314144,242657.121412,6463,False
d9d6d94d,e006_hinge_025,-5,40,-110,6.81252323476,228293.115822,6551,False
d9d6d94d,e006_hinge_050,-5,20,-100,5.53416181172,150653.952088,6666,True
d9d6d94d,e006_hinge_075,-5,0,-80,8.00216513874,314986.428139,6746,False
d9d6d94d,e006_jump_025,-5,-20,10,7.32400895204,263860.605971,5076,False
d9d6d94d,e006_jump_050,-5,-10,0,8.95724810007,394662.651856,5405,False
d9d6d94d,e006_jump_075,-5,0,-10,7.07268529953,246062.533666,5112,False
d9d6d94d,dtw_derivative,0,0,0,6.46907181807,205854.690832,0,False
d9eca87b,last_known_tvt,0,0,0,26.4433154288,4456313.4364,0,False
d9eca87b,e004_geometry_prefix,0,0,0,26.9576066554,4631339.12314,0,False
d9eca87b,align_visible_path,0,0,0,16.6829435249,1773737.21348,0,False
d9eca87b,pf_gr_path,0,0,0,17.0185769121,1845824.48181,0,False
d9eca87b,trellis_gr_path,0,0,0,28.5257693473,5185834.48093,0,False
d9eca87b,e006_nested_fusion,0,0,0,23.1026078691,3401464.41501,0,False
d9eca87b,wide64_anchor,0,0,0,19.7767580431,2492608.77136,0,False
d9eca87b,e006_affine,-15,-20,0,9.62936768749,590934.653694,223,False
d9eca87b,e006_quadratic,-15,-20,-20,7.38388499141,347467.16097,4771,False
d9eca87b,wide64_quadratic,-10,-20,-20,7.36871615559,346041.012402,5324,False
d9eca87b,pf_quadratic,-10,-20,-20,7.27101122322,336925.241619,5324,False
d9eca87b,trellis_quadratic,-20,-20,-20,10.0778574067,647262.336761,4222,False
d9eca87b,e006_hinge_025,-15,10,-80,8.98377252056,514353.159133,5256,False
d9eca87b,e006_hinge_050,-15,0,-90,8.06667488997,414699.036613,5376,False
d9eca87b,e006_hinge_075,-15,-10,-120,5.5466454538,196067.102611,5467,True
d9eca87b,e006_jump_025,-15,-30,10,9.22862686091,542772.819972,4116,False
d9eca87b,e006_jump_050,-15,-40,10,8.07842783032,415908.328844,4272,False
d9eca87b,e006_jump_075,-15,-10,-10,7.87424813505,395150.113471,4138,False
d9eca87b,dtw_derivative,0,0,0,22.1874281708,3137312.98738,0,False
da2d4d7c,last_known_tvt,0,0,0,3.57719411535,27051.4157,0,False
da2d4d7c,e004_geometry_prefix,0,0,0,3.26846685309,22583.5989544,0,False
da2d4d7c,align_visible_path,0,0,0,4.36123204585,40209.0092406,0,False
da2d4d7c,pf_gr_path,0,0,0,9.24431615813,180656.903923,0,False
da2d4d7c,trellis_gr_path,0,0,0,5.41602823035,62010.7268282,0,False
da2d4d7c,e006_nested_fusion,0,0,0,5.34786869459,60459.7649006,0,False
da2d4d7c,wide64_anchor,0,0,0,9.60901491385,195192.316337,0,False
da2d4d7c,e006_affine,-5,0,0,2.66539635272,15018.569934,275,False
da2d4d7c,e006_quadratic,-5,0,0,2.66539635272,15018.569934,5932,False
da2d4d7c,wide64_quadratic,-10,0,0,2.74977253383,15984.4803602,5376,False
da2d4d7c,pf_quadratic,-10,0,0,2.6639588258,15002.3743865,5376,False
da2d4d7c,trellis_quadratic,-5,0,0,4.08394245956,35258.5308315,5932,False
da2d4d7c,e006_hinge_025,-5,0,0,2.66539635272,15018.569934,6462,False
da2d4d7c,e006_hinge_050,-5,10,-30,2.43144122732,12497.7702182,6648,True
da2d4d7c,e006_hinge_075,-5,0,0,2.66539635272,15018.569934,6754,False
da2d4d7c,e006_jump_025,-5,0,0,2.66539635272,15018.569934,5119,False
da2d4d7c,e006_jump_050,-5,0,0,2.66539635272,15018.569934,5430,False
da2d4d7c,e006_jump_075,-5,0,0,2.66539635272,15018.569934,5113,False
da2d4d7c,dtw_derivative,0,0,0,6.5060617924,89483.1678583,0,False
da3bfe4e,last_known_tvt,0,0,0,30.2082434345,5063673.2033,0,False
da3bfe4e,e004_geometry_prefix,0,0,0,31.4433439932,5486206.8583,0,False
da3bfe4e,align_visible_path,0,0,0,22.6993468671,2859179.67213,0,False
da3bfe4e,pf_gr_path,0,0,0,18.6770406503,1935667.92151,0,False
da3bfe4e,trellis_gr_path,0,0,0,31.4682209758,5494891.32025,0,False
da3bfe4e,e006_nested_fusion,0,0,0,25.6770887783,3658527.21623,0,False
da3bfe4e,wide64_anchor,0,0,0,28.7531544409,4587601.84728,0,False
da3bfe4e,e006_affine,-20,-10,0,10.2522347897,583246.057599,199,False
da3bfe4e,e006_quadratic,-20,-10,20,7.19516674365,287274.085378,4251,False
da3bfe4e,wide64_quadratic,-25,-10,20,6.84623947107,260087.150673,3708,True
da3bfe4e,pf_quadratic,-15,-10,20,6.86260738502,261332.264291,4800,False
da3bfe4e,trellis_quadratic,-25,-20,30,8.66011311478,416161.455783,3684,False
da3bfe4e,e006_hinge_025,-20,-60,110,7.80003284455,337604.003175,4498,False
da3bfe4e,e006_hinge_050,-20,-40,100,7.23393857658,290378.433813,4679,False
da3bfe4e,e006_hinge_075,-20,-20,110,7.60536520679,320962.927024,4841,False
da3bfe4e,e006_jump_025,-20,10,-20,6.88982899684,263409.607268,3734,False
da3bfe4e,e006_jump_050,-20,-30,10,9.97544598217,552178.340592,3781,False
da3bfe4e,e006_jump_075,-20,-30,10,8.49824432059,400749.648599,3626,False
da3bfe4e,dtw_derivative,0,0,0,19.4753389735,2104673.7073,0,False
da3cf798,last_known_tvt,0,0,0,16.9051108063,1670114.5159,0,False
da3cf798,e004_geometry_prefix,0,0,0,15.2159817835,1353038.53796,0,False
da3cf798,align_visible_path,0,0,0,7.64150012246,341245.910967,0,False
da3cf798,pf_gr_path,0,0,0,8.62185066675,434421.389327,0,False
da3cf798,trellis_gr_path,0,0,0,13.9158240938,1131691.53626,0,False
da3cf798,e006_nested_fusion,0,0,0,11.7573934909,807852.94714,0,False
da3cf798,wide64_anchor,0,0,0,13.7981866834,1112638.9014,0,False
da3cf798,e006_affine,10,10,0,4.27313728115,106709.699795,351,False
da3cf798,e006_quadratic,10,10,0,4.27313728115,106709.699795,7629,False
da3cf798,wide64_quadratic,10,10,0,4.7559545721,132186.043144,7629,False
da3cf798,pf_quadratic,5,10,0,4.33451677144,109797.280291,7073,False
da3cf798,trellis_quadratic,10,10,0,4.84110659061,136961.813298,7629,False
da3cf798,e006_hinge_025,10,20,-30,4.07231474196,96915.4195578,8353,True
da3cf798,e006_hinge_050,10,10,-10,4.12457012716,99418.5881209,8518,False
da3cf798,e006_hinge_075,10,10,-10,4.23802745344,104963.363412,8653,False
da3cf798,e006_jump_025,10,10,0,4.27313728115,106709.699795,6550,False
da3cf798,e006_jump_050,10,10,0,4.27313728115,106709.699795,7078,False
da3cf798,e006_jump_075,10,10,0,4.27313728115,106709.699795,6564,False
da3cf798,dtw_derivative,0,0,0,17.4766165514,1784945.34483,0,False
da940160,last_known_tvt,0,0,0,11.2248281307,646615.406,0,False
da940160,e004_geometry_prefix,0,0,0,10.1055895392,524094.927741,0,False
da940160,align_visible_path,0,0,0,4.58838500719,108045.417432,0,False
da940160,pf_gr_path,0,0,0,11.6016005817,690752.502247,0,False
da940160,trellis_gr_path,0,0,0,10.639782516,580967.916245,0,False
da940160,e006_nested_fusion,0,0,0,10.9794926175,618658.792767,0,False
da940160,wide64_anchor,0,0,0,9.03335006976,418778.453994,0,False
da940160,e006_affine,10,10,0,4.42683352928,100571.060352,351,False
da940160,e006_quadratic,10,10,-10,4.09920639685,86235.5265068,7628,False
da940160,wide64_quadratic,10,10,-10,4.63808955749,110398.941183,7628,False
da940160,pf_quadratic,10,0,-10,4.13796955396,87874.1686954,7603,False
da940160,trellis_quadratic,10,10,0,5.16957723951,137150.281983,7629,False
da940160,e006_hinge_025,10,10,-10,3.34857723993,57544.959637,8330,False
da940160,e006_hinge_050,10,10,-20,2.79600726197,40120.2137173,8517,False
da940160,e006_hinge_075,10,10,-50,2.64994011527,36037.8411776,8649,True
da940160,e006_jump_025,10,10,0,4.42683352928,100571.060352,6550,False
da940160,e006_jump_050,10,-10,10,2.99629316441,46073.9296356,7029,False
da940160,e006_jump_075,10,20,-10,3.91641744154,78716.2868581,6585,False
da940160,dtw_derivative,0,0,0,10.1235392741,525958.395428,0,False
dafc88c3,last_known_tvt,0,0,0,6.87733939836,263543.326,0,False
dafc88c3,e004_geometry_prefix,0,0,0,9.24399731077,476135.681561,0,False
dafc88c3,align_visible_path,0,0,0,28.1445489938,4413668.33529,0,False
dafc88c3,pf_gr_path,0,0,0,18.5555822882,1918493.28095,0,False
dafc88c3,trellis_gr_path,0,0,0,10.0990013707,568287.325431,0,False
dafc88c3,e006_nested_fusion,0,0,0,13.4855924039,1013330.62024,0,False
dafc88c3,wide64_anchor,0,0,0,18.8539914198,1980695.51397,0,False
dafc88c3,e006_affine,10,10,0,5.48835475317,167839.99516,351,False
dafc88c3,e006_quadratic,10,10,10,5.00985419471,139849.616799,7630,False
dafc88c3,wide64_quadratic,20,10,10,4.88964164528,133218.693676,8732,False
dafc88c3,pf_quadratic,20,10,10,4.9815234363,138272.388059,8732,False
dafc88c3,trellis_quadratic,5,0,10,6.56847285694,240403.024366,7049,False
dafc88c3,e006_hinge_025,10,-20,60,4.04124423838,90999.9816277,8262,True
dafc88c3,e006_hinge_050,10,0,20,4.56262308989,115995.274154,8496,False
dafc88c3,e006_hinge_075,10,0,50,5.05774722257,142536.256422,8634,False
dafc88c3,e006_jump_025,10,20,-10,4.60443063079,118130.754149,6571,False
dafc88c3,e006_jump_050,10,10,0,5.48835475317,167839.99516,7078,False
dafc88c3,e006_jump_075,10,10,0,5.48835475317,167839.99516,6564,False
dafc88c3,dtw_derivative,0,0,0,40.4876694592,9133908.67955,0,False
dbee6c86,last_known_tvt,0,0,0,4.39592895407,142399.9662,0,False
dbee6c86,e004_geometry_prefix,0,0,0,5.63759311933,234204.919584,0,False
dbee6c86,align_visible_path,0,0,0,14.5584168708,1561841.14064,0,False
dbee6c86,pf_gr_path,0,0,0,5.58393380124,229767.753738,0,False
dbee6c86,trellis_gr_path,0,0,0,2.92646291341,63109.4806175,0,True
dbee6c86,e006_nested_fusion,0,0,0,6.89538742688,350369.184074,0,False
dbee6c86,wide64_anchor,0,0,0,4.21541797574,130945.278246,0,False
dbee6c86,e006_affine,-5,0,0,4.1543552192,127179.11924,275,False
dbee6c86,e006_quadratic,-5,0,0,4.1543552192,127179.11924,5932,False
dbee6c86,wide64_quadratic,0,0,0,4.21541797574,130945.278246,6490,False
dbee6c86,pf_quadratic,-5,0,0,4.5725530315,154072.829594,5932,False
dbee6c86,trellis_quadratic,0,0,0,2.92646291341,63109.4806175,6490,False
dbee6c86,e006_hinge_025,-5,-10,20,3.79868323064,106334.627899,6439,False
dbee6c86,e006_hinge_050,-5,0,-10,3.88583751314,111269.933793,6625,False
dbee6c86,e006_hinge_075,-5,0,-20,3.84752956892,109086.872002,6752,False
dbee6c86,e006_jump_025,-5,0,0,4.1543552192,127179.11924,5119,False
dbee6c86,e006_jump_050,-5,0,0,4.1543552192,127179.11924,5430,False
dbee6c86,e006_jump_075,-5,0,0,4.1543552192,127179.11924,5113,False
dbee6c86,dtw_derivative,0,0,0,31.4147958922,7272387.9956,0,False
dc5fbe29,last_known_tvt,0,0,0,7.92010392149,326374.024,0,False
dc5fbe29,e004_geometry_prefix,0,0,0,6.61241488584,227496.131329,0,False
dc5fbe29,align_visible_path,0,0,0,21.4676166074,2397847.10225,0,False
dc5fbe29,pf_gr_path,0,0,0,6.78512222349,239535.108307,0,False
dc5fbe29,trellis_gr_path,0,0,0,9.98287297878,518519.288393,0,False
dc5fbe29,e006_nested_fusion,0,0,0,6.65255130138,230266.251168,0,False
dc5fbe29,wide64_anchor,0,0,0,7.37882390333,283287.960548,0,False
dc5fbe29,e006_affine,0,0,0,6.65255130138,230266.251168,300,False
dc5fbe29,e006_quadratic,0,0,-10,6.58341423254,225505.007406,6489,False
dc5fbe29,wide64_quadratic,-5,0,-10,6.81094846212,241362.065616,5931,False
dc5fbe29,pf_quadratic,0,0,-10,6.71734975472,234773.864545,6489,False
dc5fbe29,trellis_quadratic,-5,10,0,7.35811153098,281699.812988,5957,False
dc5fbe29,e006_hinge_025,0,0,10,6.13670460275,195940.523013,7078,False
dc5fbe29,e006_hinge_050,0,10,-20,5.91970423378,182328.199415,7272,False
dc5fbe29,e006_hinge_075,0,10,-70,5.37592198594,150369.495046,7397,True
dc5fbe29,e006_jump_025,0,0,0,6.65255130138,230266.251168,5589,False
dc5fbe29,e006_jump_050,0,0,0,6.65255130138,230266.251168,5974,False
dc5fbe29,e006_jump_075,0,0,0,6.65255130138,230266.251168,5589,False
dc5fbe29,dtw_derivative,0,0,0,46.4198455106,11211435.1037,0,False
dc7da28f,last_known_tvt,0,0,0,10.2232444367,498953.3058,0,False
dc7da28f,e004_geometry_prefix,0,0,0,8.45222608074,341055.160187,0,False
dc7da28f,align_visible_path,0,0,0,15.4662539321,1141964.72104,0,False
dc7da28f,pf_gr_path,0,0,0,12.9969796006,806431.139497,0,False
dc7da28f,trellis_gr_path,0,0,0,8.47227380577,342674.967502,0,False
dc7da28f,e006_nested_fusion,0,0,0,9.674070801,446787.421349,0,False
dc7da28f,wide64_anchor,0,0,0,11.4228244019,622915.899267,0,False
dc7da28f,e006_affine,5,10,0,3.43901137616,56461.1395975,326,False
dc7da28f,e006_quadratic,5,10,0,3.43901137616,56461.1395975,7073,False
dc7da28f,wide64_quadratic,10,10,0,3.8430428758,70507.1035749,7629,False
dc7da28f,pf_quadratic,10,10,0,3.7970907964,68831.0475158,7629,False
dc7da28f,trellis_quadratic,5,10,0,4.70867817541,105847.457862,7073,False
dc7da28f,e006_hinge_025,5,0,30,3.06323816965,44796.4856729,7695,True
dc7da28f,e006_hinge_050,5,20,-30,3.22125612496,49537.3681418,7919,False
dc7da28f,e006_hinge_075,5,20,-60,3.30986772949,52300.2412222,8048,False
dc7da28f,e006_jump_025,5,10,0,3.43901137616,56461.1395975,6081,False
dc7da28f,e006_jump_050,5,10,0,3.43901137616,56461.1395975,6543,False
dc7da28f,e006_jump_075,5,10,0,3.43901137616,56461.1395975,6087,False
dc7da28f,dtw_derivative,0,0,0,5.92546856583,167620.762457,0,False
dc7f9757,last_known_tvt,0,0,0,9.81015457214,419602.6187,0,False
dc7f9757,e004_geometry_prefix,0,0,0,8.54375375406,318261.374995,0,False
dc7f9757,align_visible_path,0,0,0,9.66103250509,406942.993921,0,False
dc7f9757,pf_gr_path,0,0,0,7.1934603018,225611.998055,0,False
dc7f9757,trellis_gr_path,0,0,0,10.0790359996,442919.174729,0,False
dc7f9757,e006_nested_fusion,0,0,0,6.80688275296,202014.726263,0,False
dc7f9757,wide64_anchor,0,0,0,8.82199309465,339328.171027,0,False
dc7f9757,e006_affine,0,-10,0,4.05812747964,71802.2180747,299,False
dc7f9757,e006_quadratic,0,-10,-10,3.86394894362,65095.2422736,6464,False
dc7f9757,wide64_quadratic,-5,-10,-10,3.84810462277,64562.4840587,5906,False
dc7f9757,pf_quadratic,5,-10,-10,4.16971073512,75805.0859994,7022,False
dc7f9757,trellis_quadratic,-5,-10,-10,5.19908342141,117852.842323,5906,False
dc7f9757,e006_hinge_025,0,20,-70,3.30480800977,47618.8560791,7120,True
dc7f9757,e006_hinge_050,0,0,-30,3.89466503304,66134.2925374,7246,False
dc7f9757,e006_hinge_075,0,-10,0,4.05812747964,71802.2180747,7354,False
dc7f9757,e006_jump_025,0,-20,10,3.99581603449,69614.1396072,5546,False
dc7f9757,e006_jump_050,0,10,-10,3.93413856274,67481.6655664,5998,False
dc7f9757,e006_jump_075,0,-10,0,4.05812747964,71802.2180747,5567,False
dc7f9757,dtw_derivative,0,0,0,63.4842987999,17571917.0063,0,False
dd168de0,last_known_tvt,0,0,0,2.99135718305,29564.9116,0,True
dd168de0,e004_geometry_prefix,0,0,0,4.01060933006,53144.7977035,0,False
dd168de0,align_visible_path,0,0,0,8.96615707135,265615.077563,0,False
dd168de0,pf_gr_path,0,0,0,8.32533232222,229004.066942,0,False
dd168de0,trellis_gr_path,0,0,0,6.75217358427,150635.466162,0,False
dd168de0,e006_nested_fusion,0,0,0,4.60057951074,69930.2563816,0,False
dd168de0,wide64_anchor,0,0,0,5.85231043464,113160.471647,0,False
dd168de0,e006_affine,-5,0,0,4.24902535123,59651.1311025,275,False
dd168de0,e006_quadratic,-5,0,10,4.21678550169,58749.3490119,5933,False
dd168de0,wide64_quadratic,-5,0,10,3.62843182302,43498.8698013,5933,False
dd168de0,pf_quadratic,-5,0,10,4.37404820787,63213.1116827,5933,False
dd168de0,trellis_quadratic,5,0,0,6.38790013915,134820.606092,7048,False
dd168de0,e006_hinge_025,-5,0,10,3.10886118556,31933.2190461,6463,False
dd168de0,e006_hinge_050,-5,0,20,3.07153086542,31170.9333362,6628,False
dd168de0,e006_hinge_075,-5,0,40,3.19559497042,33739.8771182,6758,False
dd168de0,e006_jump_025,-5,0,0,4.24902535123,59651.1311025,5119,False
dd168de0,e006_jump_050,-5,0,0,4.24902535123,59651.1311025,5430,False
dd168de0,e006_jump_075,-5,0,0,4.24902535123,59651.1311025,5113,False
dd168de0,dtw_derivative,0,0,0,14.9862917937,742041.863463,0,False
dd64382d,last_known_tvt,0,0,0,4.26212695921,56749.7287,0,False
dd64382d,e004_geometry_prefix,0,0,0,5.48879564701,94116.3657932,0,False
dd64382d,align_visible_path,0,0,0,5.48879564701,94116.3657932,0,False
dd64382d,pf_gr_path,0,0,0,4.91953919975,75606.6291899,0,False
dd64382d,trellis_gr_path,0,0,0,6.72870673115,141440.644111,0,False
dd64382d,e006_nested_fusion,0,0,0,5.29331253311,87531.8482587,0,False
dd64382d,wide64_anchor,0,0,0,5.95820731302,110902.732219,0,False
dd64382d,e006_affine,5,0,0,3.81694933147,45513.8752696,325,False
dd64382d,e006_quadratic,5,0,0,3.81694933147,45513.8752696,7048,False
dd64382d,wide64_quadratic,5,0,0,3.64887358362,41593.8058129,7048,False
dd64382d,pf_quadratic,5,0,0,4.09223991775,52315.8396489,7048,False
dd64382d,trellis_quadratic,5,0,10,4.04229209465,51046.5516824,7049,False
dd64382d,e006_hinge_025,5,0,10,2.65126555416,21959.2490369,7693,False
dd64382d,e006_hinge_050,5,0,20,2.4156170317,18229.1824314,7874,False
dd64382d,e006_hinge_075,5,0,50,1.82915019407,10452.249311,8009,True
dd64382d,e006_jump_025,5,0,0,3.81694933147,45513.8752696,6059,False
dd64382d,e006_jump_050,5,20,-10,3.72788232093,43414.5610145,6567,False
dd64382d,e006_jump_075,5,0,0,3.81694933147,45513.8752696,6065,False
dd64382d,dtw_derivative,0,0,0,5.70462422956,101663.512264,0,False
dd6bc5b2,last_known_tvt,0,0,0,11.7809560974,499924.9175,0,False
dd6bc5b2,e004_geometry_prefix,0,0,0,13.3987174945,646651.321049,0,False
dd6bc5b2,align_visible_path,0,0,0,22.5971297261,1839290.23923,0,False
dd6bc5b2,pf_gr_path,0,0,0,22.2108370854,1776943.26508,0,False
dd6bc5b2,trellis_gr_path,0,0,0,12.6834531949,579453.685777,0,False
dd6bc5b2,e006_nested_fusion,0,0,0,16.8975493649,1028468.88269,0,False
dd6bc5b2,wide64_anchor,0,0,0,16.5051668967,981258.764507,0,False
dd6bc5b2,e006_affine,15,10,0,5.01023249672,90418.9516758,376,False
dd6bc5b2,e006_quadratic,15,10,-10,4.89509217536,86310.8625136,8181,False
dd6bc5b2,wide64_quadratic,15,10,-10,4.90076717111,86511.1029532,8181,False
dd6bc5b2,pf_quadratic,20,10,-10,4.98817212354,89624.4638048,8730,False
dd6bc5b2,trellis_quadratic,10,10,0,5.16894188827,96238.0928,7629,False
dd6bc5b2,e006_hinge_025,15,10,0,5.01023249672,90418.9516758,8940,False
dd6bc5b2,e006_hinge_050,15,20,-40,4.39468425261,69566.3253478,9159,True
dd6bc5b2,e006_hinge_075,15,10,-30,4.74349156208,81047.5653428,9276,False
dd6bc5b2,e006_jump_025,15,10,0,5.01023249672,90418.9516758,7019,False
dd6bc5b2,e006_jump_050,15,10,0,5.01023249672,90418.9516758,7603,False
dd6bc5b2,e006_jump_075,15,10,0,5.01023249672,90418.9516758,7039,False
dd6bc5b2,dtw_derivative,0,0,0,39.571191092,5640296.75032,0,False
dd7d638e,last_known_tvt,0,0,0,6.01768064761,155749.8781,0,False
dd7d638e,e004_geometry_prefix,0,0,0,6.25797404311,168436.790473,0,False
dd7d638e,align_visible_path,0,0,0,13.8962116344,830543.305181,0,False
dd7d638e,pf_gr_path,0,0,0,11.9475253856,613939.203577,0,False
dd7d638e,trellis_gr_path,0,0,0,6.57863523118,186140.576913,0,False
dd7d638e,e006_nested_fusion,0,0,0,7.89295395728,267946.80406,0,False
dd7d638e,wide64_anchor,0,0,0,7.13085348106,218701.855955,0,False
dd7d638e,e006_affine,-5,10,0,5.2939697086,120540.3218,276,False
dd7d638e,e006_quadratic,-5,10,10,3.3590974645,48530.4873726,5958,False
dd7d638e,wide64_quadratic,-5,10,10,3.37237280208,48914.8356582,5958,False
dd7d638e,pf_quadratic,-10,10,10,3.41693260881,50216.0177769,5402,False
dd7d638e,trellis_quadratic,0,10,20,4.03555566957,70044.836827,6517,False
dd7d638e,e006_hinge_025,-5,-20,60,2.99032157396,38459.6414205,6418,False
dd7d638e,e006_hinge_050,-5,-10,60,1.70192489362,12458.0544255,6607,True
dd7d638e,e006_hinge_075,-5,0,70,3.19719289355,43965.0043562,6761,False
dd7d638e,e006_jump_025,-5,20,-10,2.9843331727,38305.757533,5162,False
dd7d638e,e006_jump_050,-5,10,0,5.2939697086,120540.3218,5455,False
dd7d638e,e006_jump_075,-5,-10,10,4.38581814513,82731.4588502,5092,False
dd7d638e,dtw_derivative,0,0,0,14.4450244929,897441.20892,0,False
ddc790ff,last_known_tvt,0,0,0,5.72481738099,154887.7219,0,False
ddc790ff,e004_geometry_prefix,0,0,0,7.81235814297,288441.673277,0,False
ddc790ff,align_visible_path,0,0,0,8.13932847903,313091.205391,0,False
ddc790ff,pf_gr_path,0,0,0,4.65469467918,102394.378762,0,False
ddc790ff,trellis_gr_path,0,0,0,9.88136260855,461452.91141,0,False
ddc790ff,e006_nested_fusion,0,0,0,5.99579895543,169897.833768,0,False
ddc790ff,wide64_anchor,0,0,0,7.04776834968,234745.328947,0,False
ddc790ff,e006_affine,-5,0,0,4.30214664072,87471.0089843,275,False
ddc790ff,e006_quadratic,-5,0,0,4.30214664072,87471.0089843,5932,False
ddc790ff,wide64_quadratic,-5,0,0,4.28230732367,86666.1253237,5932,False
ddc790ff,pf_quadratic,0,0,0,4.65469467918,102394.378762,6490,False
ddc790ff,trellis_quadratic,-5,0,10,6.92604761026,226706.860371,5933,False
ddc790ff,e006_hinge_025,-5,-20,40,3.18464455544,47930.9074236,6416,True
ddc790ff,e006_hinge_050,-5,-10,30,4.15115744844,81438.9431722,6604,False
ddc790ff,e006_hinge_075,-5,0,-20,4.17485692907,82371.4879674,6752,False
ddc790ff,e006_jump_025,-5,0,0,4.30214664072,87471.0089843,5119,False
ddc790ff,e006_jump_050,-5,0,0,4.30214664072,87471.0089843,5430,False
ddc790ff,e006_jump_075,-5,0,0,4.30214664072,87471.0089843,5113,False
ddc790ff,dtw_derivative,0,0,0,7.23651737992,247487.310591,0,False
df71d1ff,last_known_tvt,0,0,0,12.7426216394,1011267.8021,0,False
df71d1ff,e004_geometry_prefix,0,0,0,18.2525724341,2074898.06207,0,False
df71d1ff,align_visible_path,0,0,0,35.9538303324,8050798.05819,0,False
df71d1ff,pf_gr_path,0,0,0,19.0072650255,2250027.69871,0,False
df71d1ff,trellis_gr_path,0,0,0,20.0479721892,2503165.16447,0,False
df71d1ff,e006_nested_fusion,0,0,0,18.3261239585,2091653.99085,0,False
df71d1ff,wide64_anchor,0,0,0,20.6788837922,2663193.91089,0,False
df71d1ff,e006_affine,-15,-10,0,9.63557558122,578234.404914,224,False
df71d1ff,e006_quadratic,-15,-10,20,7.06578936026,310935.262178,4800,False
df71d1ff,wide64_quadratic,-15,-10,20,7.34970192299,336424.841126,4800,False
df71d1ff,pf_quadratic,-15,-10,20,7.051821807,309707.172288,4800,False
df71d1ff,trellis_quadratic,-15,-10,30,8.53792776114,453997.598711,4801,False
df71d1ff,e006_hinge_025,-15,-40,70,9.10561044275,516376.81748,5146,False
df71d1ff,e006_hinge_050,-15,-30,80,7.67058930377,366442.691984,5318,False
df71d1ff,e006_hinge_075,-15,-20,120,4.79960369937,143469.426639,5466,True
df71d1ff,e006_jump_025,-15,0,-10,8.25483410252,424390.157582,4180,False
df71d1ff,e006_jump_050,-15,0,-10,8.87120503757,490132.880482,4369,False
df71d1ff,e006_jump_075,-15,-20,10,7.51476135113,351705.362488,4118,False
df71d1ff,dtw_derivative,0,0,0,38.4368130752,9201176.19693,0,False
df73b8f3,last_known_tvt,0,0,0,15.6175541958,1295395.383,0,False
df73b8f3,e004_geometry_prefix,0,0,0,18.1225145208,1744268.00341,0,False
df73b8f3,align_visible_path,0,0,0,15.6770579559,1305285.24622,0,False
df73b8f3,pf_gr_path,0,0,0,12.5559398951,837287.789138,0,False
df73b8f3,trellis_gr_path,0,0,0,19.2525347637,1968575.76363,0,False
df73b8f3,e006_nested_fusion,0,0,0,15.6944656846,1308185.62035,0,False
df73b8f3,wide64_anchor,0,0,0,14.942524901,1185835.03676,0,False
df73b8f3,e006_affine,-10,-20,0,7.33786651269,285966.997413,248,False
df73b8f3,e006_quadratic,-10,-20,-20,4.1649197211,92127.5604203,5324,False
df73b8f3,wide64_quadratic,-5,-20,-20,4.56742845389,110794.909641,5880,False
df73b8f3,pf_quadratic,-5,-20,-20,4.81897169252,123334.634688,5880,False
df73b8f3,trellis_quadratic,-15,-20,-20,6.17231652064,202335.775928,4771,False
df73b8f3,e006_hinge_025,-10,20,-90,5.711924095,173277.094241,5889,False
df73b8f3,e006_hinge_050,-10,0,-80,3.99047653482,84571.8487,5996,True
df73b8f3,e006_hinge_075,-10,-10,-110,5.04938425166,135410.750095,6093,False
df73b8f3,e006_jump_025,-10,-30,10,4.16246406568,92018.9547978,4585,False
df73b8f3,e006_jump_050,-10,-20,0,7.33786651269,285966.997413,4845,False
df73b8f3,e006_jump_075,-10,-10,-10,5.33550370172,151191.422278,4613,False
df73b8f3,dtw_derivative,0,0,0,24.0785569699,3079195.14646,0,False
df8290be,last_known_tvt,0,0,0,13.0097247847,672272.6736,0,False
df8290be,e004_geometry_prefix,0,0,0,13.6748694174,742772.156834,0,False
df8290be,align_visible_path,0,0,0,10.2250660485,415280.447467,0,False
df8290be,pf_gr_path,0,0,0,11.9586429129,568032.305344,0,False
df8290be,trellis_gr_path,0,0,0,12.3323082882,604084.907682,0,False
df8290be,e006_nested_fusion,0,0,0,13.2611121147,698504.379432,0,False
df8290be,wide64_anchor,0,0,0,13.9125383696,768815.251271,0,False
df8290be,e006_affine,10,10,0,6.9335510511,190950.445068,351,False
df8290be,e006_quadratic,10,10,0,6.9335510511,190950.445068,7629,False
df8290be,wide64_quadratic,10,10,0,6.75469181097,181225.921724,7629,False
df8290be,pf_quadratic,5,10,0,6.7706796713,182084.833956,7073,False
df8290be,trellis_quadratic,10,10,0,7.30474117332,211942.915616,7629,False
df8290be,e006_hinge_025,10,10,10,6.47010272435,166276.774635,8332,False
df8290be,e006_hinge_050,10,20,-20,6.39336419473,162355.919946,8542,False
df8290be,e006_hinge_075,10,20,-70,5.6266499858,125750.302929,8672,True
df8290be,e006_jump_025,10,0,10,6.72816246809,179805.172023,6529,False
df8290be,e006_jump_050,10,0,10,6.61454194667,173783.600033,7054,False
df8290be,e006_jump_075,10,10,0,6.9335510511,190950.445068,6564,False
df8290be,dtw_derivative,0,0,0,5.88669408393,137642.380268,0,False
e0079ed1,last_known_tvt,0,0,0,8.06951184077,226021.1811,0,False
e0079ed1,e004_geometry_prefix,0,0,0,6.77591122977,159363.929261,0,False
e0079ed1,align_visible_path,0,0,0,6.77591122977,159363.929261,0,False
e0079ed1,pf_gr_path,0,0,0,8.98159912819,280002.525584,0,False
e0079ed1,trellis_gr_path,0,0,0,8.08681904714,226991.745428,0,False
e0079ed1,e006_nested_fusion,0,0,0,7.23076536526,181477.652121,0,False
e0079ed1,wide64_anchor,0,0,0,6.56148114082,149437.083657,0,False
e0079ed1,e006_affine,5,0,0,5.00454355562,86932.7784706,325,False
e0079ed1,e006_quadratic,5,0,-10,3.91627956212,53235.5795078,7047,False
e0079ed1,wide64_quadratic,5,0,-10,3.98126686361,55017.0363481,7047,False
e0079ed1,pf_quadratic,10,0,-10,4.49551016503,70147.5620159,7603,False
e0079ed1,trellis_quadratic,5,0,-10,4.56392877476,72299.0065837,7047,False
e0079ed1,e006_hinge_025,5,30,-80,1.79787233232,11219.4692289,7759,True
e0079ed1,e006_hinge_050,5,0,-20,3.53584704333,43395.1858834,7870,False
e0079ed1,e006_hinge_075,5,0,-50,3.70241549702,47580.0532592,7999,False
e0079ed1,e006_jump_025,5,-20,10,4.42919435557,68093.2541214,6016,False
e0079ed1,e006_jump_050,5,10,-10,4.65138149461,75096.299185,6542,False
e0079ed1,e006_jump_075,5,0,0,5.00454355562,86932.7784706,6065,False
e0079ed1,dtw_derivative,0,0,0,14.769305782,757137.537079,0,False
e03b45fd,last_known_tvt,0,0,0,15.7518264319,1325457.232,0,False
e03b45fd,e004_geometry_prefix,0,0,0,14.9744126337,1197852.86616,0,False
e03b45fd,align_visible_path,0,0,0,19.037097221,1935999.93916,0,False
e03b45fd,pf_gr_path,0,0,0,15.2631568562,1244493.45945,0,False
e03b45fd,trellis_gr_path,0,0,0,15.0014342412,1202179.86248,0,False
e03b45fd,e006_nested_fusion,0,0,0,14.8434201621,1176987.48631,0,False
e03b45fd,wide64_anchor,0,0,0,15.163941592,1228366.85564,0,False
e03b45fd,e006_affine,0,0,0,14.8434201621,1176987.48631,300,False
e03b45fd,e006_quadratic,0,0,-20,13.8521710768,1025037.08179,6488,False
e03b45fd,wide64_quadratic,-5,0,-20,13.980756785,1044155.65502,5930,False
e03b45fd,pf_quadratic,-5,0,-20,14.0281619761,1051248.59247,5930,False
e03b45fd,trellis_quadratic,5,0,-20,14.1684521258,1072379.98039,7046,False
e03b45fd,e006_hinge_025,0,40,-100,13.8390766061,1023100.06067,7167,False
e03b45fd,e006_hinge_050,0,10,-60,13.7397410735,1008465.34962,7268,False
e03b45fd,e006_hinge_075,0,0,-60,14.2986259799,1092175.66565,7373,False
e03b45fd,e006_jump_025,0,-10,10,13.4492464753,966272.876684,5568,False
e03b45fd,e006_jump_050,0,30,-20,12.6762959819,858397.859209,6047,False
e03b45fd,e006_jump_075,0,0,0,14.8434201621,1176987.48631,5589,False
e03b45fd,dtw_derivative,0,0,0,8.37596673105,374777.725387,0,True
e0f36d98,last_known_tvt,0,0,0,14.2531561624,1010886.6439,0,False
e0f36d98,e004_geometry_prefix,0,0,0,14.0312798497,979659.027565,0,False
e0f36d98,align_visible_path,0,0,0,14.0312798497,979659.027565,0,False
e0f36d98,pf_gr_path,0,0,0,11.5237626537,660798.397957,0,False
e0f36d98,trellis_gr_path,0,0,0,14.0312798497,979659.027565,0,False
e0f36d98,e006_nested_fusion,0,0,0,12.4831646474,775407.092486,0,False
e0f36d98,wide64_anchor,0,0,0,11.1210678221,615422.471933,0,False
e0f36d98,e006_affine,10,0,0,9.01926912921,404783.744951,350,False
e0f36d98,e006_quadratic,10,0,10,8.77266115289,382950.888508,7605,False
e0f36d98,wide64_quadratic,5,0,10,8.83114155575,388073.56842,7049,False
e0f36d98,pf_quadratic,5,0,10,9.00047764037,403098.782428,7049,False
e0f36d98,trellis_quadratic,10,0,10,8.70036562007,376665.096928,7605,False
e0f36d98,e006_hinge_025,10,20,-50,8.89397588809,393615.568119,8351,False
e0f36d98,e006_hinge_050,10,-10,40,8.27966264225,341118.799824,8473,False
e0f36d98,e006_hinge_075,10,-10,90,8.37944320711,349390.180663,8613,False
e0f36d98,e006_jump_025,10,0,0,9.01926912921,404783.744951,6528,False
e0f36d98,e006_jump_050,10,10,-10,8.08753801063,325471.556862,7077,True
e0f36d98,e006_jump_075,10,-10,10,8.12818594668,328751.416156,6521,False
e0f36d98,dtw_derivative,0,0,0,13.8820559644,958932.313525,0,False
e149204f,last_known_tvt,0,0,0,4.54615289564,126009.785,0,False
e149204f,e004_geometry_prefix,0,0,0,6.22902659369,236568.308743,0,False
e149204f,align_visible_path,0,0,0,14.960584,1364624.89187,0,False
e149204f,pf_gr_path,0,0,0,10.0077217359,610641.952013,0,False
e149204f,trellis_gr_path,0,0,0,7.06796621082,304582.62434,0,False
e149204f,e006_nested_fusion,0,0,0,7.42040157136,335715.205751,0,False
e149204f,wide64_anchor,0,0,0,10.5032710363,672613.128911,0,False
e149204f,e006_affine,-5,0,0,4.59582102316,128778.217636,275,False
e149204f,e006_quadratic,-5,0,10,3.992136138,97168.8093074,5933,False
e149204f,wide64_quadratic,-10,0,10,3.92444941622,93901.7457352,5377,False
e149204f,pf_quadratic,-10,0,10,3.89213800068,92361.8569052,5377,False
e149204f,trellis_quadratic,-5,0,10,5.98451830068,218360.758299,5933,False
e149204f,e006_hinge_025,-5,-20,40,4.1951998906,107305.383838,6416,False
e149204f,e006_hinge_050,-5,-10,30,3.51471568419,75317.6209993,6604,True
e149204f,e006_hinge_075,-5,-10,70,3.9836334896,96755.3402474,6736,False
e149204f,e006_jump_025,-5,0,0,4.59582102316,128778.217636,5119,False
e149204f,e006_jump_050,-5,0,0,4.59582102316,128778.217636,5430,False
e149204f,e006_jump_075,-5,-10,10,4.26642744804,110980.052124,5092,False
e149204f,dtw_derivative,0,0,0,4.77302627687,138900.511683,0,False
e14d641e,last_known_tvt,0,0,0,6.82060087024,148121.5784,0,False
e14d641e,e004_geometry_prefix,0,0,0,7.98183517343,202851.661671,0,False
e14d641e,align_visible_path,0,0,0,16.3980889861,856169.074508,0,False
e14d641e,pf_gr_path,0,0,0,13.0288588921,540487.706271,0,False
e14d641e,trellis_gr_path,0,0,0,8.23574516459,215962.754957,0,False
e14d641e,e006_nested_fusion,0,0,0,6.38790434881,129924.145151,0,False
e14d641e,wide64_anchor,0,0,0,5.92870059896,111915.978682,0,False
e14d641e,e006_affine,0,0,0,6.38790434881,129924.145151,300,False
e14d641e,e006_quadratic,0,0,-10,5.38901072679,92467.9341773,6489,False
e14d641e,wide64_quadratic,0,0,-10,4.83586656515,74459.767708,6489,False
e14d641e,pf_quadratic,10,0,-10,4.69728353698,70253.2808437,7603,False
e14d641e,trellis_quadratic,-5,0,-10,6.00145358793,114679.545415,5931,False
e14d641e,e006_hinge_025,0,10,-30,5.80466118418,107281.987219,7099,False
e14d641e,e006_hinge_050,0,10,-60,4.60325576907,67468.8443427,7268,False
e14d641e,e006_hinge_075,0,0,-70,4.57105141482,66528.1231417,7372,False
e14d641e,e006_jump_025,0,-20,10,5.59686364599,99738.426427,5546,False
e14d641e,e006_jump_050,0,-20,10,6.31272466121,126883.968592,5925,False
e14d641e,e006_jump_075,0,10,-10,4.4528642899,63132.3532234,5610,True
e14d641e,dtw_derivative,0,0,0,5.49503136122,96142.0570001,0,False
e161bd0c,last_known_tvt,0,0,0,4.33499689747,55418.1922,0,False
e161bd0c,e004_geometry_prefix,0,0,0,4.29058360376,54288.4584919,0,False
e161bd0c,align_visible_path,0,0,0,9.35177937366,257907.087711,0,False
e161bd0c,pf_gr_path,0,0,0,6.37350002155,119792.810945,0,False
e161bd0c,trellis_gr_path,0,0,0,5.30951859238,83135.2226766,0,False
e161bd0c,e006_nested_fusion,0,0,0,4.10249495846,49633.0409435,0,False
e161bd0c,wide64_anchor,0,0,0,4.49618370653,59616.0047045,0,False
e161bd0c,e006_affine,0,0,0,4.10249495846,49633.0409435,300,False
e161bd0c,e006_quadratic,0,0,10,3.61044377034,38441.1121412,6491,False
e161bd0c,wide64_quadratic,0,0,10,4.05222250838,48424.0759022,6491,False
e161bd0c,pf_quadratic,-5,0,10,3.3465875979,33027.7635751,5933,False
e161bd0c,trellis_quadratic,5,0,10,3.95285377122,46078.2811102,7049,False
e161bd0c,e006_hinge_025,0,-20,50,3.15436305736,29342.5685718,7032,True
e161bd0c,e006_hinge_050,0,0,10,3.63592104323,38985.5494844,7250,False
e161bd0c,e006_hinge_075,0,0,30,3.59272162411,38064.6559229,7382,False
e161bd0c,e006_jump_025,0,0,0,4.10249495846,49633.0409435,5589,False
e161bd0c,e006_jump_050,0,0,0,4.10249495846,49633.0409435,5974,False
e161bd0c,e006_jump_075,0,0,0,4.10249495846,49633.0409435,5589,False
e161bd0c,dtw_derivative,0,0,0,13.3103004726,522456.92698,0,False
e201fd6d,last_known_tvt,0,0,0,16.3712507074,1358850.4981,0,False
e201fd6d,e004_geometry_prefix,0,0,0,16.1932073847,1329455.2246,0,False
e201fd6d,align_visible_path,0,0,0,17.4348455573,1541147.3668,0,False
e201fd6d,pf_gr_path,0,0,0,14.1514206582,1015331.92269,0,False
e201fd6d,trellis_gr_path,0,0,0,18.8454881093,1800622.77993,0,False
e201fd6d,e006_nested_fusion,0,0,0,14.814855621,1112763.33166,0,False
e201fd6d,wide64_anchor,0,0,0,14.2941419022,1035915.03809,0,False
e201fd6d,e006_affine,-5,10,0,13.3573293143,904580.509309,276,False
e201fd6d,e006_quadratic,-5,10,30,8.56926654287,372301.908449,5960,False
e201fd6d,wide64_quadratic,-5,10,30,8.55109097745,370724.265507,5960,False
e201fd6d,pf_quadratic,5,10,30,8.5917574594,374258.761942,7076,False
e201fd6d,trellis_quadratic,-10,10,40,9.46097306447,453815.757426,5405,False
e201fd6d,e006_hinge_025,-5,-40,110,9.33408171368,441724.162889,6373,False
e201fd6d,e006_hinge_050,-5,-20,110,8.34078488567,352713.271021,6587,False
e201fd6d,e006_hinge_075,-5,0,100,11.8552996797,712579.02161,6764,False
e201fd6d,e006_jump_025,-5,30,-20,6.08368201741,187646.717527,5183,True
e201fd6d,e006_jump_050,-5,-10,10,12.4205672311,782151.386036,5406,False
e201fd6d,e006_jump_075,-5,-20,20,9.77982226996,484919.762814,5071,False
e201fd6d,dtw_derivative,0,0,0,29.7498299016,4487215.5624,0,False
e25f1537,last_known_tvt,0,0,0,13.0050490074,537330.1391,0,False
e25f1537,e004_geometry_prefix,0,0,0,11.5822392365,426189.040226,0,False
e25f1537,align_visible_path,0,0,0,29.9596803425,2851619.43167,0,False
e25f1537,pf_gr_path,0,0,0,12.2855226928,479517.533515,0,False
e25f1537,trellis_gr_path,0,0,0,9.70560974324,299269.779771,0,False
e25f1537,e006_nested_fusion,0,0,0,10.6440180617,359938.597824,0,False
e25f1537,wide64_anchor,0,0,0,10.4711840718,348344.375764,0,False
e25f1537,e006_affine,0,-10,0,7.64787898344,185822.898208,299,False
e25f1537,e006_quadratic,0,-10,-20,5.66638429469,102006.833168,6463,False
e25f1537,wide64_quadratic,0,-10,-20,5.33464959879,90412.6111083,6463,False
e25f1537,pf_quadratic,10,-10,-20,5.58222480634,98999.2397461,7577,False
e25f1537,trellis_quadratic,0,-10,-10,5.03531021998,80550.7668092,6464,False
e25f1537,e006_hinge_025,0,30,-100,5.2831981899,88677.0057525,7142,False
e25f1537,e006_hinge_050,0,10,-90,4.55300960389,65858.8810314,7265,False
e25f1537,e006_hinge_075,0,-10,-40,7.11299878687,160739.526285,7350,False
e25f1537,e006_jump_025,0,-20,10,5.93160353621,111779.315463,5546,False
e25f1537,e006_jump_050,0,0,-10,7.57072732053,182092.652938,5973,False
e25f1537,e006_jump_075,0,0,-10,5.90620440657,110824.086814,5588,False
e25f1537,dtw_derivative,0,0,0,4.39087424745,61251.8504391,0,True
e2fc7745,last_known_tvt,0,0,0,13.3413942848,657149.423,0,False
e2fc7745,e004_geometry_prefix,0,0,0,15.9012296975,933518.898955,0,False
e2fc7745,align_visible_path,0,0,0,24.8579922957,2281359.83135,0,False
e2fc7745,pf_gr_path,0,0,0,10.8888424922,437748.960905,0,False
e2fc7745,trellis_gr_path,0,0,0,15.7396397901,914642.274582,0,False
e2fc7745,e006_nested_fusion,0,0,0,12.7531980105,600481.867656,0,False
e2fc7745,wide64_anchor,0,0,0,10.4448199856,402776.02465,0,False
e2fc7745,e006_affine,10,-10,0,8.44500504242,263306.462734,349,False
e2fc7745,e006_quadratic,10,-10,-20,6.24528933123,144001.434563,7577,False
e2fc7745,wide64_quadratic,5,-10,-20,6.14164741602,139261.623372,7021,False
e2fc7745,pf_quadratic,5,-10,-20,6.04285792684,134817.559063,7021,False
e2fc7745,trellis_quadratic,10,-10,-20,7.61426536354,214051.220701,7577,False
e2fc7745,e006_hinge_025,10,40,-110,4.87288630208,87666.6172108,8395,True
e2fc7745,e006_hinge_050,10,10,-70,6.00657189555,133203.320717,8512,False
e2fc7745,e006_hinge_075,10,0,-70,8.09898545871,242171.44368,8622,False
e2fc7745,e006_jump_025,10,-20,10,5.9559014979,130965.439714,6485,False
e2fc7745,e006_jump_050,10,10,-10,6.75173646306,168303.309924,7077,False
e2fc7745,e006_jump_075,10,0,-10,7.72260744206,220185.95378,6541,False
e2fc7745,dtw_derivative,0,0,0,6.05947891704,135560.215283,0,False
e32da4ec,last_known_tvt,0,0,0,10.8501395531,552015.0023,0,False
e32da4ec,e004_geometry_prefix,0,0,0,12.0422292861,679976.676894,0,False
e32da4ec,align_visible_path,0,0,0,20.5751147044,1985019.43317,0,False
e32da4ec,pf_gr_path,0,0,0,10.0546399212,474038.130915,0,False
e32da4ec,trellis_gr_path,0,0,0,13.693881997,879292.553045,0,False
e32da4ec,e006_nested_fusion,0,0,0,11.0956076596,577274.556273,0,False
e32da4ec,wide64_anchor,0,0,0,8.70269487487,355130.315121,0,False
e32da4ec,e006_affine,10,0,0,8.53817130528,341829.831359,350,False
e32da4ec,e006_quadratic,10,0,0,8.53817130528,341829.831359,7604,False
e32da4ec,wide64_quadratic,5,0,0,8.40719571095,331422.926358,7048,False
e32da4ec,pf_quadratic,5,0,0,8.49280633836,338207.0643,7048,False
e32da4ec,trellis_quadratic,10,0,0,8.29260420173,322449.79677,7604,False
e32da4ec,e006_hinge_025,10,20,-50,7.91296799112,293602.027727,8351,False
e32da4ec,e006_hinge_050,10,0,0,8.53817130528,341829.831359,8494,False
e32da4ec,e006_hinge_075,10,-10,100,7.16597401617,240785.699903,8614,False
e32da4ec,e006_jump_025,10,0,0,8.53817130528,341829.831359,6528,False
e32da4ec,e006_jump_050,10,30,-20,5.6580729365,150112.658284,7126,True
e32da4ec,e006_jump_075,10,0,0,8.53817130528,341829.831359,6542,False
e32da4ec,dtw_derivative,0,0,0,33.3437276249,5213249.76216,0,False
e3b34f5b,last_known_tvt,0,0,0,10.3470457612,584019.6969,0,False
e3b34f5b,e004_geometry_prefix,0,0,0,12.1506479428,805366.628819,0,False
e3b34f5b,align_visible_path,0,0,0,20.587699356,2312120.10483,0,False
e3b34f5b,pf_gr_path,0,0,0,12.7823598298,891285.482978,0,False
e3b34f5b,trellis_gr_path,0,0,0,16.2948873801,1448429.90005,0,False
e3b34f5b,e006_nested_fusion,0,0,0,11.9307491925,776479.844692,0,False
e3b34f5b,wide64_anchor,0,0,0,13.2383743828,956013.604605,0,False
e3b34f5b,e006_affine,-10,-10,0,4.5661822367,113736.860293,249,False
e3b34f5b,e006_quadratic,-10,-10,10,4.45165063057,108102.789652,5352,False
e3b34f5b,wide64_quadratic,-10,-10,10,4.1691533556,94817.9355773,5352,False
e3b34f5b,pf_quadratic,-10,-10,10,4.06149132037,89984.1075713,5352,False
e3b34f5b,trellis_quadratic,-15,-10,0,5.60045592992,171096.656628,4798,False
e3b34f5b,e006_hinge_025,-10,-20,20,4.30869999721,101271.505858,5800,False
e3b34f5b,e006_hinge_050,-10,-20,30,3.91832570102,83752.1222124,5957,False
e3b34f5b,e006_hinge_075,-10,-20,70,3.74044933878,76320.6936514,6086,True
e3b34f5b,e006_jump_025,-10,-10,0,4.5661822367,113736.860293,4628,False
e3b34f5b,e006_jump_050,-10,-10,0,4.5661822367,113736.860293,4870,False
e3b34f5b,e006_jump_075,-10,-10,0,4.5661822367,113736.860293,4614,False
e3b34f5b,dtw_derivative,0,0,0,17.4306876492,1657386.49635,0,False
e45a2a62,last_known_tvt,0,0,0,19.8729205187,1977429.3805,0,False
e45a2a62,e004_geometry_prefix,0,0,0,20.4544398061,2094849.22766,0,False
e45a2a62,align_visible_path,0,0,0,40.4690455153,8200182.43013,0,False
e45a2a62,pf_gr_path,0,0,0,31.5105282607,4971517.35009,0,False
e45a2a62,trellis_gr_path,0,0,0,23.3316026711,2725628.9618,0,False
e45a2a62,e006_nested_fusion,0,0,0,24.8748087198,3098111.83698,0,False
e45a2a62,wide64_anchor,0,0,0,23.307180758,2719925.94714,0,False
e45a2a62,e006_affine,20,10,0,13.348099469,892105.999492,401,False
e45a2a62,e006_quadratic,20,10,-40,6.24330356864,195167.049127,8727,False
e45a2a62,wide64_quadratic,20,10,-40,6.41705743063,206181.380722,8727,False
e45a2a62,pf_quadratic,30,10,-40,6.80619117748,231945.461391,9805,False
e45a2a62,trellis_quadratic,15,0,-40,9.06285730684,411251.860499,8153,False
e45a2a62,e006_hinge_025,20,60,-120,10.9512933936,600493.650748,9655,False
e45a2a62,e006_hinge_050,20,40,-120,6.96871776575,243155.077684,9817,False
e45a2a62,e006_hinge_075,20,20,-120,8.9637029517,402302.288826,9916,False
e45a2a62,e006_jump_025,20,-10,20,8.32814564551,347275.555534,7444,False
e45a2a62,e006_jump_050,20,10,0,13.348099469,892105.999492,8118,False
e45a2a62,e006_jump_075,20,30,-20,6.14486163442,189060.937802,7551,True
e45a2a62,dtw_derivative,0,0,0,14.5982045048,1067029.62685,0,False
e46f4ef4,last_known_tvt,0,0,0,4.92655080934,174629.1462,0,False
e46f4ef4,e004_geometry_prefix,0,0,0,5.30549026193,202526.492685,0,False
e46f4ef4,align_visible_path,0,0,0,5.30549026193,202526.492685,0,False
e46f4ef4,pf_gr_path,0,0,0,5.04973693967,183471.371536,0,False
e46f4ef4,trellis_gr_path,0,0,0,4.55619964091,149360.682433,0,True
e46f4ef4,e006_nested_fusion,0,0,0,5.12358297599,188876.682573,0,False
e46f4ef4,wide64_anchor,0,0,0,5.62171820769,227388.73379,0,False
e46f4ef4,e006_affine,0,0,0,5.12358297599,188876.682573,300,False
e46f4ef4,e006_quadratic,0,0,0,5.12358297599,188876.682573,6490,False
e46f4ef4,wide64_quadratic,5,0,0,5.56680990978,222968.535653,7048,False
e46f4ef4,pf_quadratic,0,0,0,5.04973693967,183471.371536,6490,False
e46f4ef4,trellis_quadratic,0,0,0,4.55619964091,149360.682433,6490,False
e46f4ef4,e006_hinge_025,0,10,-20,4.97894117154,178363.008089,7100,False
e46f4ef4,e006_hinge_050,0,0,10,5.00956157415,180563.613054,7250,False
e46f4ef4,e006_hinge_075,0,0,20,4.98643777946,178900.521636,7381,False
e46f4ef4,e006_jump_025,0,0,0,5.12358297599,188876.682573,5589,False
e46f4ef4,e006_jump_050,0,0,0,5.12358297599,188876.682573,5974,False
e46f4ef4,e006_jump_075,0,0,0,5.12358297599,188876.682573,5589,False
e46f4ef4,dtw_derivative,0,0,0,7.01683447954,354252.776185,0,False
e4726608,last_known_tvt,0,0,0,6.27148716471,186156.2321,0,False
e4726608,e004_geometry_prefix,0,0,0,5.70319726839,153947.730836,0,False
e4726608,align_visible_path,0,0,0,13.0514420052,806219.875122,0,False
e4726608,pf_gr_path,0,0,0,10.2124385757,493623.036569,0,False
e4726608,trellis_gr_path,0,0,0,4.2544768427,85670.0129797,0,False
e4726608,e006_nested_fusion,0,0,0,6.80507626199,219180.794855,0,False
e4726608,wide64_anchor,0,0,0,6.17156823761,180271.708603,0,False
e4726608,e006_affine,5,10,0,4.42075529652,92497.3852949,326,False
e4726608,e006_quadratic,5,10,10,3.84809503922,70085.4850943,7074,False
e4726608,wide64_quadratic,0,10,10,3.68069505346,64120.3935903,6516,True
e4726608,pf_quadratic,10,10,10,3.90725060278,72256.8522226,7630,False
e4726608,trellis_quadratic,0,0,10,4.20608276527,83732.1288365,6491,False
e4726608,e006_hinge_025,5,-10,40,3.79568152212,68189.2691628,7671,False
e4726608,e006_hinge_050,5,0,30,3.88597275503,71472.0118686,7875,False
e4726608,e006_hinge_075,5,0,70,4.0931320386,79295.4035476,8011,False
e4726608,e006_jump_025,5,10,0,4.42075529652,92497.3852949,6081,False
e4726608,e006_jump_050,5,10,0,4.42075529652,92497.3852949,6543,False
e4726608,e006_jump_075,5,10,0,4.42075529652,92497.3852949,6087,False
e4726608,dtw_derivative,0,0,0,10.7156933427,543471.854692,0,False
e5864244,last_known_tvt,0,0,0,26.806032671,3211259.779,0,False
e5864244,e004_geometry_prefix,0,0,0,20.4663498185,1871936.6213,0,False
e5864244,align_visible_path,0,0,0,40.9734343607,7502656.96287,0,False
e5864244,pf_gr_path,0,0,0,33.4085109565,4987978.73275,0,False
e5864244,trellis_gr_path,0,0,0,18.8227859268,1583354.49984,0,False
e5864244,e006_nested_fusion,0,0,0,26.8731122889,3227351.64932,0,False
e5864244,wide64_anchor,0,0,0,31.590600054,4459910.10661,0,False
e5864244,e006_affine,25,10,0,5.48320731379,134362.998571,426,False
e5864244,e006_quadratic,25,10,0,5.48320731379,134362.998571,9274,False
e5864244,wide64_quadratic,30,10,0,5.48325767607,134365.466783,9809,False
e5864244,pf_quadratic,30,20,0,5.21902906011,121727.803292,9834,False
e5864244,trellis_quadratic,20,10,0,5.66400008084,143369.528316,8731,False
e5864244,e006_hinge_025,25,20,-10,4.69669359733,98581.3615094,10160,False
e5864244,e006_hinge_050,25,10,20,4.9084234496,107669.922179,10367,False
e5864244,e006_hinge_075,25,10,50,4.20336431593,78959.5056573,10530,True
e5864244,e006_jump_025,25,10,0,5.48320731379,134362.998571,7950,False
e5864244,e006_jump_050,25,30,-10,4.70519591636,98938.6038239,8670,False
e5864244,e006_jump_075,25,10,0,5.48320731379,134362.998571,7981,False
e5864244,dtw_derivative,0,0,0,24.2976580156,2638391.17096,0,False
e5c92e59,last_known_tvt,0,0,0,7.7113599404,255402.4848,0,False
e5c92e59,e004_geometry_prefix,0,0,0,8.84603455354,336093.74585,0,False
e5c92e59,align_visible_path,0,0,0,27.2077677984,3179427.98972,0,False
e5c92e59,pf_gr_path,0,0,0,15.1732063582,988821.491151,0,False
e5c92e59,trellis_gr_path,0,0,0,12.0437925802,623002.376076,0,False
e5c92e59,e006_nested_fusion,0,0,0,11.3797596033,556197.898457,0,False
e5c92e59,wide64_anchor,0,0,0,10.9844338251,518225.192835,0,False
e5c92e59,e006_affine,-10,0,0,6.32623473761,171891.251378,250,False
e5c92e59,e006_quadratic,-10,0,-10,5.42509195152,126408.819421,5375,False
e5c92e59,wide64_quadratic,-10,0,-10,5.49221991662,129556.439936,5375,False
e5c92e59,pf_quadratic,-15,-10,-10,5.34804734375,122843.916629,4797,False
e5c92e59,trellis_quadratic,-5,0,-20,8.71244686592,326019.407031,5930,False
e5c92e59,e006_hinge_025,-10,20,-60,5.52771988136,131236.676038,5892,False
e5c92e59,e006_hinge_050,-10,10,-60,4.55528960237,89124.0991376,6023,True
e5c92e59,e006_hinge_075,-10,0,-60,5.02407279123,108411.415333,6123,False
e5c92e59,e006_jump_025,-10,-20,10,4.72931686329,96063.8511817,4607,False
e5c92e59,e006_jump_050,-10,10,-10,6.07274683839,158392.101631,4919,False
e5c92e59,e006_jump_075,-10,10,-10,5.97668344759,153420.599915,4657,False
e5c92e59,dtw_derivative,0,0,0,22.7557559842,2224055.92862,0,False
e5ff9fd2,last_known_tvt,0,0,0,8.89123085215,186093.0832,0,False
e5ff9fd2,e004_geometry_prefix,0,0,0,9.01582044692,191344.933152,0,False
e5ff9fd2,align_visible_path,0,0,0,9.01582044692,191344.933152,0,False
e5ff9fd2,pf_gr_path,0,0,0,5.22350259904,64228.8415128,0,False
e5ff9fd2,trellis_gr_path,0,0,0,9.01010015919,191102.204084,0,False
e5ff9fd2,e006_nested_fusion,0,0,0,6.93326711208,113157.233963,0,False
e5ff9fd2,wide64_anchor,0,0,0,5.13150033263,61986.2239924,0,False
e5ff9fd2,e006_affine,5,0,0,4.43642673802,46331.1507032,325,False
e5ff9fd2,e006_quadratic,5,0,-10,2.74630804964,17754.3574048,7047,False
e5ff9fd2,wide64_quadratic,5,0,-10,3.63078296417,31031.804932,7047,False
e5ff9fd2,pf_quadratic,5,0,-10,3.50655188031,28944.5629341,7047,False
e5ff9fd2,trellis_quadratic,5,0,-20,3.95635160331,36846.4981932,7046,False
e5ff9fd2,e006_hinge_025,5,20,-40,3.66257429603,31577.6164157,7738,False
e5ff9fd2,e006_hinge_050,5,10,-30,2.54649763105,15264.8665354,7894,False
e5ff9fd2,e006_hinge_075,5,10,-90,1.67509986034,6605.2287621,8020,True
e5ff9fd2,e006_jump_025,5,-10,10,3.82895486076,34511.7475969,6038,False
e5ff9fd2,e006_jump_050,5,0,0,4.43642673802,46331.1507032,6518,False
e5ff9fd2,e006_jump_075,5,10,-10,3.54798590008,29632.6320917,6086,False
e5ff9fd2,dtw_derivative,0,0,0,16.22151236,619425.58848,0,False
e6c55748,last_known_tvt,0,0,0,9.3971035543,394902.4429,0,False
e6c55748,e004_geometry_prefix,0,0,0,8.86347890093,351325.946792,0,False
e6c55748,align_visible_path,0,0,0,17.8469668201,1424395.61275,0,False
e6c55748,pf_gr_path,0,0,0,20.1983123337,1824449.9841,0,False
e6c55748,trellis_gr_path,0,0,0,10.179949139,463439.461926,0,False
e6c55748,e006_nested_fusion,0,0,0,13.4056704558,803672.065656,0,False
e6c55748,wide64_anchor,0,0,0,13.407147889,803849.220116,0,False
e6c55748,e006_affine,10,10,0,6.49758948507,188801.888289,351,False
e6c55748,e006_quadratic,10,10,10,6.15558397148,169449.509142,7630,False
e6c55748,wide64_quadratic,10,10,10,6.15519004617,169427.822064,7630,False
e6c55748,pf_quadratic,15,20,10,6.07854012157,165234.362843,8208,False
e6c55748,trellis_quadratic,0,10,20,7.01189857676,219873.579222,6517,False
e6c55748,e006_hinge_025,10,-20,80,4.67223663799,97622.8441407,8264,False
e6c55748,e006_hinge_050,10,10,20,5.83232582867,152119.661885,8521,False
e6c55748,e006_hinge_075,10,10,20,6.30669779929,177871.282852,8656,False
e6c55748,e006_jump_025,10,30,-10,5.7183717166,146233.394199,6593,False
e6c55748,e006_jump_050,10,0,10,3.64998949398,59577.8770251,7054,True
e6c55748,e006_jump_075,10,10,0,6.49758948507,188801.888289,6564,False
e6c55748,dtw_derivative,0,0,0,4.66257705838,97219.602219,0,False
e730c32b,last_known_tvt,0,0,0,11.6546718545,642210.7459,0,False
e730c32b,e004_geometry_prefix,0,0,0,8.10965437754,310943.984214,0,False
e730c32b,align_visible_path,0,0,0,8.10965437754,310943.984214,0,False
e730c32b,pf_gr_path,0,0,0,13.9887347177,925197.256883,0,False
e730c32b,trellis_gr_path,0,0,0,9.13478986896,394525.056772,0,False
e730c32b,e006_nested_fusion,0,0,0,9.90571078225,463926.045648,0,False
e730c32b,wide64_anchor,0,0,0,11.7834504759,656481.405795,0,False
e730c32b,e006_affine,10,10,0,5.14381964446,125097.587168,351,False
e730c32b,e006_quadratic,10,10,-10,3.76511605827,67024.5957517,7628,False
e730c32b,wide64_quadratic,10,10,-10,3.51675106802,58473.7200158,7628,False
e730c32b,pf_quadratic,15,10,-10,3.50298562336,58016.854336,8181,False
e730c32b,trellis_quadratic,5,0,-10,4.59051530438,99632.343832,7047,False
e730c32b,e006_hinge_025,10,30,-60,3.20416513069,48540.8355455,8375,False
e730c32b,e006_hinge_050,10,20,-60,2.14166633445,21686.0816055,8538,True
e730c32b,e006_hinge_075,10,10,-60,3.56472695714,60080.0117028,8648,False
e730c32b,e006_jump_025,10,-10,10,3.99296144187,75382.0078085,6507,False
e730c32b,e006_jump_050,10,10,0,5.14381964446,125097.587168,7078,False
e730c32b,e006_jump_075,10,20,-10,3.71656923723,65307.3292402,6585,False
e730c32b,dtw_derivative,0,0,0,7.36443407414,256422.55629,0,False
e737965a,last_known_tvt,0,0,0,9.89702267437,583298.5493,0,False
e737965a,e004_geometry_prefix,0,0,0,10.0772856492,604740.290461,0,False
e737965a,align_visible_path,0,0,0,10.0772856492,604740.290461,0,False
e737965a,pf_gr_path,0,0,0,9.46490192153,533474.913728,0,False
e737965a,trellis_gr_path,0,0,0,9.53471448055,541373.696244,0,False
e737965a,e006_nested_fusion,0,0,0,9.46986234687,534034.234032,0,False
e737965a,wide64_anchor,0,0,0,10.0232222192,598268.977667,0,False
e737965a,e006_affine,0,-10,0,6.84549037773,279055.697836,299,False
e737965a,e006_quadratic,0,-10,10,6.82130727816,277087.537415,6466,False
e737965a,wide64_quadratic,5,-10,10,7.03317530986,294567.379663,7024,False
e737965a,pf_quadratic,0,-10,10,6.91891847907,285074.383039,6466,False
e737965a,trellis_quadratic,0,-10,10,6.81766438514,276791.661365,6466,False
e737965a,e006_hinge_025,0,-20,20,6.78508064666,274152.236918,7029,False
e737965a,e006_hinge_050,0,-20,30,6.41468223474,245037.222368,7202,False
e737965a,e006_hinge_075,0,-10,0,6.84549037773,279055.697836,7354,False
e737965a,e006_jump_025,0,0,-10,6.40914097328,244614.059132,5588,True
e737965a,e006_jump_050,0,-10,0,6.84549037773,279055.697836,5949,False
e737965a,e006_jump_075,0,-10,0,6.84549037773,279055.697836,5567,False
e737965a,dtw_derivative,0,0,0,42.2121830747,10611026.3216,0,False
e748dd88,last_known_tvt,0,0,0,4.98993174998,119816.0036,0,False
e748dd88,e004_geometry_prefix,0,0,0,4.44297572326,94989.0401312,0,False
e748dd88,align_visible_path,0,0,0,4.44297572326,94989.0401312,0,False
e748dd88,pf_gr_path,0,0,0,3.78383253111,68895.2740562,0,False
e748dd88,trellis_gr_path,0,0,0,6.27736964602,189618.638865,0,False
e748dd88,e006_nested_fusion,0,0,0,3.50337881939,59060.8670882,0,False
e748dd88,wide64_anchor,0,0,0,6.05267292545,176286.895998,0,False
e748dd88,e006_affine,0,0,0,3.50337881939,59060.8670882,300,False
e748dd88,e006_quadratic,0,0,-10,3.36215179287,54395.1592319,6489,False
e748dd88,wide64_quadratic,-5,0,-10,3.34852169168,53955.0192644,5931,False
e748dd88,pf_quadratic,0,0,-10,3.65346276146,64229.5661989,6489,False
e748dd88,trellis_quadratic,-5,0,0,5.25396291896,132831.056015,5932,False
e748dd88,e006_hinge_025,0,0,-10,2.56115715757,31564.4390437,7076,False
e748dd88,e006_hinge_050,0,0,-20,2.25677083255,24507.5862103,7247,False
e748dd88,e006_hinge_075,0,0,-40,2.03573831572,19942.0371183,7375,True
e748dd88,e006_jump_025,0,0,0,3.50337881939,59060.8670882,5589,False
e748dd88,e006_jump_050,0,0,0,3.50337881939,59060.8670882,5974,False
e748dd88,e006_jump_075,0,0,0,3.50337881939,59060.8670882,5589,False
e748dd88,dtw_derivative,0,0,0,35.6615605652,6119646.09217,0,False
e7818f7a,last_known_tvt,0,0,0,6.31263334222,214030.8036,0,False
e7818f7a,e004_geometry_prefix,0,0,0,12.5677339399,848338.36632,0,False
e7818f7a,align_visible_path,0,0,0,32.8178235018,5784618.23609,0,False
e7818f7a,pf_gr_path,0,0,0,10.0179919022,539034.428775,0,False
e7818f7a,trellis_gr_path,0,0,0,12.688848884,864767.984718,0,False
e7818f7a,e006_nested_fusion,0,0,0,10.6988470097,614793.273123,0,False
e7818f7a,wide64_anchor,0,0,0,6.07906962962,198485.775294,0,False
e7818f7a,e006_affine,-10,0,0,4.0092756115,86335.0165794,250,False
e7818f7a,e006_quadratic,-10,0,0,4.0092756115,86335.0165794,5376,False
e7818f7a,wide64_quadratic,-5,0,0,4.03143848175,87292.1572629,5932,False
e7818f7a,pf_quadratic,-10,0,0,4.07721070846,89285.6089028,5376,False
e7818f7a,trellis_quadratic,-10,0,0,5.76643447171,178595.23796,5376,False
e7818f7a,e006_hinge_025,-10,-10,20,3.90611777748,81949.4079679,5825,True
e7818f7a,e006_hinge_050,-10,0,0,4.0092756115,86335.0165794,6004,False
e7818f7a,e006_hinge_075,-10,0,10,3.92448656946,82721.9658526,6130,False
e7818f7a,e006_jump_025,-10,0,0,4.0092756115,86335.0165794,4650,False
e7818f7a,e006_jump_050,-10,0,0,4.0092756115,86335.0165794,4895,False
e7818f7a,e006_jump_075,-10,0,0,4.0092756115,86335.0165794,4636,False
e7818f7a,dtw_derivative,0,0,0,40.1253811286,8647558.19777,0,False
e7c36e81,last_known_tvt,0,0,0,7.34984184996,190745.2387,0,False
e7c36e81,e004_geometry_prefix,0,0,0,11.4400167212,462116.032496,0,False
e7c36e81,align_visible_path,0,0,0,11.4400167212,462116.032496,0,False
e7c36e81,pf_gr_path,0,0,0,8.58674225614,260348.195427,0,False
e7c36e81,trellis_gr_path,0,0,0,12.1121503112,518012.477804,0,False
e7c36e81,e006_nested_fusion,0,0,0,9.60742557676,325920.573158,0,False
e7c36e81,wide64_anchor,0,0,0,10.5400076979,392265.012584,0,False
e7c36e81,e006_affine,-10,-10,0,5.95456379327,125198.066618,249,False
e7c36e81,e006_quadratic,-10,-10,10,4.68050967668,77354.2202132,5352,False
e7c36e81,wide64_quadratic,-10,-10,10,4.20181225225,62340.6037233,5352,False
e7c36e81,pf_quadratic,-5,-10,10,4.4630714761,70334.0137196,5908,False
e7c36e81,trellis_quadratic,-10,-10,10,4.99384073253,88057.6502196,5352,False
e7c36e81,e006_hinge_025,-10,-40,80,4.49135991887,71228.4404544,5756,False
e7c36e81,e006_hinge_050,-10,-20,60,3.8887325427,53396.6322246,5960,True
e7c36e81,e006_hinge_075,-10,-10,60,4.55078017698,73125.5983741,6110,False
e7c36e81,e006_jump_025,-10,10,-10,4.28576621319,64856.6736725,4671,False
e7c36e81,e006_jump_050,-10,-10,0,5.95456379327,125198.066618,4870,False
e7c36e81,e006_jump_075,-10,-20,10,4.17490342065,61544.6893767,4593,False
e7c36e81,dtw_derivative,0,0,0,30.441839176,3272197.37621,0,False
e7d0c1de,last_known_tvt,0,0,0,6.86025538815,221714.2829,0,False
e7d0c1de,e004_geometry_prefix,0,0,0,11.4188907446,614272.311158,0,False
e7d0c1de,align_visible_path,0,0,0,4.70957981496,104490.64912,0,False
e7d0c1de,pf_gr_path,0,0,0,3.86524171951,70382.7807151,0,False
e7d0c1de,trellis_gr_path,0,0,0,9.95982072477,467321.914005,0,False
e7d0c1de,e006_nested_fusion,0,0,0,6.83579373854,220135.966205,0,False
e7d0c1de,wide64_anchor,0,0,0,5.65246956429,150518.391758,0,False
e7d0c1de,e006_affine,-5,0,0,4.28322928495,86428.2561894,275,False
e7d0c1de,e006_quadratic,-5,0,-10,3.94907756178,73469.0512177,5931,False
e7d0c1de,wide64_quadratic,-5,0,-10,4.14255420868,80844.3185568,5931,False
e7d0c1de,pf_quadratic,0,0,-10,3.49131121954,57423.5757432,6489,False
e7d0c1de,trellis_quadratic,-10,-10,-10,5.58950997043,147183.990873,5350,False
e7d0c1de,e006_hinge_025,-5,0,-10,3.79639021598,67897.6581236,6461,False
e7d0c1de,e006_hinge_050,-5,0,-20,3.19699324978,48150.0278681,6624,False
e7d0c1de,e006_hinge_075,-5,0,-50,2.86302366546,38615.6171418,6749,True
e7d0c1de,e006_jump_025,-5,0,0,4.28322928495,86428.2561894,5119,False
e7d0c1de,e006_jump_050,-5,-20,10,3.85382830789,69967.7372645,5381,False
e7d0c1de,e006_jump_075,-5,0,0,4.28322928495,86428.2561894,5113,False
e7d0c1de,dtw_derivative,0,0,0,10.0905856867,479673.640769,0,False
e85074c5,last_known_tvt,0,0,0,11.347685732,730769.5881,0,False
e85074c5,e004_geometry_prefix,0,0,0,7.95361311124,359000.281645,0,False
e85074c5,align_visible_path,0,0,0,37.4320056721,7951554.901,0,False
e85074c5,pf_gr_path,0,0,0,11.4043664208,738088.079383,0,False
e85074c5,trellis_gr_path,0,0,0,8.16839916197,378651.577133,0,False
e85074c5,e006_nested_fusion,0,0,0,9.67686294158,531416.513514,0,False
e85074c5,wide64_anchor,0,0,0,13.0746564109,970122.183493,0,False
e85074c5,e006_affine,10,0,0,4.27125565427,103532.571104,350,False
e85074c5,e006_quadratic,10,0,0,4.27125565427,103532.571104,7604,False
e85074c5,wide64_quadratic,10,0,0,4.75174133361,128136.084356,7604,False
e85074c5,pf_quadratic,10,0,0,4.20132216546,100170.037548,7604,False
e85074c5,trellis_quadratic,5,0,0,4.98204875601,140858.095656,7048,False
e85074c5,e006_hinge_025,10,20,-50,3.78297833438,81214.4998198,8351,True
e85074c5,e006_hinge_050,10,0,0,4.27125565427,103532.571104,8494,False
e85074c5,e006_hinge_075,10,0,10,4.18661654485,99470.027181,8630,False
e85074c5,e006_jump_025,10,0,0,4.27125565427,103532.571104,6528,False
e85074c5,e006_jump_050,10,0,0,4.27125565427,103532.571104,7053,False
e85074c5,e006_jump_075,10,0,0,4.27125565427,103532.571104,6542,False
e85074c5,dtw_derivative,0,0,0,26.0685568525,3856557.79991,0,False
e97032ad,last_known_tvt,0,0,0,11.9591446775,504864.6292,0,False
e97032ad,e004_geometry_prefix,0,0,0,7.84458166311,217227.238986,0,False
e97032ad,align_visible_path,0,0,0,7.84458166311,217227.238986,0,False
e97032ad,pf_gr_path,0,0,0,4.19522148676,62127.5881301,0,False
e97032ad,trellis_gr_path,0,0,0,8.54809996577,257937.145978,0,False
e97032ad,e006_nested_fusion,0,0,0,5.09768157682,91731.8418291,0,False
e97032ad,wide64_anchor,0,0,0,4.80645882539,81550.2239339,0,False
e97032ad,e006_affine,5,0,0,4.50133949854,71525.0622022,325,False
e97032ad,e006_quadratic,5,0,-10,3.80853501801,51202.4346115,7047,False
e97032ad,wide64_quadratic,5,0,-10,4.09159966266,59096.3929322,7047,False
e97032ad,pf_quadratic,0,0,-10,3.44133186796,41804.9605397,6489,False
e97032ad,trellis_quadratic,5,0,-10,5.03576217295,89516.9193388,7047,False
e97032ad,e006_hinge_025,5,30,-80,2.66250037355,25023.8460842,7759,True
e97032ad,e006_hinge_050,5,10,-50,3.81180645357,51290.4355915,7892,False
e97032ad,e006_hinge_075,5,0,-30,4.20049552934,62283.8943026,8001,False
e97032ad,e006_jump_025,5,0,0,4.50133949854,71525.0622022,6059,False
e97032ad,e006_jump_050,5,10,-10,4.33793139204,66426.3001301,6542,False
e97032ad,e006_jump_075,5,0,0,4.50133949854,71525.0622022,6065,False
e97032ad,dtw_derivative,0,0,0,20.8092481325,1528577.57167,0,False
e9949a23,last_known_tvt,0,0,0,11.580872171,611437.5805,0,False
e9949a23,e004_geometry_prefix,0,0,0,10.8369704375,535408.632955,0,False
e9949a23,align_visible_path,0,0,0,16.3631597105,1220685.90744,0,False
e9949a23,pf_gr_path,0,0,0,10.8763145984,539303.345528,0,False
e9949a23,trellis_gr_path,0,0,0,10.8503237466,536728.906327,0,False
e9949a23,e006_nested_fusion,0,0,0,10.788390815,530619.166899,0,False
e9949a23,wide64_anchor,0,0,0,11.1106853405,562796.371701,0,False
e9949a23,e006_affine,0,0,0,10.788390815,530619.166899,300,False
e9949a23,e006_quadratic,0,0,30,7.32377227092,244534.00202,6493,False
e9949a23,wide64_quadratic,-5,0,30,7.09346983407,229396.635834,5935,False
e9949a23,pf_quadratic,-5,0,30,7.13769028623,232265.652534,5935,False
e9949a23,trellis_quadratic,0,0,20,8.03646066535,294441.647417,6492,False
e9949a23,e006_hinge_025,0,-40,100,9.47515919693,409300.827999,6987,False
e9949a23,e006_hinge_050,0,-20,100,7.50009483399,256450.235263,7209,False
e9949a23,e006_hinge_075,0,-10,120,6.98112393209,222187.840489,7366,False
e9949a23,e006_jump_025,0,10,-10,9.76904403022,435084.614744,5610,False
e9949a23,e006_jump_050,0,20,-10,8.92818542488,363409.264618,6023,False
e9949a23,e006_jump_075,0,-20,20,6.37645814011,185365.376743,5547,True
e9949a23,dtw_derivative,0,0,0,16.3022852304,1211620.37253,0,False
ea0b99b7,last_known_tvt,0,0,0,12.1597565413,1366075.5756,0,False
ea0b99b7,e004_geometry_prefix,0,0,0,6.54288207996,395515.177324,0,False
ea0b99b7,align_visible_path,0,0,0,12.0862388253,1349606.96386,0,False
ea0b99b7,pf_gr_path,0,0,0,6.58591653484,400735.126323,0,False
ea0b99b7,trellis_gr_path,0,0,0,7.33712512093,497366.829166,0,False
ea0b99b7,e006_nested_fusion,0,0,0,6.51125001005,391700.12427,0,False
ea0b99b7,wide64_anchor,0,0,0,6.5191100729,392646.377561,0,False
ea0b99b7,e006_affine,0,0,0,6.51125001005,391700.12427,300,False
ea0b99b7,e006_quadratic,0,0,0,6.51125001005,391700.12427,6490,False
ea0b99b7,wide64_quadratic,0,0,0,6.5191100729,392646.377561,6490,False
ea0b99b7,pf_quadratic,0,0,0,6.58591653484,400735.126323,6490,False
ea0b99b7,trellis_quadratic,0,0,0,7.33712512093,497366.829166,6490,False
ea0b99b7,e006_hinge_025,0,-10,30,6.24351119003,360149.450064,7055,True
ea0b99b7,e006_hinge_050,0,0,10,6.36845290887,374707.901068,7250,False
ea0b99b7,e006_hinge_075,0,0,10,6.47841850969,387759.965106,7380,False
ea0b99b7,e006_jump_025,0,0,0,6.51125001005,391700.12427,5589,False
ea0b99b7,e006_jump_050,0,0,0,6.51125001005,391700.12427,5974,False
ea0b99b7,e006_jump_075,0,0,0,6.51125001005,391700.12427,5589,False
ea0b99b7,dtw_derivative,0,0,0,18.3663376271,3116521.26401,0,False
ea3a0e38,last_known_tvt,0,0,0,9.23267213214,856854.9432,0,False
ea3a0e38,e004_geometry_prefix,0,0,0,8.43455666394,715116.831971,0,False
ea3a0e38,align_visible_path,0,0,0,15.4767657641,2407758.35965,0,False
ea3a0e38,pf_gr_path,0,0,0,10.7388811159,1159232.50174,0,False
ea3a0e38,trellis_gr_path,0,0,0,9.4283679681,893563.71979,0,False
ea3a0e38,e006_nested_fusion,0,0,0,9.24246322745,858673.267687,0,False
ea3a0e38,wide64_anchor,0,0,0,8.60585105217,744457.878283,0,False
ea3a0e38,e006_affine,-5,-10,0,5.57526942576,312452.640414,274,False
ea3a0e38,e006_quadratic,-5,-10,0,5.57526942576,312452.640414,5907,False
ea3a0e38,wide64_quadratic,-5,-10,0,5.92944712783,353411.666266,5907,False
ea3a0e38,pf_quadratic,-5,-10,0,5.78293946644,336162.892946,5907,False
ea3a0e38,trellis_quadratic,-5,-10,0,6.58723025379,436172.38749,5907,False
ea3a0e38,e006_hinge_025,-5,10,-50,5.12491112834,264012.905865,6482,True
ea3a0e38,e006_hinge_050,-5,-10,0,5.57526942576,312452.640414,6601,False
ea3a0e38,e006_hinge_075,-5,-10,-10,5.56632764139,311451.20229,6728,False
ea3a0e38,e006_jump_025,-5,-10,0,5.57526942576,312452.640414,5097,False
ea3a0e38,e006_jump_050,-5,-10,0,5.57526942576,312452.640414,5405,False
ea3a0e38,e006_jump_075,-5,-10,0,5.57526942576,312452.640414,5091,False
ea3a0e38,dtw_derivative,0,0,0,6.48295985732,422473.181078,0,False
ea41324e,last_known_tvt,0,0,0,5.29423007994,140845.0825,0,False
ea41324e,e004_geometry_prefix,0,0,0,7.07450812992,251494.543033,0,False
ea41324e,align_visible_path,0,0,0,10.3089519281,534029.311521,0,False
ea41324e,pf_gr_path,0,0,0,5.11071987376,131250.274581,0,False
ea41324e,trellis_gr_path,0,0,0,8.78328584878,387659.204264,0,False
ea41324e,e006_nested_fusion,0,0,0,6.26106168765,196984.489619,0,False
ea41324e,wide64_anchor,0,0,0,5.06032815432,128674.778173,0,False
ea41324e,e006_affine,-5,0,0,4.8912134486,120217.944224,275,False
ea41324e,e006_quadratic,-5,0,0,4.8912134486,120217.944224,5932,False
ea41324e,wide64_quadratic,0,0,0,5.06032815432,128674.778173,6490,False
ea41324e,pf_quadratic,0,0,0,5.11071987376,131250.274581,6490,False
ea41324e,trellis_quadratic,-10,0,-10,4.73743886576,112777.718209,5375,False
ea41324e,e006_hinge_025,-5,0,10,4.13452425496,85898.8113445,6463,False
ea41324e,e006_hinge_050,-5,10,-20,4.04426589234,82189.3352049,6649,False
ea41324e,e006_hinge_075,-5,10,-60,3.66355263961,67443.6301647,6773,True
ea41324e,e006_jump_025,-5,0,0,4.8912134486,120217.944224,5119,False
ea41324e,e006_jump_050,-5,-10,10,4.8565949671,118522.236239,5406,False
ea41324e,e006_jump_075,-5,0,0,4.8912134486,120217.944224,5113,False
ea41324e,dtw_derivative,0,0,0,41.9385636051,8838186.66424,0,False
eabc711b,last_known_tvt,0,0,0,11.6984780229,731897.2673,0,False
eabc711b,e004_geometry_prefix,0,0,0,14.6198778185,1143085.94508,0,False
eabc711b,align_visible_path,0,0,0,11.686180892,730359.373895,0,False
eabc711b,pf_gr_path,0,0,0,13.5624905847,983717.274804,0,False
eabc711b,trellis_gr_path,0,0,0,14.0463311625,1055157.29348,0,False
eabc711b,e006_nested_fusion,0,0,0,13.4227691555,963553.073676,0,False
eabc711b,wide64_anchor,0,0,0,13.2179755871,934375.170862,0,False
eabc711b,e006_affine,-5,-10,0,9.94589371637,529028.448119,274,False
eabc711b,e006_quadratic,-5,-10,10,9.68324279312,501456.241418,5908,False
eabc711b,wide64_quadratic,-5,-10,10,9.60382959184,493264.98705,5908,False
eabc711b,pf_quadratic,-10,-10,10,9.76588281052,510051.953884,5352,False
eabc711b,trellis_quadratic,-10,-10,10,9.47492321644,480112.260932,5352,False
eabc711b,e006_hinge_025,-5,10,-50,9.86356487068,520306.449152,6482,False
eabc711b,e006_hinge_050,-5,-10,0,9.94589371637,529028.448119,6601,False
eabc711b,e006_hinge_075,-5,-20,120,7.44806379577,296673.103228,6716,False
eabc711b,e006_jump_025,-5,-10,0,9.94589371637,529028.448119,5097,False
eabc711b,e006_jump_050,-5,20,-20,5.84372718327,182629.640255,5478,True
eabc711b,e006_jump_075,-5,-20,10,9.7746305864,510966.119782,5070,False
eabc711b,dtw_derivative,0,0,0,51.4421594008,14152389.7449,0,False
eac10e86,last_known_tvt,0,0,0,5.61757905115,191457.4984,0,False
eac10e86,e004_geometry_prefix,0,0,0,3.55623391317,76728.1334474,0,False
eac10e86,align_visible_path,0,0,0,12.0369752292,879040.183773,0,False
eac10e86,pf_gr_path,0,0,0,11.9463661176,865855.929944,0,False
eac10e86,trellis_gr_path,0,0,0,4.18469513046,106243.322123,0,False
eac10e86,e006_nested_fusion,0,0,0,6.39848883257,248386.980219,0,False
eac10e86,wide64_anchor,0,0,0,10.8272079858,711224.9016,0,False
eac10e86,e006_affine,-5,0,0,3.23463120352,63478.0443511,275,False
eac10e86,e006_quadratic,-5,0,10,3.15132084315,60250.3034838,5933,False
eac10e86,wide64_quadratic,-10,0,10,3.12271404815,59161.3981418,5377,False
eac10e86,pf_quadratic,-10,0,10,3.47864256098,73416.488325,5377,False
eac10e86,trellis_quadratic,0,0,10,3.5908744801,78230.2006194,6491,False
eac10e86,e006_hinge_025,-5,-10,20,3.175167675,61165.6118004,6439,False
eac10e86,e006_hinge_050,-5,-10,30,3.1649503206,60772.5961969,6604,False
eac10e86,e006_hinge_075,-5,0,20,3.07001450188,57181.4085164,6756,True
eac10e86,e006_jump_025,-5,0,0,3.23463120352,63478.0443511,5119,False
eac10e86,e006_jump_050,-5,0,0,3.23463120352,63478.0443511,5430,False
eac10e86,e006_jump_075,-5,0,0,3.23463120352,63478.0443511,5113,False
eac10e86,dtw_derivative,0,0,0,8.90596296346,481211.241652,0,False
eafb863e,last_known_tvt,0,0,0,13.4578580836,646214.5529,0,False
eafb863e,e004_geometry_prefix,0,0,0,8.18553597754,239066.701287,0,False
eafb863e,align_visible_path,0,0,0,8.18553597754,239066.701287,0,False
eafb863e,pf_gr_path,0,0,0,6.28841853825,141093.733117,0,False
eafb863e,trellis_gr_path,0,0,0,8.23660255477,242058.90603,0,False
eafb863e,e006_nested_fusion,0,0,0,7.09629019645,179674.969683,0,False
eafb863e,wide64_anchor,0,0,0,7.01345056612,175504.528193,0,False
eafb863e,e006_affine,5,0,0,5.35928454689,102479.849289,325,False
eafb863e,e006_quadratic,5,0,0,5.35928454689,102479.849289,7048,False
eafb863e,wide64_quadratic,5,0,0,5.36875824469,102842.480241,7048,False
eafb863e,pf_quadratic,5,0,0,5.72312005731,116866.640183,7048,False
eafb863e,trellis_quadratic,5,0,0,6.04331905722,130309.444251,7048,False
eafb863e,e006_hinge_025,5,10,-10,4.69415730791,78621.2825825,7716,False
eafb863e,e006_hinge_050,5,0,10,4.87503628825,84797.0124002,7873,False
eafb863e,e006_hinge_075,5,0,60,3.93576695213,55269.2530372,8010,True
eafb863e,e006_jump_025,5,0,0,5.35928454689,102479.849289,6059,False
eafb863e,e006_jump_050,5,20,-10,3.9515682255,55713.9326608,6567,False
eafb863e,e006_jump_075,5,0,0,5.35928454689,102479.849289,6065,False
eafb863e,dtw_derivative,0,0,0,4.4423151386,70411.4964048,0,False
eb06a4e7,last_known_tvt,0,0,0,9.66909902663,423983.8436,0,False
eb06a4e7,e004_geometry_prefix,0,0,0,12.4747243558,705731.021061,0,False
eb06a4e7,align_visible_path,0,0,0,9.84398924061,439460.203108,0,False
eb06a4e7,pf_gr_path,0,0,0,9.08627879889,374411.697035,0,False
eb06a4e7,trellis_gr_path,0,0,0,15.9715259909,1156831.52864,0,False
eb06a4e7,e006_nested_fusion,0,0,0,10.1152770356,464015.891816,0,False
eb06a4e7,wide64_anchor,0,0,0,10.4666124795,496809.144773,0,False
eb06a4e7,e006_affine,-5,-10,0,4.83912298478,106196.599573,274,False
eb06a4e7,e006_quadratic,-5,-10,-10,4.54302523251,93598.2199237,5906,False
eb06a4e7,wide64_quadratic,-5,-10,-10,4.58708516984,95422.5238616,5906,False
eb06a4e7,pf_quadratic,-5,-10,-10,4.41532241184,88410.1515222,5906,False
eb06a4e7,trellis_quadratic,-10,-20,-10,5.61730685406,143098.008087,5325,False
eb06a4e7,e006_hinge_025,-5,0,-30,4.11744422823,76883.4285205,6459,False
eb06a4e7,e006_hinge_050,-5,0,-50,4.01212587309,73000.5934877,6621,True
eb06a4e7,e006_hinge_075,-5,-10,-20,4.59805743797,95879.56954,6727,False
eb06a4e7,e006_jump_025,-5,-10,0,4.83912298478,106196.599573,5097,False
eb06a4e7,e006_jump_050,-5,-10,0,4.83912298478,106196.599573,5405,False
eb06a4e7,e006_jump_075,-5,0,-10,4.34235700999,85512.2520641,5112,False
eb06a4e7,dtw_derivative,0,0,0,35.1335443291,5597849.52488,0,False
eb640a35,last_known_tvt,0,0,0,9.96989690569,600070.8231,0,False
eb640a35,e004_geometry_prefix,0,0,0,10.1532687612,622347.487289,0,False
eb640a35,align_visible_path,0,0,0,10.1532687612,622347.487289,0,False
eb640a35,pf_gr_path,0,0,0,13.5870024301,1114470.25572,0,False
eb640a35,trellis_gr_path,0,0,0,10.0653930151,611621.368337,0,False
eb640a35,e006_nested_fusion,0,0,0,11.5009804247,798529.38876,0,False
eb640a35,wide64_anchor,0,0,0,12.7693660247,984373.350259,0,False
eb640a35,e006_affine,-5,-20,0,6.75827137072,275735.338103,273,False
eb640a35,e006_quadratic,-5,-20,0,6.75827137072,275735.338103,5882,False
eb640a35,wide64_quadratic,-5,-20,0,7.01928750931,297445.387524,5882,False
eb640a35,pf_quadratic,-10,-20,0,6.88360850048,286057.606369,5326,False
eb640a35,trellis_quadratic,0,-10,0,6.18155768428,230683.763674,6465,False
eb640a35,e006_hinge_025,-5,10,-60,5.95392018004,214006.612186,6481,False
eb640a35,e006_hinge_050,-5,-20,20,5.94547178287,213399.70781,6578,False
eb640a35,e006_hinge_075,-5,-20,50,5.84016957932,205907.464778,6709,False
eb640a35,e006_jump_025,-5,-20,0,6.75827137072,275735.338103,5075,False
eb640a35,e006_jump_050,-5,0,-10,5.67322744445,194303.921675,5429,True
eb640a35,e006_jump_075,-5,-20,0,6.75827137072,275735.338103,5069,False
eb640a35,dtw_derivative,0,0,0,33.6668595804,6842682.5291,0,False
eb934281,last_known_tvt,0,0,0,3.13742008768,58774.9701,0,False
eb934281,e004_geometry_prefix,0,0,0,2.92441311391,51065.1387952,0,False
eb934281,align_visible_path,0,0,0,2.92441311391,51065.1387952,0,False
eb934281,pf_gr_path,0,0,0,6.61238458406,261073.794058,0,False
eb934281,trellis_gr_path,0,0,0,3.66041290735,80003.1758567,0,False
eb934281,e006_nested_fusion,0,0,0,4.62259962218,127590.879211,0,False
eb934281,wide64_anchor,0,0,0,3.11966010185,58111.4388111,0,False
eb934281,e006_affine,-5,0,0,2.67963563762,42874.449935,275,False
eb934281,e006_quadratic,-5,0,0,2.67963563762,42874.449935,5932,False
eb934281,wide64_quadratic,0,0,0,3.11966010185,58111.4388111,6490,False
eb934281,pf_quadratic,-5,0,0,2.74233804449,44904.415581,5932,False
eb934281,trellis_quadratic,-5,0,0,3.46390590428,71643.9040031,5932,False
eb934281,e006_hinge_025,-5,0,0,2.67963563762,42874.449935,6462,False
eb934281,e006_hinge_050,-5,0,0,2.67963563762,42874.449935,6626,False
eb934281,e006_hinge_075,-5,0,10,2.66891687439,42532.1332931,6755,True
eb934281,e006_jump_025,-5,0,0,2.67963563762,42874.449935,5119,False
eb934281,e006_jump_050,-5,0,0,2.67963563762,42874.449935,5430,False
eb934281,e006_jump_075,-5,0,0,2.67963563762,42874.449935,5113,False
eb934281,dtw_derivative,0,0,0,5.46027027075,178022.686586,0,False
eba6605e,last_known_tvt,0,0,0,15.6317126628,1077585.4438,0,False
eba6605e,e004_geometry_prefix,0,0,0,11.2958469626,562699.059438,0,False
eba6605e,align_visible_path,0,0,0,10.5135499269,487458.168413,0,False
eba6605e,pf_gr_path,0,0,0,26.1905808904,3025024.18572,0,False
eba6605e,trellis_gr_path,0,0,0,12.4823853287,687121.850812,0,False
eba6605e,e006_nested_fusion,0,0,0,17.7833037265,1394644.3812,0,False
eba6605e,wide64_anchor,0,0,0,19.7615767451,1722192.82714,0,False
eba6605e,e006_affine,15,10,0,7.98886387814,281454.78214,376,False
eba6605e,e006_quadratic,15,10,20,5.7162257661,144097.79521,8184,False
eba6605e,wide64_quadratic,20,10,20,6.02662841908,160172.302948,8733,False
eba6605e,pf_quadratic,25,10,20,5.23972130767,121075.136075,9276,False
eba6605e,trellis_quadratic,10,0,10,7.50100818934,248129.196207,7605,False
eba6605e,e006_hinge_025,15,-40,110,6.13118493961,165778.200848,8826,False
eba6605e,e006_hinge_050,15,-20,100,4.38975645002,84980.531055,9073,True
eba6605e,e006_hinge_075,15,0,70,6.77014484081,202131.73774,9261,False
eba6605e,e006_jump_025,15,20,-10,4.47430804834,88285.6973753,7040,False
eba6605e,e006_jump_050,15,10,0,7.98886387814,281454.78214,7603,False
eba6605e,e006_jump_075,15,-10,10,5.9188088636,154492.435784,6996,False
eba6605e,dtw_derivative,0,0,0,23.5256693854,2440745.89934,0,False
ebe69318,last_known_tvt,0,0,0,4.82532580994,115860.0354,0,False
ebe69318,e004_geometry_prefix,0,0,0,5.59344442871,155682.223991,0,False
ebe69318,align_visible_path,0,0,0,22.9220845581,2614499.6754,0,False
ebe69318,pf_gr_path,0,0,0,6.10305299438,185342.34512,0,False
ebe69318,trellis_gr_path,0,0,0,5.12535301645,130715.755871,0,False
ebe69318,e006_nested_fusion,0,0,0,5.68904808718,161049.574256,0,False
ebe69318,wide64_anchor,0,0,0,6.62219797348,218215.045856,0,False
ebe69318,e006_affine,0,10,0,4.62041344355,106228.744658,301,False
ebe69318,e006_quadratic,0,10,10,3.82760736189,72901.2767092,6516,False
ebe69318,wide64_quadratic,5,10,10,3.77476814709,70902.3998318,7074,False
ebe69318,pf_quadratic,5,10,10,4.20014826863,87782.8375009,7074,False
ebe69318,trellis_quadratic,0,0,10,4.97621157893,123219.104031,6491,False
ebe69318,e006_hinge_025,0,-20,60,3.3175482884,54766.4861899,7033,True
ebe69318,e006_hinge_050,0,0,30,3.55894970336,63026.6280035,7252,False
ebe69318,e006_hinge_075,0,0,60,3.89810539556,75611.4429582,7385,False
ebe69318,e006_jump_025,0,20,-10,3.73110988209,69271.7964183,5632,False
ebe69318,e006_jump_050,0,10,0,4.62041344355,106228.744658,5999,False
ebe69318,e006_jump_075,0,10,0,4.62041344355,106228.744658,5611,False
ebe69318,dtw_derivative,0,0,0,59.1278833008,17396626.3601,0,False
ec0d597b,last_known_tvt,0,0,0,16.4432513872,1248076.4627,0,False
ec0d597b,e004_geometry_prefix,0,0,0,16.3532876255,1234456.95461,0,False
ec0d597b,align_visible_path,0,0,0,16.3532876255,1234456.95461,0,False
ec0d597b,pf_gr_path,0,0,0,17.9206050338,1482419.55933,0,False
ec0d597b,trellis_gr_path,0,0,0,16.3418798018,1232735.27567,0,False
ec0d597b,e006_nested_fusion,0,0,0,17.5582802707,1423081.4392,0,False
ec0d597b,wide64_anchor,0,0,0,14.5693512661,979819.838996,0,False
ec0d597b,e006_affine,10,10,0,11.8148142693,644346.683987,351,False
ec0d597b,e006_quadratic,10,10,-20,9.78154945146,441652.923843,7627,False
ec0d597b,wide64_quadratic,5,10,-20,9.76309916098,439988.373729,7071,False
ec0d597b,pf_quadratic,10,10,-20,9.87777831307,450385.44832,7627,False
ec0d597b,trellis_quadratic,10,10,-20,9.41477382732,409152.85207,7627,False
ec0d597b,e006_hinge_025,10,30,-50,11.7260615845,634702.401626,8376,False
ec0d597b,e006_hinge_050,10,30,-80,10.0252559159,463934.570526,8561,False
ec0d597b,e006_hinge_075,10,20,-120,7.88852590861,287248.330106,8667,False
ec0d597b,e006_jump_025,10,0,10,11.5325782247,613929.664106,6529,False
ec0d597b,e006_jump_050,10,-20,20,7.37474911634,251050.043626,7005,True
ec0d597b,e006_jump_075,10,30,-20,9.05020290364,378078.892708,6605,False
ec0d597b,dtw_derivative,0,0,0,16.0438313968,1188179.29151,0,False
ec13af42,last_known_tvt,0,0,0,10.9064321704,649706.3348,0,False
ec13af42,e004_geometry_prefix,0,0,0,8.77900794061,420961.695062,0,False
ec13af42,align_visible_path,0,0,0,11.2803436825,695018.490942,0,False
ec13af42,pf_gr_path,0,0,0,9.08567932926,450885.745191,0,False
ec13af42,trellis_gr_path,0,0,0,11.0264231607,664080.926157,0,False
ec13af42,e006_nested_fusion,0,0,0,8.72292268884,415600.194846,0,False
ec13af42,wide64_anchor,0,0,0,8.73748385966,416988.875368,0,False
ec13af42,e006_affine,0,-10,0,5.02856822075,138114.853992,299,False
ec13af42,e006_quadratic,0,-10,0,5.02856822075,138114.853992,6465,False
ec13af42,wide64_quadratic,0,-10,0,5.05378494923,139503.534514,6465,False
ec13af42,pf_quadratic,0,-10,0,5.46032058522,162850.08108,6465,False
ec13af42,trellis_quadratic,0,-10,0,7.49123417131,306519.735354,6465,False
ec13af42,e006_hinge_025,0,0,-30,4.45521731923,108415.026957,7074,True
ec13af42,e006_hinge_050,0,-10,-10,4.87835855409,129986.763479,7223,False
ec13af42,e006_hinge_075,0,-10,-10,4.96567145266,134681.411434,7353,False
ec13af42,e006_jump_025,0,-10,0,5.02856822075,138114.853992,5567,False
ec13af42,e006_jump_050,0,-10,0,5.02856822075,138114.853992,5949,False
ec13af42,e006_jump_075,0,-10,0,5.02856822075,138114.853992,5567,False
ec13af42,dtw_derivative,0,0,0,27.6977994353,4190272.12703,0,False
ecdab904,last_known_tvt,0,0,0,16.9183969895,1759469.0672,0,False
ecdab904,e004_geometry_prefix,0,0,0,16.6924381305,1712784.65559,0,False
ecdab904,align_visible_path,0,0,0,25.9999397011,4155352.72583,0,False
ecdab904,pf_gr_path,0,0,0,21.7654883749,2912058.16836,0,False
ecdab904,trellis_gr_path,0,0,0,17.5019071086,1882929.07724,0,False
ecdab904,e006_nested_fusion,0,0,0,15.5312585384,1482779.28952,0,False
ecdab904,wide64_anchor,0,0,0,14.4139871743,1277119.32242,0,False
ecdab904,e006_affine,15,0,0,7.89820658276,383460.108426,375,False
ecdab904,e006_quadratic,15,0,-10,7.65712702663,360408.410174,8156,False
ecdab904,wide64_quadratic,10,0,-10,7.80441150927,374406.63337,7603,False
ecdab904,pf_quadratic,20,0,-10,7.58662081586,353801.744286,8705,False
ecdab904,trellis_quadratic,15,0,0,7.14774673377,314051.971876,8157,False
ecdab904,e006_hinge_025,15,30,-80,5.90091960395,214043.778303,8982,True
ecdab904,e006_hinge_050,15,0,-20,7.22522678702,320897.386356,9111,False
ecdab904,e006_hinge_075,15,-10,50,7.62024702952,356945.00897,9234,False
ecdab904,e006_jump_025,15,0,0,7.89820658276,383460.108426,6997,False
ecdab904,e006_jump_050,15,10,-10,7.03468805782,304195.581327,7602,False
ecdab904,e006_jump_075,15,0,0,7.89820658276,383460.108426,7017,False
ecdab904,dtw_derivative,0,0,0,11.8913687661,869214.390511,0,False
ecdaf714,last_known_tvt,0,0,0,15.351875763,1553603.1496,0,False
ecdaf714,e004_geometry_prefix,0,0,0,17.3275199609,1979201.51319,0,False
ecdaf714,align_visible_path,0,0,0,11.0401025253,803458.429967,0,False
ecdaf714,pf_gr_path,0,0,0,15.028672239,1488875.64125,0,False
ecdaf714,trellis_gr_path,0,0,0,18.9318784256,2362678.40859,0,False
ecdaf714,e006_nested_fusion,0,0,0,16.7211922912,1843111.80665,0,False
ecdaf714,wide64_anchor,0,0,0,16.82000001,1864958.54302,0,False
ecdaf714,e006_affine,15,10,0,9.72734947155,623743.792473,376,False
ecdaf714,e006_quadratic,15,10,-10,8.85978796522,517444.595663,8181,False
ecdaf714,wide64_quadratic,15,10,-10,8.83690366618,514774.991344,8181,False
ecdaf714,pf_quadratic,10,10,-10,8.73114630428,502527.380866,7628,False
ecdaf714,trellis_quadratic,15,10,-10,8.8442503449,515631.277364,8181,False
ecdaf714,e006_hinge_025,15,50,-100,8.06082742365,428327.980266,9030,False
ecdaf714,e006_hinge_050,15,20,-60,8.09711742816,432193.343775,9157,False
ecdaf714,e006_hinge_075,15,10,-20,9.64165669225,612802.49654,9277,False
ecdaf714,e006_jump_025,15,0,10,7.54843212899,375604.431579,6998,True
ecdaf714,e006_jump_050,15,20,-10,8.08325113852,430714.3516,7627,False
ecdaf714,e006_jump_075,15,20,-10,9.36266809108,577851.778542,7060,False
ecdaf714,dtw_derivative,0,0,0,23.1253755996,3525289.51373,0,False
ed6436d6,last_known_tvt,0,0,0,1.61754179547,7705.4201,0,False
ed6436d6,e004_geometry_prefix,0,0,0,2.56297531911,19345.2411224,0,False
ed6436d6,align_visible_path,0,0,0,17.8789296725,941387.291762,0,False
ed6436d6,pf_gr_path,0,0,0,12.3361638021,448172.860504,0,False
ed6436d6,trellis_gr_path,0,0,0,5.27914075157,82075.1682355,0,False
ed6436d6,e006_nested_fusion,0,0,0,1.38276723135,5630.9731614,0,False
ed6436d6,wide64_anchor,0,0,0,3.90851110494,44989.1719242,0,False
ed6436d6,e006_affine,0,0,0,1.38276723135,5630.9731614,300,False
ed6436d6,e006_quadratic,0,0,0,1.38276723135,5630.9731614,6490,False
ed6436d6,wide64_quadratic,-5,0,0,1.73600471982,8875.38298045,5932,False
ed6436d6,pf_quadratic,-10,0,0,2.57489334702,19525.5730794,5376,False
ed6436d6,trellis_quadratic,0,0,0,5.27914075157,82075.1682355,6490,False
ed6436d6,e006_hinge_025,0,-10,20,1.31333854047,5079.70716891,7054,False
ed6436d6,e006_hinge_050,0,0,0,1.38276723135,5630.9731614,7249,False
ed6436d6,e006_hinge_075,0,0,-10,1.30067226423,4982.19885821,7378,True
ed6436d6,e006_jump_025,0,0,0,1.38276723135,5630.9731614,5589,False
ed6436d6,e006_jump_050,0,0,0,1.38276723135,5630.9731614,5974,False
ed6436d6,e006_jump_075,0,0,0,1.38276723135,5630.9731614,5589,False
ed6436d6,dtw_derivative,0,0,0,32.3131732173,3074995.72613,0,False
ed6e6e54,last_known_tvt,0,0,0,11.9519351945,863949.2696,0,False
ed6e6e54,e004_geometry_prefix,0,0,0,11.7460558892,834441.525509,0,False
ed6e6e54,align_visible_path,0,0,0,18.583180267,2088583.59329,0,False
ed6e6e54,pf_gr_path,0,0,0,12.0637246323,880186.317725,0,False
ed6e6e54,trellis_gr_path,0,0,0,11.8049527375,842830.586441,0,False
ed6e6e54,e006_nested_fusion,0,0,0,12.0141582175,872968.305937,0,False
ed6e6e54,wide64_anchor,0,0,0,11.6938640199,827042.564167,0,False
ed6e6e54,e006_affine,5,0,0,10.4642050319,662253.501872,325,False
ed6e6e54,e006_quadratic,5,0,-20,8.37840023595,424555.027427,7046,False
ed6e6e54,wide64_quadratic,5,0,-20,8.32625198517,419286.503385,7046,False
ed6e6e54,pf_quadratic,5,0,-20,8.37314621593,424022.725042,7046,False
ed6e6e54,trellis_quadratic,5,0,-20,8.96916803644,486537.258408,7046,False
ed6e6e54,e006_hinge_025,5,40,-90,9.38587545034,532796.491398,7783,False
ed6e6e54,e006_hinge_050,5,30,-110,6.83783149595,282779.922501,7936,True
ed6e6e54,e006_hinge_075,5,10,-90,9.73845658941,573577.422226,8020,False
ed6e6e54,e006_jump_025,5,-10,10,7.97918679299,385060.567515,6038,False
ed6e6e54,e006_jump_050,5,0,0,10.4642050319,662253.501872,6518,False
ed6e6e54,e006_jump_075,5,10,-10,9.30194466527,523310.303713,6086,False
ed6e6e54,dtw_derivative,0,0,0,12.1471848974,892407.202428,0,False
edf885a3,last_known_tvt,0,0,0,12.2887233481,470706.653,0,False
edf885a3,e004_geometry_prefix,0,0,0,12.8268683768,512835.497693,0,False
edf885a3,align_visible_path,0,0,0,30.6776169668,2933459.14166,0,False
edf885a3,pf_gr_path,0,0,0,16.7839283111,878059.677859,0,False
edf885a3,trellis_gr_path,0,0,0,12.8770588929,516856.718748,0,False
edf885a3,e006_nested_fusion,0,0,0,14.6731222585,671091.710909,0,False
edf885a3,wide64_anchor,0,0,0,16.3180624749,829992.150868,0,False
edf885a3,e006_affine,10,0,0,8.73045046979,237580.125769,350,False
edf885a3,e006_quadratic,10,0,-30,4.46816445615,62229.3265737,7601,False
edf885a3,wide64_quadratic,15,0,-30,4.15984416744,53937.5140014,8154,False
edf885a3,pf_quadratic,15,0,-30,3.36521355855,35298.9723724,8154,False
edf885a3,trellis_quadratic,10,0,-30,5.15720688505,82902.1721596,7601,False
edf885a3,e006_hinge_025,10,40,-110,4.88079290803,74253.6085444,8395,False
edf885a3,e006_hinge_050,10,20,-100,3.36232052644,35238.3062883,8534,True
edf885a3,e006_hinge_075,10,0,-80,6.87983491913,147534.24458,8621,False
edf885a3,e006_jump_025,10,-30,20,5.02429486295,78684.1106573,6465,False
edf885a3,e006_jump_050,10,10,-10,8.52878277766,226731.002879,7077,False
edf885a3,e006_jump_075,10,10,-10,5.85831171332,106974.866879,6563,False
edf885a3,dtw_derivative,0,0,0,43.2723161319,5836561.75144,0,False
ee0300f7,last_known_tvt,0,0,0,25.6803114325,2996669.8281,0,False
ee0300f7,e004_geometry_prefix,0,0,0,23.4664515516,2502264.23924,0,False
ee0300f7,align_visible_path,0,0,0,42.8793725714,8354782.8506,0,False
ee0300f7,pf_gr_path,0,0,0,25.4472274144,2942518.92471,0,False
ee0300f7,trellis_gr_path,0,0,0,23.9038527182,2596415.13016,0,False
ee0300f7,e006_nested_fusion,0,0,0,23.7421618177,2561408.48591,0,False
ee0300f7,wide64_anchor,0,0,0,21.5542171772,2111070.95978,0,False
ee0300f7,e006_affine,25,10,0,5.10068070988,118220.992192,426,False
ee0300f7,e006_quadratic,25,10,0,5.10068070988,118220.992192,9274,False
ee0300f7,wide64_quadratic,20,10,0,4.45756569351,90288.7888478,8731,False
ee0300f7,pf_quadratic,25,10,0,4.5015218897,92078.2497257,9274,False
ee0300f7,trellis_quadratic,20,10,0,5.51372251968,138142.762093,8731,False
ee0300f7,e006_hinge_025,25,40,-70,4.19311001022,79893.3875588,10204,True
ee0300f7,e006_hinge_050,25,10,0,5.10068070988,118220.992192,10365,False
ee0300f7,e006_hinge_075,25,10,10,5.0479927627,115791.257356,10526,False
ee0300f7,e006_jump_025,25,10,0,5.10068070988,118220.992192,7950,False
ee0300f7,e006_jump_050,25,10,0,5.10068070988,118220.992192,8622,False
ee0300f7,e006_jump_075,25,10,0,5.10068070988,118220.992192,7981,False
ee0300f7,dtw_derivative,0,0,0,21.4392329225,2088607.37854,0,False
ee288beb,last_known_tvt,0,0,0,27.5220253308,3513108.1916,0,False
ee288beb,e004_geometry_prefix,0,0,0,29.4020034998,4009448.08186,0,False
ee288beb,align_visible_path,0,0,0,10.9265522559,553728.706007,0,False
ee288beb,pf_gr_path,0,0,0,26.4270447086,3239126.75363,0,False
ee288beb,trellis_gr_path,0,0,0,27.9898978504,3633568.6622,0,False
ee288beb,e006_nested_fusion,0,0,0,29.5228729012,4042480.91289,0,False
ee288beb,wide64_anchor,0,0,0,29.191835228,3952333.12556,0,False
ee288beb,e006_affine,25,30,0,5.48487398337,139528.862041,428,False
ee288beb,e006_quadratic,25,30,-10,5.1820976454,124549.482798,9323,False
ee288beb,wide64_quadratic,25,30,-10,5.36117881162,133306.501004,9323,False
ee288beb,pf_quadratic,20,30,-10,4.78858724386,106351.973419,8780,False
ee288beb,trellis_quadratic,20,30,-10,7.3800948771,252612.382232,8780,False
ee288beb,e006_hinge_025,25,40,-20,5.34919315211,132711.116902,10209,False
ee288beb,e006_hinge_050,25,40,-40,5.08675753614,120008.724149,10436,False
ee288beb,e006_hinge_075,25,30,-20,5.40002475867,135245.320175,10573,False
ee288beb,e006_jump_025,25,20,10,4.04832034693,76011.7072143,7973,True
ee288beb,e006_jump_050,25,30,0,5.48487398337,139528.862041,8671,False
ee288beb,e006_jump_075,25,30,0,5.48487398337,139528.862041,8022,False
ee288beb,dtw_derivative,0,0,0,6.7728438476,212751.61713,0,False
ee4aecac,last_known_tvt,0,0,0,10.7788131391,611702.5088,0,False
ee4aecac,e004_geometry_prefix,0,0,0,6.30243399608,209129.350057,0,False
ee4aecac,align_visible_path,0,0,0,15.8268817307,1318830.8257,0,False
ee4aecac,pf_gr_path,0,0,0,5.21209649339,143028.725994,0,False
ee4aecac,trellis_gr_path,0,0,0,8.49387251424,379848.007067,0,False
ee4aecac,e006_nested_fusion,0,0,0,4.40104971772,101979.041323,0,False
ee4aecac,wide64_anchor,0,0,0,4.42098786083,102905.128749,0,False
ee4aecac,e006_affine,0,0,0,4.40104971772,101979.041323,300,False
ee4aecac,e006_quadratic,0,0,0,4.40104971772,101979.041323,6490,False
ee4aecac,wide64_quadratic,0,0,0,4.42098786083,102905.128749,6490,False
ee4aecac,pf_quadratic,-5,0,0,3.5644617771,66893.8665585,5932,True
ee4aecac,trellis_quadratic,5,0,0,6.83857246143,246223.375978,7048,False
ee4aecac,e006_hinge_025,0,10,-20,4.02153632509,85149.5519897,7100,False
ee4aecac,e006_hinge_050,0,0,10,4.08082711364,87678.8343888,7250,False
ee4aecac,e006_hinge_075,0,0,30,3.93425630317,81493.6320499,7382,False
ee4aecac,e006_jump_025,0,0,0,4.40104971772,101979.041323,5589,False
ee4aecac,e006_jump_050,0,0,0,4.40104971772,101979.041323,5974,False
ee4aecac,e006_jump_075,0,0,0,4.40104971772,101979.041323,5589,False
ee4aecac,dtw_derivative,0,0,0,9.89292767657,515285.644843,0,False
eeda36f5,last_known_tvt,0,0,0,5.47012445746,143537.0888,0,False
eeda36f5,e004_geometry_prefix,0,0,0,10.8095353627,560510.524673,0,False
eeda36f5,align_visible_path,0,0,0,20.3853562135,1993454.50192,0,False
eeda36f5,pf_gr_path,0,0,0,11.8928597735,678488.224899,0,False
eeda36f5,trellis_gr_path,0,0,0,11.2833180863,610721.741978,0,False
eeda36f5,e006_nested_fusion,0,0,0,3.65463188766,64070.335322,0,False
eeda36f5,wide64_anchor,0,0,0,3.65802534123,64189.3736577,0,False
eeda36f5,e006_affine,0,0,0,3.65463188766,64070.335322,300,False
eeda36f5,e006_quadratic,0,0,0,3.65463188766,64070.335322,6490,False
eeda36f5,wide64_quadratic,0,0,0,3.65802534123,64189.3736577,6490,False
eeda36f5,pf_quadratic,10,0,0,3.54827698588,60395.5231201,7604,True
eeda36f5,trellis_quadratic,-10,-10,0,3.72480080732,66554.2546371,5351,False
eeda36f5,e006_hinge_025,0,0,0,3.65463188766,64070.335322,7077,False
eeda36f5,e006_hinge_050,0,0,0,3.65463188766,64070.335322,7249,False
eeda36f5,e006_hinge_075,0,0,-10,3.63647748669,63435.3769482,7378,False
eeda36f5,e006_jump_025,0,0,0,3.65463188766,64070.335322,5589,False
eeda36f5,e006_jump_050,0,0,0,3.65463188766,64070.335322,5974,False
eeda36f5,e006_jump_075,0,0,0,3.65463188766,64070.335322,5589,False
eeda36f5,dtw_derivative,0,0,0,32.7659118574,5150083.08834,0,False
eeed308d,last_known_tvt,0,0,0,9.69013148079,366110.829,0,False
eeed308d,e004_geometry_prefix,0,0,0,8.16184054655,259734.384677,0,False
eeed308d,align_visible_path,0,0,0,10.7570954335,451173.183344,0,False
eeed308d,pf_gr_path,0,0,0,8.18746291099,261367.706235,0,False
eeed308d,trellis_gr_path,0,0,0,10.6904633886,445601.143096,0,False
eeed308d,e006_nested_fusion,0,0,0,7.9135133943,244169.783849,0,False
eeed308d,wide64_anchor,0,0,0,7.87817158491,241993.725746,0,False
eeed308d,e006_affine,0,10,0,4.59111717635,82184.5136584,301,False
eeed308d,e006_quadratic,0,10,0,4.59111717635,82184.5136584,6515,False
eeed308d,wide64_quadratic,0,10,0,4.5299282783,80008.4555554,6515,False
eeed308d,pf_quadratic,0,10,0,4.89763970065,93524.8242113,6515,False
eeed308d,trellis_quadratic,5,10,10,7.48155347019,218241.231434,7074,False
eeed308d,e006_hinge_025,0,-10,50,4.21096203006,69137.8525514,7057,False
eeed308d,e006_hinge_050,0,10,0,4.59111717635,82184.5136584,7274,False
eeed308d,e006_hinge_075,0,10,-10,4.50266131738,79048.1659034,7403,False
eeed308d,e006_jump_025,0,10,0,4.59111717635,82184.5136584,5611,False
eeed308d,e006_jump_050,0,0,10,2.68009856363,28006.2374838,5975,True
eeed308d,e006_jump_075,0,10,0,4.59111717635,82184.5136584,5611,False
eeed308d,dtw_derivative,0,0,0,53.2212899084,11043939.7224,0,False
ef04658e,last_known_tvt,0,0,0,15.4480440481,979387.0344,0,False
ef04658e,e004_geometry_prefix,0,0,0,12.8576459269,678469.417243,0,False
ef04658e,align_visible_path,0,0,0,41.4069353239,7036448.73815,0,False
ef04658e,pf_gr_path,0,0,0,14.1453191137,821169.57681,0,False
ef04658e,trellis_gr_path,0,0,0,10.9159966255,489028.463471,0,False
ef04658e,e006_nested_fusion,0,0,0,13.3748673115,734152.558259,0,False
ef04658e,wide64_anchor,0,0,0,16.8201920114,1161098.99857,0,False
ef04658e,e006_affine,10,10,0,4.46327851122,81755.1892019,351,False
ef04658e,e006_quadratic,10,10,0,4.46327851122,81755.1892019,7629,False
ef04658e,wide64_quadratic,15,10,0,4.18366114167,71832.3963302,8182,True
ef04658e,pf_quadratic,15,10,0,4.83626037211,95990.1566438,8182,False
ef04658e,trellis_quadratic,10,10,0,5.14818701083,108771.716262,7629,False
ef04658e,e006_hinge_025,10,10,0,4.46327851122,81755.1892019,8331,False
ef04658e,e006_hinge_050,10,0,30,4.30123681976,75926.6190894,8497,False
ef04658e,e006_hinge_075,10,10,0,4.46327851122,81755.1892019,8654,False
ef04658e,e006_jump_025,10,10,0,4.46327851122,81755.1892019,6550,False
ef04658e,e006_jump_050,10,10,0,4.46327851122,81755.1892019,7078,False
ef04658e,e006_jump_075,10,10,0,4.46327851122,81755.1892019,6564,False
ef04658e,dtw_derivative,0,0,0,57.6837211283,13655697.5479,0,False
ef8e3ed0,last_known_tvt,0,0,0,14.6350894904,1118906.8511,0,False
ef8e3ed0,e004_geometry_prefix,0,0,0,15.4322621793,1244120.23623,0,False
ef8e3ed0,align_visible_path,0,0,0,24.315799768,3088732.41031,0,False
ef8e3ed0,pf_gr_path,0,0,0,21.0874092391,2323002.19964,0,False
ef8e3ed0,trellis_gr_path,0,0,0,12.6142442249,831238.478072,0,False
ef8e3ed0,e006_nested_fusion,0,0,0,18.72008405,1830706.64069,0,False
ef8e3ed0,wide64_anchor,0,0,0,18.8012803541,1846622.05879,0,False
ef8e3ed0,e006_affine,-15,-10,0,8.60433854782,386756.969001,224,False
ef8e3ed0,e006_quadratic,-15,-10,0,8.60433854782,386756.969001,4798,False
ef8e3ed0,wide64_quadratic,-15,-10,0,8.61964188841,388133.93411,4798,False
ef8e3ed0,pf_quadratic,-20,-10,0,8.41801335779,370188.045011,4249,False
ef8e3ed0,trellis_quadratic,-10,0,-10,8.35219625551,364421.968286,5375,False
ef8e3ed0,e006_hinge_025,-15,-10,10,8.37400557938,366327.616373,5215,False
ef8e3ed0,e006_hinge_050,-15,0,-30,7.97180736708,331983.699134,5382,False
ef8e3ed0,e006_hinge_075,-15,-10,10,8.5570076954,382513.716772,5480,False
ef8e3ed0,e006_jump_025,-15,-20,10,7.54720778388,297560.84402,4138,True
ef8e3ed0,e006_jump_050,-15,10,-10,8.12014046832,344453.222721,4394,False
ef8e3ed0,e006_jump_075,-15,-10,0,8.60433854782,386756.969001,4139,False
ef8e3ed0,dtw_derivative,0,0,0,26.6456472839,3708990.4722,0,False
efde6ac3,last_known_tvt,0,0,0,10.202375669,474539.3315,0,False
efde6ac3,e004_geometry_prefix,0,0,0,10.2216868736,476337.461508,0,False
efde6ac3,align_visible_path,0,0,0,10.2216868736,476337.461508,0,False
efde6ac3,pf_gr_path,0,0,0,8.15517690468,303205.00427,0,False
efde6ac3,trellis_gr_path,0,0,0,9.47050562339,408898.883561,0,False
efde6ac3,e006_nested_fusion,0,0,0,8.96173592197,366145.648241,0,False
efde6ac3,wide64_anchor,0,0,0,9.97940882295,454024.429477,0,False
efde6ac3,e006_affine,-5,-10,0,5.92490046227,160041.166979,274,False
efde6ac3,e006_quadratic,-5,-10,-20,3.85417039404,67722.2555545,5905,False
efde6ac3,wide64_quadratic,-5,-10,-20,3.9261831206,70276.5924541,5905,False
efde6ac3,pf_quadratic,-5,-10,-20,4.5136767789,92881.7746957,5905,False
efde6ac3,trellis_quadratic,-5,-10,-10,4.43566488005,89698.8854292,5906,False
efde6ac3,e006_hinge_025,-5,20,-70,4.99103363349,113566.589875,6505,False
efde6ac3,e006_hinge_050,-5,10,-70,4.17710603242,79546.4113011,6644,False
efde6ac3,e006_hinge_075,-5,0,-110,3.06138465723,42727.2945729,6743,True
efde6ac3,e006_jump_025,-5,-20,10,4.17463879762,79452.4698441,5076,False
efde6ac3,e006_jump_050,-5,-10,0,5.92490046227,160041.166979,5405,False
efde6ac3,e006_jump_075,-5,0,-10,3.81888659772,66487.9766041,5112,False
efde6ac3,dtw_derivative,0,0,0,12.7346411251,739337.974622,0,False
efe96181,last_known_tvt,0,0,0,27.5395173723,3042801.1686,0,False
efe96181,e004_geometry_prefix,0,0,0,29.6313713649,3522608.89387,0,False
efe96181,align_visible_path,0,0,0,12.5352567582,630416.239916,0,False
efe96181,pf_gr_path,0,0,0,11.8774019498,565983.580435,0,False
efe96181,trellis_gr_path,0,0,0,27.1718095567,2962088.62515,0,False
efe96181,e006_nested_fusion,0,0,0,21.4047089257,1838144.19555,0,False
efe96181,wide64_anchor,0,0,0,24.737386793,2455096.48104,0,False
efe96181,e006_affine,-20,-10,0,4.7524008274,90612.2782604,199,False
efe96181,e006_quadratic,-20,-10,10,3.76744550651,56944.9063259,4250,False
efe96181,wide64_quadratic,-25,-10,10,3.98712082611,63779.2955178,3707,False
efe96181,pf_quadratic,-10,-10,10,4.64779082489,86667.0617224,5352,False
efe96181,trellis_quadratic,-25,-10,10,5.29945574145,112673.935396,3707,False
efe96181,e006_hinge_025,-20,-40,70,3.02279683426,36658.8504134,4544,True
efe96181,e006_hinge_050,-20,-20,40,4.25269003266,72558.5145257,4723,False
efe96181,e006_hinge_075,-20,-10,20,4.48053533521,80541.6899228,4857,False
efe96181,e006_jump_025,-20,-10,0,4.7524008274,90612.2782604,3692,False
efe96181,e006_jump_050,-20,-10,0,4.7524008274,90612.2782604,3830,False
efe96181,e006_jump_075,-20,-10,0,4.7524008274,90612.2782604,3667,False
efe96181,dtw_derivative,0,0,0,45.2984100642,8232407.16883,0,False
f0188a48,last_known_tvt,0,0,0,6.01598649244,150921.0298,0,False
f0188a48,e004_geometry_prefix,0,0,0,5.87295222795,143829.838026,0,False
f0188a48,align_visible_path,0,0,0,20.0090741439,1669513.91056,0,False
f0188a48,pf_gr_path,0,0,0,5.61114849335,131292.397518,0,False
f0188a48,trellis_gr_path,0,0,0,7.38255224312,227273.663685,0,False
f0188a48,e006_nested_fusion,0,0,0,5.93396323578,146833.70508,0,False
f0188a48,wide64_anchor,0,0,0,7.9490234472,263489.680597,0,False
f0188a48,e006_affine,0,0,0,5.93396323578,146833.70508,300,False
f0188a48,e006_quadratic,0,0,-10,4.89768799114,100027.239736,6489,False
f0188a48,wide64_quadratic,-5,0,-10,4.73380752427,93445.2534325,5931,False
f0188a48,pf_quadratic,0,0,-10,4.50115711672,84485.9321738,6489,False
f0188a48,trellis_quadratic,-5,0,-10,6.64183958084,183955.517684,5931,False
f0188a48,e006_hinge_025,0,20,-50,5.06706817068,107065.499959,7122,False
f0188a48,e006_hinge_050,0,10,-50,4.11800335997,70714.6584752,7269,True
f0188a48,e006_hinge_075,0,0,-30,5.51324944418,126750.984039,7376,False
f0188a48,e006_jump_025,0,-10,10,4.65687806453,90432.7604939,5568,False
f0188a48,e006_jump_050,0,10,-10,5.82311761787,141399.273961,5998,False
f0188a48,e006_jump_075,0,10,-10,5.29445356489,116890.264757,5610,False
f0188a48,dtw_derivative,0,0,0,17.7097037986,1307852.148,0,False
f021b650,last_known_tvt,0,0,0,6.68449421056,167067.7286,0,False
f021b650,e004_geometry_prefix,0,0,0,4.37633302847,71610.4152118,0,False
f021b650,align_visible_path,0,0,0,8.50974283868,270762.388972,0,False
f021b650,pf_gr_path,0,0,0,6.98851124098,182610.102937,0,False
f021b650,trellis_gr_path,0,0,0,4.40347554185,72501.4416134,0,False
f021b650,e006_nested_fusion,0,0,0,5.21964879121,101868.05857,0,False
f021b650,wide64_anchor,0,0,0,5.28621410698,104482.838788,0,False
f021b650,e006_affine,-5,0,0,4.11925185752,63444.2339017,275,False
f021b650,e006_quadratic,-5,0,10,3.65382515046,49917.2885426,5933,False
f021b650,wide64_quadratic,-5,0,10,3.61553661756,48876.600718,5933,False
f021b650,pf_quadratic,-5,0,10,3.17384362372,37664.0064376,5933,False
f021b650,trellis_quadratic,0,0,0,4.40347554185,72501.4416134,6490,False
f021b650,e006_hinge_025,-5,-20,50,2.87792122832,30968.0080001,6417,True
f021b650,e006_hinge_050,-5,-10,50,3.42200235726,43784.0643977,6606,False
f021b650,e006_hinge_075,-5,0,20,3.85712222597,55626.5681873,6756,False
f021b650,e006_jump_025,-5,0,0,4.11925185752,63444.2339017,5119,False
f021b650,e006_jump_050,-5,0,0,4.11925185752,63444.2339017,5430,False
f021b650,e006_jump_075,-5,0,0,4.11925185752,63444.2339017,5113,False
f021b650,dtw_derivative,0,0,0,11.9749849785,536173.591712,0,False
f03f10fe,last_known_tvt,0,0,0,9.37892987226,364612.1294,0,False
f03f10fe,e004_geometry_prefix,0,0,0,7.34170609888,223418.187793,0,False
f03f10fe,align_visible_path,0,0,0,9.11474354413,344360.589233,0,False
f03f10fe,pf_gr_path,0,0,0,11.4927187216,547482.309075,0,False
f03f10fe,trellis_gr_path,0,0,0,6.64281740639,182906.510727,0,False
f03f10fe,e006_nested_fusion,0,0,0,7.18769338932,214142.870793,0,False
f03f10fe,wide64_anchor,0,0,0,7.97047572981,263325.563525,0,False
f03f10fe,e006_affine,0,10,0,6.81273778045,192383.52669,301,False
f03f10fe,e006_quadratic,0,10,0,6.81273778045,192383.52669,6515,False
f03f10fe,wide64_quadratic,5,10,0,6.56418344242,178601.850181,7073,False
f03f10fe,pf_quadratic,10,10,0,6.27740337917,163337.012751,7629,False
f03f10fe,trellis_quadratic,0,0,0,6.64281740639,182906.510727,6490,False
f03f10fe,e006_hinge_025,0,-20,60,5.85073197373,141887.762885,7033,True
f03f10fe,e006_hinge_050,0,0,20,6.21580237055,160147.04531,7251,False
f03f10fe,e006_hinge_075,0,10,-40,6.31460355927,165278.634069,7400,False
f03f10fe,e006_jump_025,0,10,0,6.81273778045,192383.52669,5611,False
f03f10fe,e006_jump_050,0,10,0,6.81273778045,192383.52669,5999,False
f03f10fe,e006_jump_075,0,10,0,6.81273778045,192383.52669,5611,False
f03f10fe,dtw_derivative,0,0,0,18.9767841598,1492690.50707,0,False
f053a1b9,last_known_tvt,0,0,0,10.0282956591,413128.0604,0,False
f053a1b9,e004_geometry_prefix,0,0,0,7.32894063758,220654.52753,0,False
f053a1b9,align_visible_path,0,0,0,7.32894063758,220654.52753,0,False
f053a1b9,pf_gr_path,0,0,0,4.78803797126,94177.1636791,0,False
f053a1b9,trellis_gr_path,0,0,0,6.44358148854,170563.101777,0,False
f053a1b9,e006_nested_fusion,0,0,0,6.6572072319,182060.020592,0,False
f053a1b9,wide64_anchor,0,0,0,10.6396904607,465037.977814,0,False
f053a1b9,e006_affine,-5,0,0,4.75748306272,92979.0140382,275,False
f053a1b9,e006_quadratic,-5,0,0,4.75748306272,92979.0140382,5932,False
f053a1b9,wide64_quadratic,-10,0,0,4.76987208594,93463.9002741,5376,False
f053a1b9,pf_quadratic,0,0,0,4.78803797126,94177.1636791,6490,False
f053a1b9,trellis_quadratic,-5,0,0,5.154653391,109151.415096,5932,False
f053a1b9,e006_hinge_025,-5,0,-10,4.37231611729,78533.2449269,6461,False
f053a1b9,e006_hinge_050,-5,0,-10,4.4831998692,82567.025024,6625,False
f053a1b9,e006_hinge_075,-5,-10,60,4.59735837362,86825.4720956,6735,False
f053a1b9,e006_jump_025,-5,0,0,4.75748306272,92979.0140382,5119,False
f053a1b9,e006_jump_050,-5,10,-10,4.0716268625,68103.020923,5454,True
f053a1b9,e006_jump_075,-5,0,0,4.75748306272,92979.0140382,5113,False
f053a1b9,dtw_derivative,0,0,0,14.1312267841,820332.9713,0,False
f074d277,last_known_tvt,0,0,0,12.1877196168,364369.8697,0,False
f074d277,e004_geometry_prefix,0,0,0,17.728312373,770960.875189,0,False
f074d277,align_visible_path,0,0,0,17.728312373,770960.875189,0,False
f074d277,pf_gr_path,0,0,0,20.1870287611,999637.067381,0,False
f074d277,trellis_gr_path,0,0,0,17.4420133063,746261.050521,0,False
f074d277,e006_nested_fusion,0,0,0,18.6612722785,854240.28273,0,False
f074d277,wide64_anchor,0,0,0,12.0134079843,354021.795835,0,False
f074d277,e006_affine,15,10,0,6.26996238411,96433.3866152,376,False
f074d277,e006_quadratic,15,10,-10,4.97254378862,60653.348313,8181,False
f074d277,wide64_quadratic,10,10,-10,4.39491309619,47380.3355348,7628,False
f074d277,pf_quadratic,20,10,-10,4.64358906264,52893.8412456,8730,False
f074d277,trellis_quadratic,15,10,-10,5.17712733159,65746.8940905,8181,False
f074d277,e006_hinge_025,15,40,-80,5.18310228101,65898.7393234,9007,False
f074d277,e006_hinge_050,15,20,-50,4.30046980228,45365.8813964,9158,False
f074d277,e006_hinge_075,15,10,-50,5.5101630768,74477.733667,9274,False
f074d277,e006_jump_025,15,0,10,3.85900162033,36529.8147694,6998,True
f074d277,e006_jump_050,15,10,0,6.26996238411,96433.3866152,7603,False
f074d277,e006_jump_075,15,20,-10,5.29889081231,68875.9321415,7060,False
f074d277,dtw_derivative,0,0,0,20.3734942863,1018189.44792,0,False
f07d7037,last_known_tvt,0,0,0,7.49608679745,312592.298,0,False
f07d7037,e004_geometry_prefix,0,0,0,9.11889848289,462587.423978,0,False
f07d7037,align_visible_path,0,0,0,3.33123904598,61733.4653738,0,False
f07d7037,pf_gr_path,0,0,0,4.69917140755,122843.344897,0,False
f07d7037,trellis_gr_path,0,0,0,6.8438292971,260559.790928,0,False
f07d7037,e006_nested_fusion,0,0,0,7.09200558725,279799.670098,0,False
f07d7037,wide64_anchor,0,0,0,4.49289242965,112295.176304,0,False
f07d7037,e006_affine,5,0,0,3.29216365628,60293.6939853,325,False
f07d7037,e006_quadratic,5,0,0,3.29216365628,60293.6939853,7048,False
f07d7037,wide64_quadratic,5,0,0,3.37131543497,63227.7660604,7048,False
f07d7037,pf_quadratic,5,0,0,3.32318258284,61435.2268101,7048,False
f07d7037,trellis_quadratic,5,0,-10,3.4746581076,67163.4839905,7047,False
f07d7037,e006_hinge_025,5,10,-20,2.74682544639,41973.1133333,7715,True
f07d7037,e006_hinge_050,5,0,10,3.1529083003,55300.8414628,7873,False
f07d7037,e006_hinge_075,5,0,20,2.90413923492,46918.4793827,8006,False
f07d7037,e006_jump_025,5,0,0,3.29216365628,60293.6939853,6059,False
f07d7037,e006_jump_050,5,20,-10,3.15151746381,55252.0627124,6567,False
f07d7037,e006_jump_075,5,0,0,3.29216365628,60293.6939853,6065,False
f07d7037,dtw_derivative,0,0,0,3.36692353107,63063.1363185,0,False
f08774c3,last_known_tvt,0,0,0,11.4457571615,510920.8923,0,False
f08774c3,e004_geometry_prefix,0,0,0,11.903139134,552570.412851,0,False
f08774c3,align_visible_path,0,0,0,16.9747441262,1123753.55879,0,False
f08774c3,pf_gr_path,0,0,0,15.6135259797,950750.554721,0,False
f08774c3,trellis_gr_path,0,0,0,16.2016083197,1023719.23737,0,False
f08774c3,e006_nested_fusion,0,0,0,12.1742040238,578023.850089,0,False
f08774c3,wide64_anchor,0,0,0,11.6132049253,525979.461681,0,False
f08774c3,e006_affine,5,10,0,7.97650498476,248136.06391,326,False
f08774c3,e006_quadratic,5,10,20,5.6892562342,126233.782344,7075,False
f08774c3,wide64_quadratic,0,10,20,6.10523920402,145368.388379,6517,False
f08774c3,pf_quadratic,10,20,20,5.51806660362,118751.330264,7656,False
f08774c3,trellis_quadratic,5,20,20,6.95422809684,188609.024849,7100,False
f08774c3,e006_hinge_025,5,-30,110,3.95727685432,61074.1563969,7628,True
f08774c3,e006_hinge_050,5,-10,100,4.88018459851,92883.1866906,7857,False
f08774c3,e006_hinge_075,5,10,60,7.09810287424,196493.951212,8035,False
f08774c3,e006_jump_025,5,30,-10,5.65881653479,124886.59784,6123,False
f08774c3,e006_jump_050,5,0,10,7.08294460942,195655.606926,6519,False
f08774c3,e006_jump_075,5,0,10,6.75243536412,177821.995052,6066,False
f08774c3,dtw_derivative,0,0,0,30.6210150034,3656821.58336,0,False
f140c2fa,last_known_tvt,0,0,0,13.3161842943,723823.3593,0,False
f140c2fa,e004_geometry_prefix,0,0,0,16.7230270434,1141570.62392,0,False
f140c2fa,align_visible_path,0,0,0,16.7230270434,1141570.62392,0,False
f140c2fa,pf_gr_path,0,0,0,15.966726323,1040650.17855,0,False
f140c2fa,trellis_gr_path,0,0,0,16.348762617,1091045.28363,0,False
f140c2fa,e006_nested_fusion,0,0,0,16.6125592314,1126538.62105,0,False
f140c2fa,wide64_anchor,0,0,0,13.7488090363,771619.439156,0,False
f140c2fa,e006_affine,-15,-10,0,3.27334291674,43737.7068579,224,False
f140c2fa,e006_quadratic,-15,-10,0,3.27334291674,43737.7068579,4798,False
f140c2fa,wide64_quadratic,-10,-10,0,3.87610063866,61328.6054494,5351,False
f140c2fa,pf_quadratic,-15,-10,0,3.29042459341,44195.3813282,4798,False
f140c2fa,trellis_quadratic,-15,-10,0,3.82603891504,59754.6581676,4798,False
f140c2fa,e006_hinge_025,-15,-20,20,3.16711787513,40945.0546618,5191,True
f140c2fa,e006_hinge_050,-15,-10,0,3.27334291674,43737.7068579,5360,False
f140c2fa,e006_hinge_075,-15,-10,0,3.27334291674,43737.7068579,5479,False
f140c2fa,e006_jump_025,-15,-10,0,3.27334291674,43737.7068579,4159,False
f140c2fa,e006_jump_050,-15,-10,0,3.27334291674,43737.7068579,4345,False
f140c2fa,e006_jump_075,-15,-10,0,3.27334291674,43737.7068579,4139,False
f140c2fa,dtw_derivative,0,0,0,9.24719037674,349053.982904,0,False
f16e25e3,last_known_tvt,0,0,0,2.96478003243,40881.9209,0,True
f16e25e3,e004_geometry_prefix,0,0,0,4.94209227281,113597.307829,0,False
f16e25e3,align_visible_path,0,0,0,14.2640308474,946304.441042,0,False
f16e25e3,pf_gr_path,0,0,0,4.29997383425,85995.9434099,0,False
f16e25e3,trellis_gr_path,0,0,0,4.95338772488,114117.168331,0,False
f16e25e3,e006_nested_fusion,0,0,0,4.1861452465,81503.2497274,0,False
f16e25e3,wide64_anchor,0,0,0,4.14483527895,79902.5962862,0,False
f16e25e3,e006_affine,5,0,0,3.8541305052,69087.4513945,325,False
f16e25e3,e006_quadratic,5,0,0,3.8541305052,69087.4513945,7048,False
f16e25e3,wide64_quadratic,5,0,0,3.89091491778,70412.5070918,7048,False
f16e25e3,pf_quadratic,5,0,0,3.98083303404,73704.5441805,7048,False
f16e25e3,trellis_quadratic,5,0,0,4.74264816486,104613.601724,7048,False
f16e25e3,e006_hinge_025,5,10,-30,3.38059045808,53153.4504723,7714,False
f16e25e3,e006_hinge_050,5,0,-10,3.63118553103,61325.799386,7871,False
f16e25e3,e006_hinge_075,5,0,-10,3.81236458066,67598.2093093,8003,False
f16e25e3,e006_jump_025,5,0,0,3.8541305052,69087.4513945,6059,False
f16e25e3,e006_jump_050,5,10,-10,3.44601584715,55230.7422926,6542,False
f16e25e3,e006_jump_075,5,0,0,3.8541305052,69087.4513945,6065,False
f16e25e3,dtw_derivative,0,0,0,47.4036590687,10451294.1598,0,False
f2d4c8c9,last_known_tvt,0,0,0,4.22955194241,111789.0461,0,False
f2d4c8c9,e004_geometry_prefix,0,0,0,4.29382296613,115212.285987,0,False
f2d4c8c9,align_visible_path,0,0,0,13.2714231266,1100640.56812,0,False
f2d4c8c9,pf_gr_path,0,0,0,3.80026383698,90248.0906866,0,False
f2d4c8c9,trellis_gr_path,0,0,0,4.87350829678,148420.518409,0,False
f2d4c8c9,e006_nested_fusion,0,0,0,5.28974118847,174855.530145,0,False
f2d4c8c9,wide64_anchor,0,0,0,3.57777697157,79990.2498761,0,False
f2d4c8c9,e006_affine,-5,0,0,3.28344533218,67370.5517955,275,False
f2d4c8c9,e006_quadratic,-5,0,0,3.28344533218,67370.5517955,5932,False
f2d4c8c9,wide64_quadratic,0,0,0,3.57777697157,79990.2498761,6490,False
f2d4c8c9,pf_quadratic,0,0,0,3.80026383698,90248.0906866,6490,False
f2d4c8c9,trellis_quadratic,0,0,10,4.55088843681,129420.449191,6491,False
f2d4c8c9,e006_hinge_025,-5,-20,50,3.0605839665,58535.4716757,6417,True
f2d4c8c9,e006_hinge_050,-5,-10,40,3.07273614664,59001.2297105,6605,False
f2d4c8c9,e006_hinge_075,-5,0,10,3.22859008341,65138.288248,6755,False
f2d4c8c9,e006_jump_025,-5,0,0,3.28344533218,67370.5517955,5119,False
f2d4c8c9,e006_jump_050,-5,0,0,3.28344533218,67370.5517955,5430,False
f2d4c8c9,e006_jump_075,-5,0,0,3.28344533218,67370.5517955,5113,False
f2d4c8c9,dtw_derivative,0,0,0,23.1252535678,3341823.67623,0,False
f321a31c,last_known_tvt,0,0,0,12.5572815319,810660.2274,0,False
f321a31c,e004_geometry_prefix,0,0,0,14.0029935929,1008066.96778,0,False
f321a31c,align_visible_path,0,0,0,23.8505927783,2924461.83879,0,False
f321a31c,pf_gr_path,0,0,0,11.5964822248,691353.45435,0,False
f321a31c,trellis_gr_path,0,0,0,13.9017976589,993549.547665,0,False
f321a31c,e006_nested_fusion,0,0,0,11.1229610468,636045.869244,0,False
f321a31c,wide64_anchor,0,0,0,11.5228388692,682600.46803,0,False
f321a31c,e006_affine,0,-10,0,10.6896088932,587450.442543,299,False
f321a31c,e006_quadratic,0,-10,0,10.6896088932,587450.442543,6465,False
f321a31c,wide64_quadratic,-5,-10,0,10.584016687,575902.06486,5907,False
f321a31c,pf_quadratic,5,-10,0,10.6060916013,578306.869519,7023,False
f321a31c,trellis_quadratic,-10,-10,-10,9.25489329159,440342.329221,5350,False
f321a31c,e006_hinge_025,0,-10,10,10.4601933602,562505.831633,7053,False
f321a31c,e006_hinge_050,0,-10,10,10.5495976623,572162.509706,7225,False
f321a31c,e006_hinge_075,0,0,-90,9.53233082006,467138.665967,7370,False
f321a31c,e006_jump_025,0,-10,0,10.6896088932,587450.442543,5567,False
f321a31c,e006_jump_050,0,-40,20,7.62239510587,298696.763658,5876,True
f321a31c,e006_jump_075,0,0,-10,9.89030475076,502882.996371,5588,False
f321a31c,dtw_derivative,0,0,0,22.6776086907,2643882.30462,0,False
f40cd091,last_known_tvt,0,0,0,7.72876068429,308584.5097,0,False
f40cd091,e004_geometry_prefix,0,0,0,9.45737428541,462057.001982,0,False
f40cd091,align_visible_path,0,0,0,26.270733251,3565322.26436,0,False
f40cd091,pf_gr_path,0,0,0,14.4796666704,1083107.41841,0,False
f40cd091,trellis_gr_path,0,0,0,10.8969378905,613427.657336,0,False
f40cd091,e006_nested_fusion,0,0,0,12.2136564322,770629.802187,0,False
f40cd091,wide64_anchor,0,0,0,10.2345135253,541114.049834,0,False
f40cd091,e006_affine,10,10,0,5.62371272873,163380.664322,351,False
f40cd091,e006_quadratic,10,10,0,5.62371272873,163380.664322,7629,False
f40cd091,wide64_quadratic,5,10,0,5.3763016386,149321.263351,7073,False
f40cd091,pf_quadratic,10,10,0,5.80491657045,174078.99331,7629,False
f40cd091,trellis_quadratic,5,10,0,5.94469974582,182563.624881,7073,False
f40cd091,e006_hinge_025,10,30,-40,4.78698847512,118380.226243,8377,True
f40cd091,e006_hinge_050,10,20,-30,5.40211158185,150758.394098,8541,False
f40cd091,e006_hinge_075,10,10,10,5.56597118863,160042.862219,8655,False
f40cd091,e006_jump_025,10,10,0,5.62371272873,163380.664322,6550,False
f40cd091,e006_jump_050,10,10,0,5.62371272873,163380.664322,7078,False
f40cd091,e006_jump_075,10,10,0,5.62371272873,163380.664322,6564,False
f40cd091,dtw_derivative,0,0,0,31.1766944145,5021281.09465,0,False
f439a621,last_known_tvt,0,0,0,6.65613263852,124981.8709,0,False
f439a621,e004_geometry_prefix,0,0,0,6.34996594436,113748.552402,0,False
f439a621,align_visible_path,0,0,0,8.38906906569,198532.049484,0,False
f439a621,pf_gr_path,0,0,0,8.63618568103,210400.626493,0,False
f439a621,trellis_gr_path,0,0,0,6.78745218747,129962.079803,0,False
f439a621,e006_nested_fusion,0,0,0,7.43540740551,155959.784149,0,False
f439a621,wide64_anchor,0,0,0,10.3415536774,301699.553278,0,False
f439a621,e006_affine,-5,0,0,6.11024530374,105322.310532,275,False
f439a621,e006_quadratic,-5,0,0,6.11024530374,105322.310532,5932,False
f439a621,wide64_quadratic,-10,0,0,6.28368850155,111386.454881,5376,False
f439a621,pf_quadratic,-5,0,0,6.46036387465,117738.106229,5932,False
f439a621,trellis_quadratic,0,0,10,6.70678043409,126891.129595,6491,False
f439a621,e006_hinge_025,-5,-10,20,5.92194770557,98930.959714,6439,False
f439a621,e006_hinge_050,-5,-10,30,5.88952997816,97850.795249,6604,False
f439a621,e006_hinge_075,-5,0,-30,5.74550209428,93123.4507638,6751,True
f439a621,e006_jump_025,-5,10,-10,5.91231714623,98609.44868,5140,False
f439a621,e006_jump_050,-5,0,0,6.11024530374,105322.310532,5430,False
f439a621,e006_jump_075,-5,0,0,6.11024530374,105322.310532,5113,False
f439a621,dtw_derivative,0,0,0,6.42757804521,116546.115626,0,False
f49fdea3,last_known_tvt,0,0,0,12.4062694649,829758.5793,0,False
f49fdea3,e004_geometry_prefix,0,0,0,12.3781077069,825995.814224,0,False
f49fdea3,align_visible_path,0,0,0,22.0142791293,2612632.16577,0,False
f49fdea3,pf_gr_path,0,0,0,7.81181551638,328982.872819,0,False
f49fdea3,trellis_gr_path,0,0,0,15.9502726361,1371530.76392,0,False
f49fdea3,e006_nested_fusion,0,0,0,3.93333659706,83404.8984121,0,False
f49fdea3,wide64_anchor,0,0,0,2.81239543604,42640.481566,0,True
f49fdea3,e006_affine,5,0,0,3.5546133556,68116.7734972,325,False
f49fdea3,e006_quadratic,5,0,0,3.5546133556,68116.7734972,7048,False
f49fdea3,wide64_quadratic,0,0,0,2.81239543604,42640.481566,6490,False
f49fdea3,pf_quadratic,5,0,0,3.81590480749,78499.0491334,7048,False
f49fdea3,trellis_quadratic,15,10,0,5.09320142578,139846.317817,8182,False
f49fdea3,e006_hinge_025,5,0,0,3.5546133556,68116.7734972,7692,False
f49fdea3,e006_hinge_050,5,0,0,3.5546133556,68116.7734972,7872,False
f49fdea3,e006_hinge_075,5,0,0,3.5546133556,68116.7734972,8004,False
f49fdea3,e006_jump_025,5,0,0,3.5546133556,68116.7734972,6059,False
f49fdea3,e006_jump_050,5,0,0,3.5546133556,68116.7734972,6518,False
f49fdea3,e006_jump_075,5,0,0,3.5546133556,68116.7734972,6065,False
f49fdea3,dtw_derivative,0,0,0,34.5842269291,6448006.64357,0,False
f4d12d23,last_known_tvt,0,0,0,16.0628424674,954913.175,0,False
f4d12d23,e004_geometry_prefix,0,0,0,26.1015630893,2521460.19571,0,False
f4d12d23,align_visible_path,0,0,0,16.6936265091,1031384.19145,0,False
f4d12d23,pf_gr_path,0,0,0,23.2561915995,2001687.50699,0,False
f4d12d23,trellis_gr_path,0,0,0,23.1419009632,1982061.59428,0,False
f4d12d23,e006_nested_fusion,0,0,0,26.8863345577,2675360.323,0,False
f4d12d23,wide64_anchor,0,0,0,26.1590439814,2532577.94906,0,False
f4d12d23,e006_affine,-25,-10,0,6.96906845941,179749.854125,174,False
f4d12d23,e006_quadratic,-25,-10,20,4.67930500719,81036.7086915,3708,False
f4d12d23,wide64_quadratic,-25,-10,20,4.58598894733,77836.8214071,3708,False
f4d12d23,pf_quadratic,-20,-10,20,4.91914904034,89556.8989672,4251,False
f4d12d23,trellis_quadratic,-20,0,20,6.32827865626,148214.35689,4276,False
f4d12d23,e006_hinge_025,-25,-50,110,3.1010320238,35590.2949664,3929,True
f4d12d23,e006_hinge_050,-25,-20,60,3.73744260599,51697.3342395,4114,False
f4d12d23,e006_hinge_075,-25,-10,60,5.84233310502,126325.700463,4239,False
f4d12d23,e006_jump_025,-25,10,-10,5.0942333523,96045.44097,3271,False
f4d12d23,e006_jump_050,-25,-20,10,6.58001282277,160240.600936,3302,False
f4d12d23,e006_jump_075,-25,-20,10,4.98639537267,92022.1777455,3177,False
f4d12d23,dtw_derivative,0,0,0,44.135365818,7209290.8393,0,False
f56d3ace,last_known_tvt,0,0,0,6.90314793936,258853.5484,0,False
f56d3ace,e004_geometry_prefix,0,0,0,4.44684762696,107414.833136,0,False
f56d3ace,align_visible_path,0,0,0,4.44684762696,107414.833136,0,False
f56d3ace,pf_gr_path,0,0,0,4.33503636047,102081.07862,0,False
f56d3ace,trellis_gr_path,0,0,0,3.65553333336,72587.4029035,0,True
f56d3ace,e006_nested_fusion,0,0,0,4.48038224647,109041.017804,0,False
f56d3ace,wide64_anchor,0,0,0,7.08770890722,272879.874551,0,False
f56d3ace,e006_affine,0,0,0,4.48038224647,109041.017804,300,False
f56d3ace,e006_quadratic,0,0,-10,4.33215679682,101945.508206,6489,False
f56d3ace,wide64_quadratic,5,0,-10,4.229256773,97160.081012,7047,False
f56d3ace,pf_quadratic,0,0,-10,4.18166207199,94985.5690213,6489,False
f56d3ace,trellis_quadratic,0,0,0,3.65553333336,72587.4029035,6490,False
f56d3ace,e006_hinge_025,0,20,-50,3.84537927501,80322.6676873,7122,False
f56d3ace,e006_hinge_050,0,10,-40,4.4188723325,106067.582377,7270,False
f56d3ace,e006_hinge_075,0,0,-20,4.37060145699,103762.917345,7377,False
f56d3ace,e006_jump_025,0,0,0,4.48038224647,109041.017804,5589,False
f56d3ace,e006_jump_050,0,0,0,4.48038224647,109041.017804,5974,False
f56d3ace,e006_jump_075,0,0,0,4.48038224647,109041.017804,5589,False
f56d3ace,dtw_derivative,0,0,0,7.80633725789,331020.112318,0,False
f5859199,last_known_tvt,0,0,0,15.9215732531,1467744.7052,0,False
f5859199,e004_geometry_prefix,0,0,0,15.0704246971,1315011.48619,0,False
f5859199,align_visible_path,0,0,0,7.57281110032,332041.839495,0,False
f5859199,pf_gr_path,0,0,0,12.9398310823,969473.132657,0,False
f5859199,trellis_gr_path,0,0,0,15.1683406141,1332154.84495,0,False
f5859199,e006_nested_fusion,0,0,0,15.1192280964,1323542.22716,0,False
f5859199,wide64_anchor,0,0,0,17.8476720859,1844343.11954,0,False
f5859199,e006_affine,15,0,0,6.88315867177,274317.886411,375,False
f5859199,e006_quadratic,15,0,-10,6.2352856658,225108.178665,8156,False
f5859199,wide64_quadratic,15,0,-10,6.2525265141,226354.768417,8156,False
f5859199,pf_quadratic,10,0,-10,6.14963794877,218966.491557,7603,False
f5859199,trellis_quadratic,15,0,-10,6.27721849422,228146.10302,8156,False
f5859199,e006_hinge_025,15,30,-70,5.94545788436,204667.638143,8983,True
f5859199,e006_hinge_050,15,10,-40,6.24264816444,225640.098848,9134,False
f5859199,e006_hinge_075,15,0,-10,6.84428121267,271227.832992,9253,False
f5859199,e006_jump_025,15,0,0,6.88315867177,274317.886411,6997,False
f5859199,e006_jump_050,15,0,0,6.88315867177,274317.886411,7578,False
f5859199,e006_jump_075,15,0,0,6.88315867177,274317.886411,7017,False
f5859199,dtw_derivative,0,0,0,13.3402367501,1030399.49682,0,False
f5d8aab6,last_known_tvt,0,0,0,15.6985479787,1095198.952,0,False
f5d8aab6,e004_geometry_prefix,0,0,0,12.0421402792,644438.405292,0,False
f5d8aab6,align_visible_path,0,0,0,6.23675840581,172858.958653,0,False
f5d8aab6,pf_gr_path,0,0,0,7.05744073055,221344.395192,0,False
f5d8aab6,trellis_gr_path,0,0,0,11.1215863466,549676.950656,0,False
f5d8aab6,e006_nested_fusion,0,0,0,9.53870032118,404345.356164,0,False
f5d8aab6,wide64_anchor,0,0,0,13.6504766994,828075.024755,0,False
f5d8aab6,e006_affine,-5,-10,0,4.66403219673,96671.2045001,274,False
f5d8aab6,e006_quadratic,-5,-10,0,4.66403219673,96671.2045001,5907,False
f5d8aab6,wide64_quadratic,-10,-10,0,4.58122366904,93268.9401988,5351,False
f5d8aab6,pf_quadratic,-5,-10,0,4.19348244689,78149.0511239,5907,True
f5d8aab6,trellis_quadratic,-10,-10,0,5.05317168846,113475.514038,5351,False
f5d8aab6,e006_hinge_025,-5,-20,30,4.43452306419,87391.2369216,6415,False
f5d8aab6,e006_hinge_050,-5,-10,10,4.57522640617,93024.9039912,6602,False
f5d8aab6,e006_hinge_075,-5,-10,20,4.55607321075,92247.6769839,6731,False
f5d8aab6,e006_jump_025,-5,-10,0,4.66403219673,96671.2045001,5097,False
f5d8aab6,e006_jump_050,-5,-20,10,4.62657008234,95124.4898298,5381,False
f5d8aab6,e006_jump_075,-5,-10,0,4.66403219673,96671.2045001,5091,False
f5d8aab6,dtw_derivative,0,0,0,27.7088998686,3412028.23828,0,False
f631da6e,last_known_tvt,0,0,0,8.78266421375,315714.3355,0,False
f631da6e,e004_geometry_prefix,0,0,0,9.31192444719,354911.957773,0,False
f631da6e,align_visible_path,0,0,0,18.219197925,1358627.03522,0,False
f631da6e,pf_gr_path,0,0,0,10.4366555621,445825.028765,0,False
f631da6e,trellis_gr_path,0,0,0,11.0713508341,501698.694427,0,False
f631da6e,e006_nested_fusion,0,0,0,9.85786748351,397747.717563,0,False
f631da6e,wide64_anchor,0,0,0,6.23867088902,159303.712191,0,False
f631da6e,e006_affine,-10,0,0,6.14961645277,154788.183839,250,False
f631da6e,e006_quadratic,-10,0,10,5.03479602496,103754.156956,5377,False
f631da6e,wide64_quadratic,0,0,10,5.14318995939,108269.685309,6491,False
f631da6e,pf_quadratic,-10,0,10,4.78999042899,93909.8260123,5377,True
f631da6e,trellis_quadratic,-10,-10,20,5.53128682665,125225.883293,5353,False
f631da6e,e006_hinge_025,-10,-30,70,5.2743063583,113860.332848,5780,False
f631da6e,e006_hinge_050,-10,-10,40,5.42003299022,120239.068918,5983,False
f631da6e,e006_hinge_075,-10,-10,100,4.94648529216,100146.364639,6114,False
f631da6e,e006_jump_025,-10,10,-10,5.78128708869,136801.486685,4671,False
f631da6e,e006_jump_050,-10,0,0,6.14961645277,154788.183839,4895,False
f631da6e,e006_jump_075,-10,-10,10,5.24981374283,112805.307961,4615,False
f631da6e,dtw_derivative,0,0,0,15.5196403981,985836.861487,0,False
f6824bb0,last_known_tvt,0,0,0,20.8374235428,2177504.0728,0,False
f6824bb0,e004_geometry_prefix,0,0,0,24.0845510757,2909028.9866,0,False
f6824bb0,align_visible_path,0,0,0,15.7316490882,1241136.18691,0,False
f6824bb0,pf_gr_path,0,0,0,18.7023605621,1754138.12734,0,False
f6824bb0,trellis_gr_path,0,0,0,21.5539486421,2329832.10087,0,False
f6824bb0,e006_nested_fusion,0,0,0,21.5489595976,2328753.66358,0,False
f6824bb0,wide64_anchor,0,0,0,19.3726702181,1882131.26216,0,False
f6824bb0,e006_affine,-20,-10,0,6.55667233488,215594.609816,199,False
f6824bb0,e006_quadratic,-20,-10,10,5.03839723898,127308.01539,4250,False
f6824bb0,wide64_quadratic,-15,-10,10,5.19460827768,135324.53512,4799,False
f6824bb0,pf_quadratic,-15,-10,10,4.8708789904,118983.192628,4799,False
f6824bb0,trellis_quadratic,-20,-10,10,5.85537862773,171941.576253,4250,False
f6824bb0,e006_hinge_025,-20,-50,90,4.88069588438,119463.279464,4521,False
f6824bb0,e006_hinge_050,-20,-30,60,4.93499257092,122136.07065,4700,False
f6824bb0,e006_hinge_075,-20,-20,90,4.28745212592,92186.9623463,4839,True
f6824bb0,e006_jump_025,-20,0,-10,4.44743654072,99195.1542953,3713,False
f6824bb0,e006_jump_050,-20,-10,0,6.55667233488,215594.609816,3830,False
f6824bb0,e006_jump_075,-20,-20,10,5.72791434358,164537.148678,3647,False
f6824bb0,dtw_derivative,0,0,0,42.4045675077,9017708.93774,0,False
f6bc699b,last_known_tvt,0,0,0,10.6221570359,423338.9858,0,False
f6bc699b,e004_geometry_prefix,0,0,0,10.4443580474,409285.475565,0,False
f6bc699b,align_visible_path,0,0,0,10.4443580474,409285.475565,0,False
f6bc699b,pf_gr_path,0,0,0,9.37438528329,329722.381097,0,False
f6bc699b,trellis_gr_path,0,0,0,11.0152823624,455254.343602,0,False
f6bc699b,e006_nested_fusion,0,0,0,9.76996786724,358136.92502,0,False
f6bc699b,wide64_anchor,0,0,0,8.42909762102,266578.424516,0,False
f6bc699b,e006_affine,5,0,0,8.26798096851,256484.878877,325,False
f6bc699b,e006_quadratic,5,0,-10,8.19549832165,252007.555161,7047,False
f6bc699b,wide64_quadratic,0,0,-10,8.35801233244,262101.1008,6489,False
f6bc699b,pf_quadratic,5,0,-10,8.25118917721,255444.124889,7047,False
f6bc699b,trellis_quadratic,5,0,-10,9.44624898353,334797.03771,7047,False
f6bc699b,e006_hinge_025,5,40,-100,6.68035939893,167441.260774,7782,False
f6bc699b,e006_hinge_050,5,0,-10,7.96414751244,237980.526291,7871,False
f6bc699b,e006_hinge_075,5,-10,60,8.03988097873,242528.102443,7985,False
f6bc699b,e006_jump_025,5,-10,10,7.46823488357,209266.0451,6038,False
f6bc699b,e006_jump_050,5,30,-20,3.40963770071,43619.3609463,6591,True
f6bc699b,e006_jump_075,5,0,0,8.26798096851,256484.878877,6065,False
f6bc699b,dtw_derivative,0,0,0,16.1448318702,977979.796626,0,False
f6d009f4,last_known_tvt,0,0,0,47.039248653,14858219.4864,0,False
f6d009f4,e004_geometry_prefix,0,0,0,26.9038533216,4860433.32766,0,False
f6d009f4,align_visible_path,0,0,0,30.0442893025,6061357.33173,0,False
f6d009f4,pf_gr_path,0,0,0,27.3104369651,5008449.67991,0,False
f6d009f4,trellis_gr_path,0,0,0,28.5741146423,5482663.38526,0,False
f6d009f4,e006_nested_fusion,0,0,0,27.617678935,5121773.51422,0,False
f6d009f4,wide64_anchor,0,0,0,30.7970490213,6368897.00385,0,False
f6d009f4,e006_affine,10,20,0,22.6168851714,3434880.26796,352,False
f6d009f4,e006_quadratic,10,20,20,22.1974278849,3308653.7786,7656,False
f6d009f4,wide64_quadratic,15,20,20,22.2498526089,3324300.64459,8209,False
f6d009f4,pf_quadratic,10,20,20,22.2362444899,3320235.57094,7656,False
f6d009f4,trellis_quadratic,10,20,10,23.364688075,3665776.57698,7655,False
f6d009f4,e006_hinge_025,10,70,-110,21.8113603212,3194563.47329,8470,False
f6d009f4,e006_hinge_050,10,10,50,22.2313460045,3318772.88382,8524,False
f6d009f4,e006_hinge_075,10,10,120,19.7265405076,2613050.92867,8666,False
f6d009f4,e006_jump_025,10,20,0,22.6168851714,3434880.26796,6572,False
f6d009f4,e006_jump_050,10,100,-50,11.2205605531,845425.074832,7277,True
f6d009f4,e006_jump_075,10,0,20,20.0575651725,2701484.25715,6544,False
f6d009f4,dtw_derivative,0,0,0,33.4016699732,7491734.50525,0,False
f72b268f,last_known_tvt,0,0,0,12.9381239722,1071997.9125,0,False
f72b268f,e004_geometry_prefix,0,0,0,9.7612822725,610189.972788,0,False
f72b268f,align_visible_path,0,0,0,9.7612822725,610189.972788,0,False
f72b268f,pf_gr_path,0,0,0,9.67155423673,599023.508511,0,False
f72b268f,trellis_gr_path,0,0,0,10.10739176,654228.593887,0,False
f72b268f,e006_nested_fusion,0,0,0,9.75988940513,610015.845447,0,False
f72b268f,wide64_anchor,0,0,0,9.34968208926,559815.61931,0,False
f72b268f,e006_affine,5,20,0,4.77880635244,146248.084947,327,False
f72b268f,e006_quadratic,5,20,0,4.77880635244,146248.084947,7098,False
f72b268f,wide64_quadratic,0,20,0,4.32424912413,119749.231642,6540,False
f72b268f,pf_quadratic,5,20,0,4.91259057256,154551.22944,7098,False
f72b268f,trellis_quadratic,5,10,0,4.82354597643,148999.279418,7073,False
f72b268f,e006_hinge_025,5,20,-10,3.82752430692,93818.2306177,7741,False
f72b268f,e006_hinge_050,5,20,-20,3.83410252473,94140.9912578,7920,False
f72b268f,e006_hinge_075,5,20,-50,3.59421115192,82729.1377646,8049,True
f72b268f,e006_jump_025,5,20,0,4.77880635244,146248.084947,6103,False
f72b268f,e006_jump_050,5,20,0,4.77880635244,146248.084947,6568,False
f72b268f,e006_jump_075,5,20,0,4.77880635244,146248.084947,6109,False
f72b268f,dtw_derivative,0,0,0,82.1245165695,43191369.5643,0,False
f8662c22,last_known_tvt,0,0,0,15.6292072507,1326153.3356,0,False
f8662c22,e004_geometry_prefix,0,0,0,9.19756205036,459267.056702,0,False
f8662c22,align_visible_path,0,0,0,17.2515833587,1615763.38998,0,False
f8662c22,pf_gr_path,0,0,0,10.6244649305,612821.475719,0,False
f8662c22,trellis_gr_path,0,0,0,10.4651410679,594579.615036,0,False
f8662c22,e006_nested_fusion,0,0,0,9.7873623926,520057.279477,0,False
f8662c22,wide64_anchor,0,0,0,10.0382526029,547061.411671,0,False
f8662c22,e006_affine,5,0,0,7.41686942728,298649.029958,325,False
f8662c22,e006_quadratic,5,0,-10,7.02214368371,267706.714895,7047,False
f8662c22,wide64_quadratic,5,0,-10,7.11383779892,274743.710397,7047,False
f8662c22,pf_quadratic,10,0,-10,7.19958767562,281407.126393,7603,False
f8662c22,trellis_quadratic,5,0,-10,7.85568310502,335033.129005,7047,False
f8662c22,e006_hinge_025,5,10,-20,7.32894832987,291610.502583,7715,False
f8662c22,e006_hinge_050,5,10,-30,7.37430799331,295231.291386,7894,False
f8662c22,e006_hinge_075,5,10,-90,6.83358089703,253522.50754,8020,True
f8662c22,e006_jump_025,5,0,0,7.41686942728,298649.029958,6059,False
f8662c22,e006_jump_050,5,0,0,7.41686942728,298649.029958,6518,False
f8662c22,e006_jump_075,5,0,0,7.41686942728,298649.029958,6065,False
f8662c22,dtw_derivative,0,0,0,18.8794250453,1935073.07423,0,False
f88ddb26,last_known_tvt,0,0,0,51.4030848565,13184962.8925,0,False
f88ddb26,e004_geometry_prefix,0,0,0,49.5828336645,12267702.3971,0,False
f88ddb26,align_visible_path,0,0,0,49.5828336645,12267702.3971,0,False
f88ddb26,pf_gr_path,0,0,0,38.7552721572,7494835.8887,0,False
f88ddb26,trellis_gr_path,0,0,0,51.6246272491,13298859.6717,0,False
f88ddb26,e006_nested_fusion,0,0,0,44.9553610658,10084712.5979,0,False
f88ddb26,wide64_anchor,0,0,0,40.4934203126,8182188.27219,0,False
f88ddb26,e006_affine,-40,-20,0,17.8129043889,1583324.81821,98,False
f88ddb26,e006_quadratic,-40,-20,50,7.34780645327,269411.395777,2109,True
f88ddb26,wide64_quadratic,-35,-20,50,7.35837903203,270187.252476,2625,False
f88ddb26,pf_quadratic,-35,-20,50,7.72879346,298073.899253,2625,False
f88ddb26,trellis_quadratic,-45,-20,60,8.83171150081,389215.648887,1606,False
f88ddb26,e006_hinge_025,-40,-70,120,14.5676586008,1058961.21878,2162,False
f88ddb26,e006_hinge_050,-40,-50,120,9.55606792596,455678.986686,2270,False
f88ddb26,e006_hinge_075,-40,-30,120,14.3145219898,1022478.64358,2367,False
f88ddb26,e006_jump_025,-40,10,-30,9.4305740133,443789.27384,1906,False
f88ddb26,e006_jump_050,-40,-20,0,17.8129043889,1583324.81821,1859,False
f88ddb26,e006_jump_075,-40,-50,30,8.22711709223,337750.42369,1758,False
f88ddb26,dtw_derivative,0,0,0,20.6411086492,2126016.27768,0,False
f8afa78a,last_known_tvt,0,0,0,14.7209468432,1307172.2566,0,False
f8afa78a,e004_geometry_prefix,0,0,0,12.7530324232,981043.490674,0,False
f8afa78a,align_visible_path,0,0,0,32.4217032773,6340638.3994,0,False
f8afa78a,pf_gr_path,0,0,0,24.0083452237,3476848.66279,0,False
f8afa78a,trellis_gr_path,0,0,0,14.4080178697,1252188.78493,0,False
f8afa78a,e006_nested_fusion,0,0,0,16.2160090117,1586168.37596,0,False
f8afa78a,wide64_anchor,0,0,0,15.6870019187,1484366.80012,0,False
f8afa78a,e006_affine,15,0,0,5.8266741911,204787.197004,375,False
f8afa78a,e006_quadratic,15,0,0,5.8266741911,204787.197004,8157,False
f8afa78a,wide64_quadratic,15,0,0,5.84133431628,205818.997539,8157,False
f8afa78a,pf_quadratic,25,10,0,6.19698785897,231644.836218,9274,False
f8afa78a,trellis_quadratic,10,0,0,7.60667574575,349020.663915,7604,False
f8afa78a,e006_hinge_025,15,20,-40,5.08575127084,156016.871645,8961,False
f8afa78a,e006_hinge_050,15,0,10,5.55582377058,186190.816307,9114,False
f8afa78a,e006_hinge_075,15,0,50,4.97649239603,149385.354657,9259,False
f8afa78a,e006_jump_025,15,0,0,5.8266741911,204787.197004,6997,False
f8afa78a,e006_jump_050,15,20,-10,4.86147109389,142559.692019,7627,True
f8afa78a,e006_jump_075,15,0,0,5.8266741911,204787.197004,7017,False
f8afa78a,dtw_derivative,0,0,0,15.7391142154,1494245.32863,0,False
f8f59188,last_known_tvt,0,0,0,6.9242610085,230473.4922,0,False
f8f59188,e004_geometry_prefix,0,0,0,5.82499104508,163104.012886,0,False
f8f59188,align_visible_path,0,0,0,14.1204472636,958453.457656,0,False
f8f59188,pf_gr_path,0,0,0,4.99855502669,120105.55017,0,False
f8f59188,trellis_gr_path,0,0,0,5.5896273564,150189.590658,0,False
f8f59188,e006_nested_fusion,0,0,0,5.25938942186,132967.278276,0,False
f8f59188,wide64_anchor,0,0,0,5.08986841381,124533.797579,0,False
f8f59188,e006_affine,0,0,0,5.25938942186,132967.278276,300,False
f8f59188,e006_quadratic,0,0,0,5.25938942186,132967.278276,6490,False
f8f59188,wide64_quadratic,0,0,0,5.08986841381,124533.797579,6490,False
f8f59188,pf_quadratic,0,0,0,4.99855502669,120105.55017,6490,False
f8f59188,trellis_quadratic,5,0,-10,4.68788699775,105639.999609,7047,False
f8f59188,e006_hinge_025,0,0,10,4.8772473937,114346.715064,7078,False
f8f59188,e006_hinge_050,0,0,10,4.9663842965,118564.525117,7250,False
f8f59188,e006_hinge_075,0,10,-70,4.37588274347,92046.1174144,7397,False
f8f59188,e006_jump_025,0,0,0,5.25938942186,132967.278276,5589,False
f8f59188,e006_jump_050,0,-10,10,4.2466472025,86689.4979072,5950,True
f8f59188,e006_jump_075,0,0,0,5.25938942186,132967.278276,5589,False
f8f59188,dtw_derivative,0,0,0,6.3187582322,191927.673805,0,False
f9fc81aa,last_known_tvt,0,0,0,8.63906748723,417798.2605,0,False
f9fc81aa,e004_geometry_prefix,0,0,0,8.67007251495,420802.541206,0,False
f9fc81aa,align_visible_path,0,0,0,23.3678252166,3056817.31947,0,False
f9fc81aa,pf_gr_path,0,0,0,9.03815666927,457290.968926,0,False
f9fc81aa,trellis_gr_path,0,0,0,9.29332975328,483476.744302,0,False
f9fc81aa,e006_nested_fusion,0,0,0,9.26680929815,480721.278074,0,False
f9fc81aa,wide64_anchor,0,0,0,8.66395511237,420208.933623,0,False
f9fc81aa,e006_affine,5,-10,0,8.08762377164,366163.267005,324,False
f9fc81aa,e006_quadratic,5,-10,-20,6.48578841513,235482.396746,7021,False
f9fc81aa,wide64_quadratic,0,-10,-20,6.28959959111,221451.634766,6463,False
f9fc81aa,pf_quadratic,0,-10,-20,6.57339310017,241886.763363,6463,False
f9fc81aa,trellis_quadratic,5,0,-20,6.81418471889,259932.568719,7046,False
f9fc81aa,e006_hinge_025,5,20,-60,7.18880380679,289298.483166,7736,False
f9fc81aa,e006_hinge_050,5,10,-70,5.16594319643,149393.653071,7890,True
f9fc81aa,e006_hinge_075,5,0,-80,7.21499706315,291410.510314,7996,False
f9fc81aa,e006_jump_025,5,-20,10,6.5857222979,242794.99036,6016,False
f9fc81aa,e006_jump_050,5,-10,0,8.08762377164,366163.267005,6493,False
f9fc81aa,e006_jump_075,5,0,-10,6.42214164455,230883.370688,6064,False
f9fc81aa,dtw_derivative,0,0,0,50.3891180881,14213675.9151,0,False
fa16d114,last_known_tvt,0,0,0,20.8151185188,2463568.4378,0,False
fa16d114,e004_geometry_prefix,0,0,0,22.997068185,3007127.21508,0,False
fa16d114,align_visible_path,0,0,0,22.997068185,3007127.21508,0,False
fa16d114,pf_gr_path,0,0,0,25.2270730461,3618600.04949,0,False
fa16d114,trellis_gr_path,0,0,0,20.8047079545,2461104.77428,0,False
fa16d114,e006_nested_fusion,0,0,0,22.2118966963,2805292.46567,0,False
fa16d114,wide64_anchor,0,0,0,29.1212398326,4821993.02097,0,False
fa16d114,e006_affine,-20,-10,0,9.62818126075,527102.857781,199,False
fa16d114,e006_quadratic,-20,-10,20,7.2178983959,296229.553544,4251,False
fa16d114,wide64_quadratic,-25,-10,20,7.16261545768,291709.200266,3708,False
fa16d114,pf_quadratic,-20,-10,20,7.32582527128,305154.632637,4251,False
fa16d114,trellis_quadratic,-20,-10,20,7.48492471588,318553.021242,4251,False
fa16d114,e006_hinge_025,-20,-40,60,8.66990881696,427401.375234,4543,False
fa16d114,e006_hinge_050,-20,-40,100,6.32846599544,227721.35383,4679,True
fa16d114,e006_hinge_075,-20,-20,100,7.02769202609,280822.756344,4840,False
fa16d114,e006_jump_025,-20,10,-20,6.59816620675,247544.543402,3734,False
fa16d114,e006_jump_050,-20,-10,0,9.62818126075,527102.857781,3830,False
fa16d114,e006_jump_075,-20,-30,10,7.6425248597,332108.94691,3626,False
fa16d114,dtw_derivative,0,0,0,49.6204448531,14000004.0806,0,False
fa31da94,last_known_tvt,0,0,0,5.18829707675,135318.9303,0,False
fa31da94,e004_geometry_prefix,0,0,0,7.6848285953,296877.48064,0,False
fa31da94,align_visible_path,0,0,0,15.5471560276,1215096.58237,0,False
fa31da94,pf_gr_path,0,0,0,15.0030021276,1131527.79617,0,False
fa31da94,trellis_gr_path,0,0,0,8.54681712444,367212.713033,0,False
fa31da94,e006_nested_fusion,0,0,0,9.02725060524,409656.531293,0,False
fa31da94,wide64_anchor,0,0,0,11.8509110814,706012.457819,0,False
fa31da94,e006_affine,-5,-10,0,4.51610756069,102526.808641,274,False
fa31da94,e006_quadratic,-5,-10,0,4.51610756069,102526.808641,5907,False
fa31da94,wide64_quadratic,-10,-10,0,4.13231112937,85841.028222,5351,True
fa31da94,pf_quadratic,-15,-10,0,4.20219335672,88768.9226193,4798,False
fa31da94,trellis_quadratic,-5,0,10,5.25017551903,138565.952164,5933,False
fa31da94,e006_hinge_025,-5,-20,30,4.40815973613,97684.021847,6415,False
fa31da94,e006_hinge_050,-5,-10,10,4.41876690138,98154.6931686,6602,False
fa31da94,e006_hinge_075,-5,-10,30,4.21987459625,89517.506264,6732,False
fa31da94,e006_jump_025,-5,-10,0,4.51610756069,102526.808641,5097,False
fa31da94,e006_jump_050,-5,-10,0,4.51610756069,102526.808641,5405,False
fa31da94,e006_jump_075,-5,-10,0,4.51610756069,102526.808641,5091,False
fa31da94,dtw_derivative,0,0,0,26.5494996952,3543411.32055,0,False
fa667be2,last_known_tvt,0,0,0,8.80201599139,565261.1423,0,False
fa667be2,e004_geometry_prefix,0,0,0,8.63565514609,544095.842397,0,False
fa667be2,align_visible_path,0,0,0,8.63565514609,544095.842397,0,False
fa667be2,pf_gr_path,0,0,0,12.4160311797,1124735.52955,0,False
fa667be2,trellis_gr_path,0,0,0,8.78832123318,563503.569352,0,False
fa667be2,e006_nested_fusion,0,0,0,10.7006958179,835427.684636,0,False
fa667be2,wide64_anchor,0,0,0,10.4192953996,792066.284489,0,False
fa667be2,e006_affine,-10,-10,0,4.83787291428,170762.984586,249,False
fa667be2,e006_quadratic,-10,-10,-10,3.89402041028,110632.129597,5350,False
fa667be2,wide64_quadratic,-10,-10,-10,3.96168189776,114510.161557,5350,False
fa667be2,pf_quadratic,-10,-10,-10,3.47268261746,87986.2912016,5350,False
fa667be2,trellis_quadratic,-5,0,-10,4.87813999263,173617.438451,5931,False
fa667be2,e006_hinge_025,-10,10,-40,4.10299437812,122824.970677,5869,False
fa667be2,e006_hinge_050,-10,0,-30,3.23823616535,76507.1215829,6001,False
fa667be2,e006_hinge_075,-10,0,-80,1.89981242385,26333.3597456,6121,True
fa667be2,e006_jump_025,-10,-10,0,4.83787291428,170762.984586,4628,False
fa667be2,e006_jump_050,-10,-20,10,3.9548323122,114114.537114,4846,False
fa667be2,e006_jump_075,-10,10,-10,4.42501268433,142861.059023,4657,False
fa667be2,dtw_derivative,0,0,0,6.97534825375,354990.405873,0,False
fae0c593,last_known_tvt,0,0,0,10.9709562767,529953.3648,0,False
fae0c593,e004_geometry_prefix,0,0,0,10.3033643126,467419.469047,0,False
fae0c593,align_visible_path,0,0,0,10.3033643126,467419.469047,0,False
fae0c593,pf_gr_path,0,0,0,10.1431183047,452993.183901,0,False
fae0c593,trellis_gr_path,0,0,0,9.67461341603,412112.631332,0,False
fae0c593,e006_nested_fusion,0,0,0,10.0403031349,443856.246044,0,False
fae0c593,wide64_anchor,0,0,0,10.0400051759,443829.902414,0,False
fae0c593,e006_affine,0,10,0,7.33963194157,237190.477557,301,False
fae0c593,e006_quadratic,0,10,-10,6.84582727871,206348.141025,6514,False
fae0c593,wide64_quadratic,0,10,-10,6.84539027527,206321.797395,6514,False
fae0c593,pf_quadratic,0,10,-10,7.18304743014,227177.938199,6514,False
fae0c593,trellis_quadratic,0,10,-10,6.9684459705,213806.33039,6514,False
fae0c593,e006_hinge_025,0,0,30,7.21562740321,229243.422653,7080,False
fae0c593,e006_hinge_050,0,20,-40,6.47981107993,184872.951034,7295,False
fae0c593,e006_hinge_075,0,20,-90,6.02172919909,159658.162875,7420,True
fae0c593,e006_jump_025,0,0,10,7.16970549409,226334.792268,5590,False
fae0c593,e006_jump_050,0,0,10,6.80749847136,204043.982032,5975,False
fae0c593,e006_jump_075,0,20,-10,6.99299780034,215315.586291,5632,False
fae0c593,dtw_derivative,0,0,0,34.4547430558,5226930.39173,0,False
fb03ae90,last_known_tvt,0,0,0,42.8875521716,11828809.2462,0,False
fb03ae90,e004_geometry_prefix,0,0,0,43.7468372472,12307556.2813,0,False
fb03ae90,align_visible_path,0,0,0,43.0259120451,11905254.3891,0,False
fb03ae90,pf_gr_path,0,0,0,46.535146965,13926458.4965,0,False
fb03ae90,trellis_gr_path,0,0,0,44.0599991384,12484394.3434,0,False
fb03ae90,e006_nested_fusion,0,0,0,44.656397202,12824660.3989,0,False
fb03ae90,wide64_anchor,0,0,0,39.8586132692,10216987.9118,0,False
fb03ae90,e006_affine,-45,-10,0,10.1666010089,664706.719928,75,False
fb03ae90,e006_quadratic,-45,-10,30,5.84894174423,220005.278681,1628,False
fb03ae90,wide64_quadratic,-40,-10,30,5.857691311,220663.99294,2132,False
fb03ae90,pf_quadratic,-45,-10,30,5.27644954249,179044.95507,1628,True
fb03ae90,trellis_quadratic,-40,-10,20,7.3194263801,344534.410294,2131,False
fb03ae90,e006_hinge_025,-45,-60,110,5.31792026316,181870.454476,1639,False
fb03ae90,e006_hinge_050,-45,-40,110,6.29677589758,254985.205896,1730,False
fb03ae90,e006_hinge_075,-45,-20,90,8.61573112179,477378.421188,1812,False
fb03ae90,e006_jump_025,-45,0,-10,7.77800754962,389058.788673,1447,False
fb03ae90,e006_jump_050,-45,-30,10,9.77089858604,613970.522978,1386,False
fb03ae90,e006_jump_075,-45,-20,10,8.41139616047,455003.445503,1376,False
fb03ae90,dtw_derivative,0,0,0,98.0730307261,61855411.7771,0,False
fb0904bd,last_known_tvt,0,0,0,1.7987576837,10292.2184,0,False
fb0904bd,e004_geometry_prefix,0,0,0,4.86406798318,75259.7795144,0,False
fb0904bd,align_visible_path,0,0,0,4.86406798318,75259.7795144,0,False
fb0904bd,pf_gr_path,0,0,0,8.64934550256,237974.356017,0,False
fb0904bd,trellis_gr_path,0,0,0,5.47088652223,95209.2364977,0,False
fb0904bd,e006_nested_fusion,0,0,0,6.45247451018,132439.113256,0,False
fb0904bd,wide64_anchor,0,0,0,5.96583722154,113215.650951,0,False
fb0904bd,e006_affine,-5,0,0,1.84454969336,10822.9185202,275,False
fb0904bd,e006_quadratic,-5,0,0,1.84454969336,10822.9185202,5932,False
fb0904bd,wide64_quadratic,-5,0,0,1.52754799293,7422.55453176,5932,True
fb0904bd,pf_quadratic,-10,0,0,1.98837649232,12576.5322603,5376,False
fb0904bd,trellis_quadratic,-5,0,0,2.50614946922,19979.1776005,5932,False
fb0904bd,e006_hinge_025,-5,0,0,1.84454969336,10822.9185202,6462,False
fb0904bd,e006_hinge_050,-5,0,0,1.84454969336,10822.9185202,6626,False
fb0904bd,e006_hinge_075,-5,0,-10,1.80700880259,10386.858265,6753,False
fb0904bd,e006_jump_025,-5,0,0,1.84454969336,10822.9185202,5119,False
fb0904bd,e006_jump_050,-5,0,0,1.84454969336,10822.9185202,5430,False
fb0904bd,e006_jump_075,-5,0,0,1.84454969336,10822.9185202,5113,False
fb0904bd,dtw_derivative,0,0,0,28.842009579,2646151.48417,0,False
fb3848a1,last_known_tvt,0,0,0,9.95892397557,587047.407,0,False
fb3848a1,e004_geometry_prefix,0,0,0,8.21229186638,399187.645438,0,False
fb3848a1,align_visible_path,0,0,0,7.21733368935,308320.151148,0,False
fb3848a1,pf_gr_path,0,0,0,6.09505367338,219888.951667,0,False
fb3848a1,trellis_gr_path,0,0,0,5.92486374128,207780.637278,0,False
fb3848a1,e006_nested_fusion,0,0,0,7.36819975952,321344.686394,0,False
fb3848a1,wide64_anchor,0,0,0,7.31695367456,316890.303757,0,False
fb3848a1,e006_affine,5,0,0,5.8748727303,204289.133086,325,False
fb3848a1,e006_quadratic,5,0,0,5.8748727303,204289.133086,7048,False
fb3848a1,wide64_quadratic,5,0,0,5.8830232877,204856.371018,7048,False
fb3848a1,pf_quadratic,0,0,0,6.09505367338,219888.951667,6490,False
fb3848a1,trellis_quadratic,5,0,0,5.2186017973,161196.890131,7048,False
fb3848a1,e006_hinge_025,5,10,-20,5.68690463545,191425.694365,7715,False
fb3848a1,e006_hinge_050,5,0,0,5.8748727303,204289.133086,7872,False
fb3848a1,e006_hinge_075,5,0,30,5.536751894,181450.62387,8007,False
fb3848a1,e006_jump_025,5,0,0,5.8748727303,204289.133086,6059,False
fb3848a1,e006_jump_050,5,20,-10,5.02869481915,149678.320006,6567,True
fb3848a1,e006_jump_075,5,-10,10,5.50567812869,179419.638117,6044,False
fb3848a1,dtw_derivative,0,0,0,23.2005981851,3186006.84863,0,False
fb73b13a,last_known_tvt,0,0,0,9.97793438504,561513.7447,0,False
fb73b13a,e004_geometry_prefix,0,0,0,9.82177805654,544075.708442,0,False
fb73b13a,align_visible_path,0,0,0,13.0341982253,958181.423844,0,False
fb73b13a,pf_gr_path,0,0,0,10.063863713,571226.829978,0,False
fb73b13a,trellis_gr_path,0,0,0,9.11734416919,468830.440905,0,False
fb73b13a,e006_nested_fusion,0,0,0,9.66523351684,526870.407594,0,False
fb73b13a,wide64_anchor,0,0,0,11.1080705349,695915.262889,0,False
fb73b13a,e006_affine,0,10,0,9.6095121894,520812.966283,301,False
fb73b13a,e006_quadratic,0,10,20,6.45146117329,234744.421165,6517,False
fb73b13a,wide64_quadratic,-5,10,20,6.28925344264,223088.558003,5959,False
fb73b13a,pf_quadratic,-5,0,20,6.02790738241,204933.164197,5934,False
fb73b13a,trellis_quadratic,0,0,20,6.12993443665,211929.182555,6492,False
fb73b13a,e006_hinge_025,0,-40,110,6.83208965036,263260.812307,6988,False
fb73b13a,e006_hinge_050,0,-20,100,5.23118720427,154340.402353,7209,True
fb73b13a,e006_hinge_075,0,0,90,7.61288566613,326871.998854,7388,False
fb73b13a,e006_jump_025,0,30,-20,5.32623816752,160000.105417,5653,False
fb73b13a,e006_jump_050,0,10,0,9.6095121894,520812.966283,5999,False
fb73b13a,e006_jump_075,0,-10,10,7.10439101282,284664.176179,5568,False
fb73b13a,dtw_derivative,0,0,0,21.5352935152,2615656.40866,0,False
fba7683c,last_known_tvt,0,0,0,2.55530973904,2657.5504,0,False
fba7683c,e004_geometry_prefix,0,0,0,3.61019091134,5304.62571544,0,False
fba7683c,align_visible_path,0,0,0,9.34718541519,35559.5392006,0,False
fba7683c,pf_gr_path,0,0,0,7.68544660723,24039.8984479,0,False
fba7683c,trellis_gr_path,0,0,0,5.85773736776,13965.4264373,0,False
fba7683c,e006_nested_fusion,0,0,0,3.45551031324,4859.80447064,0,False
fba7683c,wide64_anchor,0,0,0,20.5612364968,172065.129636,0,False
fba7683c,e006_affine,0,0,0,3.45551031324,4859.80447064,300,False
fba7683c,e006_quadratic,0,0,10,2.94488092609,3529.63573323,6491,False
fba7683c,wide64_quadratic,20,0,10,1.71958722423,1203.49095025,8707,True
fba7683c,pf_quadratic,5,0,10,2.6930876152,2951.85740758,7049,False
fba7683c,trellis_quadratic,0,-10,0,4.82181127935,9462.69465357,6465,False
fba7683c,e006_hinge_025,0,-10,20,3.05312034143,3793.86833443,7054,False
fba7683c,e006_hinge_050,0,-10,30,2.61752386755,2788.53249725,7227,False
fba7683c,e006_hinge_075,0,-10,70,3.2975586457,4425.67445988,7361,False
fba7683c,e006_jump_025,0,0,0,3.45551031324,4859.80447064,5589,False
fba7683c,e006_jump_050,0,0,0,3.45551031324,4859.80447064,5974,False
fba7683c,e006_jump_075,0,0,0,3.45551031324,4859.80447064,5589,False
fba7683c,dtw_derivative,0,0,0,19.3936254223,153077.871757,0,False
fbd68d27,last_known_tvt,0,0,0,22.0954366774,3333974.6307,0,False
fbd68d27,e004_geometry_prefix,0,0,0,25.4326876965,4417144.73009,0,False
fbd68d27,align_visible_path,0,0,0,34.9872781699,8359444.68882,0,False
fbd68d27,pf_gr_path,0,0,0,27.5410744933,5179870.14562,0,False
fbd68d27,trellis_gr_path,0,0,0,28.3369034305,5483551.07578,0,False
fbd68d27,e006_nested_fusion,0,0,0,22.9792979445,3606040.70725,0,False
fbd68d27,wide64_anchor,0,0,0,24.6940530944,4164298.64744,0,False
fbd68d27,e006_affine,-20,-10,0,6.29575352389,270677.743409,199,False
fbd68d27,e006_quadratic,-20,-10,10,4.92919887058,165924.223283,4250,False
fbd68d27,wide64_quadratic,-25,-10,10,5.10013596864,177631.76113,3707,False
fbd68d27,pf_quadratic,-25,-10,10,4.99765807281,170565.107247,3707,False
fbd68d27,trellis_quadratic,-25,-20,10,6.27261727943,268691.973331,3682,False
fbd68d27,e006_hinge_025,-20,-40,70,5.8339592488,232425.564848,4544,False
fbd68d27,e006_hinge_050,-20,-30,80,4.35647517974,129606.744147,4702,True
fbd68d27,e006_hinge_075,-20,-20,90,5.72952424228,224178.642685,4839,False
fbd68d27,e006_jump_025,-20,0,-10,5.46145370962,203691.837854,3713,False
fbd68d27,e006_jump_050,-20,-10,0,6.29575352389,270677.743409,3830,False
fbd68d27,e006_jump_075,-20,-20,10,5.57011907097,211878.100528,3647,False
fbd68d27,dtw_derivative,0,0,0,8.32754206986,473577.197843,0,False
fc03f21f,last_known_tvt,0,0,0,12.9091337327,800399.4591,0,False
fc03f21f,e004_geometry_prefix,0,0,0,10.6419376096,543943.765726,0,False
fc03f21f,align_visible_path,0,0,0,18.5680828438,1655948.08348,0,False
fc03f21f,pf_gr_path,0,0,0,17.92941667,1543991.50616,0,False
fc03f21f,trellis_gr_path,0,0,0,14.10465979,955515.677685,0,False
fc03f21f,e006_nested_fusion,0,0,0,12.4698159328,746848.774041,0,False
fc03f21f,wide64_anchor,0,0,0,21.040639583,2126328.99303,0,False
fc03f21f,e006_affine,-10,-10,0,6.84752191935,225205.736562,249,False
fc03f21f,e006_quadratic,-10,-10,-10,6.81448758107,223038.068487,5350,False
fc03f21f,wide64_quadratic,-20,-10,-10,6.80461862089,222392.514467,4248,False
fc03f21f,pf_quadratic,-15,-10,-10,6.78360097632,221020.814315,4797,False
fc03f21f,trellis_quadratic,-10,-20,-10,6.68247422108,214480.182619,5325,False
fc03f21f,e006_hinge_025,-10,-20,30,6.83067150657,224098.725727,5801,False
fc03f21f,e006_hinge_050,-10,0,-30,6.84001981417,224712.538693,6001,False
fc03f21f,e006_hinge_075,-10,0,-100,5.31777119028,135822.550146,6119,False
fc03f21f,e006_jump_025,-10,-10,0,6.84752191935,225205.736562,4628,False
fc03f21f,e006_jump_050,-10,-20,10,5.14849437047,127313.09354,4846,True
fc03f21f,e006_jump_075,-10,-10,0,6.84752191935,225205.736562,4614,False
fc03f21f,dtw_derivative,0,0,0,40.9953972166,8072030.31391,0,False
fc0d20b2,last_known_tvt,0,0,0,11.9320879539,562949.6545,0,False
fc0d20b2,e004_geometry_prefix,0,0,0,10.1918819083,410719.602319,0,False
fc0d20b2,align_visible_path,0,0,0,27.237008874,2933293.29559,0,False
fc0d20b2,pf_gr_path,0,0,0,25.5999173737,2591276.71277,0,False
fc0d20b2,trellis_gr_path,0,0,0,13.0317216196,671491.088139,0,False
fc0d20b2,e006_nested_fusion,0,0,0,13.8820031891,761975.38959,0,False
fc0d20b2,wide64_anchor,0,0,0,15.6370669424,966823.628569,0,False
fc0d20b2,e006_affine,-10,-10,0,5.76390617052,131362.21711,249,False
fc0d20b2,e006_quadratic,-10,-10,-10,4.39885157875,76509.4856677,5350,False
fc0d20b2,wide64_quadratic,-15,-10,-10,4.53460111344,81304.549098,4797,False
fc0d20b2,pf_quadratic,-25,-10,-10,4.2841849089,72572.6662792,3705,False
fc0d20b2,trellis_quadratic,-5,-20,-20,6.07078330505,145722.33689,5880,False
fc0d20b2,e006_hinge_025,-10,10,-50,5.20484387819,107115.440795,5868,False
fc0d20b2,e006_hinge_050,-10,10,-80,3.92352194647,60867.9727323,6021,False
fc0d20b2,e006_hinge_075,-10,-10,-30,5.44213576644,117104.992083,6101,False
fc0d20b2,e006_jump_025,-10,-20,10,4.70692176698,87601.3149059,4607,False
fc0d20b2,e006_jump_050,-10,-10,0,5.76390617052,131362.21711,4870,False
fc0d20b2,e006_jump_075,-10,0,-10,3.25446357029,41878.9219973,4635,True
fc0d20b2,dtw_derivative,0,0,0,67.5909969551,18064018.5055,0,False
fcfcc902,last_known_tvt,0,0,0,8.80765155445,216511.06,0,False
fcfcc902,e004_geometry_prefix,0,0,0,9.82250524287,269280.171406,0,False
fcfcc902,align_visible_path,0,0,0,29.5430396625,2435960.21827,0,False
fcfcc902,pf_gr_path,0,0,0,9.24502923902,238548.348674,0,False
fcfcc902,trellis_gr_path,0,0,0,12.8529764235,461070.417213,0,False
fcfcc902,e006_nested_fusion,0,0,0,9.06841935976,229521.317049,0,False
fcfcc902,wide64_anchor,0,0,0,8.27446620895,191090.813801,0,False
fcfcc902,e006_affine,-10,0,0,2.94414200341,24192.3102323,250,False
fcfcc902,e006_quadratic,-10,0,0,2.94414200341,24192.3102323,5376,False
fcfcc902,wide64_quadratic,-10,0,0,3.40073871023,32277.9813567,5376,False
fcfcc902,pf_quadratic,-10,0,0,2.47835621788,17143.0184737,5376,False
fcfcc902,trellis_quadratic,-10,0,0,5.49030590192,84130.3937806,5376,False
fcfcc902,e006_hinge_025,-10,-10,20,2.35004542548,15413.8933836,5825,True
fcfcc902,e006_hinge_050,-10,0,-10,2.64943001239,19591.3669791,6003,False
fcfcc902,e006_hinge_075,-10,0,-30,2.47194892157,17054.4933351,6126,False
fcfcc902,e006_jump_025,-10,0,0,2.94414200341,24192.3102323,4650,False
fcfcc902,e006_jump_050,-10,0,0,2.94414200341,24192.3102323,4895,False
fcfcc902,e006_jump_075,-10,0,0,2.94414200341,24192.3102323,4636,False
fcfcc902,dtw_derivative,0,0,0,12.3517089755,425808.118488,0,False
fd3b4faa,last_known_tvt,0,0,0,7.44692604147,278503.5849,0,False
fd3b4faa,e004_geometry_prefix,0,0,0,6.81082927067,232957.499469,0,False
fd3b4faa,align_visible_path,0,0,0,11.6917816855,686496.14561,0,False
fd3b4faa,pf_gr_path,0,0,0,10.1809400052,520538.030813,0,False
fd3b4faa,trellis_gr_path,0,0,0,7.51067806805,283292.451481,0,False
fd3b4faa,e006_nested_fusion,0,0,0,7.927315452,315594.182644,0,False
fd3b4faa,wide64_anchor,0,0,0,8.81930129359,390611.538193,0,False
fd3b4faa,e006_affine,-5,-10,0,5.91801966773,175885.288987,274,False
fd3b4faa,e006_quadratic,-5,-10,0,5.91801966773,175885.288987,5907,False
fd3b4faa,wide64_quadratic,-5,-10,0,5.60048648342,157517.28413,5907,False
fd3b4faa,pf_quadratic,-5,-10,0,5.62896770883,159123.46344,5907,False
fd3b4faa,trellis_quadratic,0,-10,0,6.88893774815,238331.380682,6465,False
fd3b4faa,e006_hinge_025,-5,10,-40,5.5385269802,154051.261736,6483,False
fd3b4faa,e006_hinge_050,-5,-10,10,5.76379127293,166837.317566,6602,False
fd3b4faa,e006_hinge_075,-5,-10,20,5.77864548998,167698.358856,6731,False
fd3b4faa,e006_jump_025,-5,-10,0,5.91801966773,175885.288987,5097,False
fd3b4faa,e006_jump_050,-5,10,-10,5.57119077499,155873.672923,5454,False
fd3b4faa,e006_jump_075,-5,-10,0,5.91801966773,175885.288987,5091,False
fd3b4faa,dtw_derivative,0,0,0,3.02543822222,45967.7542639,0,True
fd710aea,last_known_tvt,0,0,0,7.20399975029,218852.2315,0,False
fd710aea,e004_geometry_prefix,0,0,0,4.69347851222,92895.1988767,0,False
fd710aea,align_visible_path,0,0,0,9.3689622442,370157.52155,0,False
fd710aea,pf_gr_path,0,0,0,5.60694005541,132573.104702,0,False
fd710aea,trellis_gr_path,0,0,0,5.30909594239,118862.469342,0,False
fd710aea,e006_nested_fusion,0,0,0,5.00907205756,105807.915736,0,False
fd710aea,wide64_anchor,0,0,0,4.88381398137,100582.361682,0,False
fd710aea,e006_affine,0,0,0,5.00907205756,105807.915736,300,False
fd710aea,e006_quadratic,0,0,-10,4.8015979529,97224.3810146,6489,False
fd710aea,wide64_quadratic,0,0,-10,4.67077927417,91998.8269613,6489,False
fd710aea,pf_quadratic,5,0,-10,4.28796517937,77536.4835652,7047,False
fd710aea,trellis_quadratic,0,0,0,5.30909594239,118862.469342,6490,False
fd710aea,e006_hinge_025,0,20,-40,4.63205283213,90479.5869752,7123,False
fd710aea,e006_hinge_050,0,10,-30,4.0726371609,69944.7368147,7271,True
fd710aea,e006_hinge_075,0,10,-60,4.26488221876,76703.9421733,7398,False
fd710aea,e006_jump_025,0,0,0,5.00907205756,105807.915736,5589,False
fd710aea,e006_jump_050,0,0,0,5.00907205756,105807.915736,5974,False
fd710aea,e006_jump_075,0,0,0,5.00907205756,105807.915736,5589,False
fd710aea,dtw_derivative,0,0,0,6.79097293404,194476.710569,0,False
fd8f77fa,last_known_tvt,0,0,0,27.4153437442,3962440.8548,0,False
fd8f77fa,e004_geometry_prefix,0,0,0,24.9276571661,3275958.01993,0,False
fd8f77fa,align_visible_path,0,0,0,24.9276571661,3275958.01993,0,False
fd8f77fa,pf_gr_path,0,0,0,25.3081864997,3376738.69018,0,False
fd8f77fa,trellis_gr_path,0,0,0,25.006021905,3296587.56533,0,False
fd8f77fa,e006_nested_fusion,0,0,0,25.3967416098,3400410.92174,0,False
fd8f77fa,wide64_anchor,0,0,0,23.5573552479,2925691.05564,0,False
fd8f77fa,e006_affine,25,10,0,9.88311077108,514947.231523,426,False
fd8f77fa,e006_quadratic,25,10,-20,7.76339825957,317745.298574,9272,False
fd8f77fa,wide64_quadratic,20,10,-20,7.72287376724,314436.732072,8729,False
fd8f77fa,pf_quadratic,25,10,-20,7.80960105047,321538.587088,9272,False
fd8f77fa,trellis_quadratic,25,10,-20,7.5479123749,300351.012987,9272,False
fd8f77fa,e006_hinge_025,25,30,-60,9.08693071488,435321.217355,10180,False
fd8f77fa,e006_hinge_050,25,30,-100,7.40625677763,289183.115213,10405,False
fd8f77fa,e006_hinge_075,25,10,-110,7.13703130176,268541.00171,10514,True
fd8f77fa,e006_jump_025,25,-10,10,9.7313742889,499256.531343,7907,False
fd8f77fa,e006_jump_050,25,-10,10,7.84462727723,324429.269769,8573,False
fd8f77fa,e006_jump_075,25,20,-10,7.43260687397,291244.49614,8001,False
fd8f77fa,dtw_derivative,0,0,0,12.8911773114,876113.889437,0,False
fde20ecf,last_known_tvt,0,0,0,16.3190572887,1242876.3809,0,False
fde20ecf,e004_geometry_prefix,0,0,0,16.2635450568,1234435.0241,0,False
fde20ecf,align_visible_path,0,0,0,16.2635450568,1234435.0241,0,False
fde20ecf,pf_gr_path,0,0,0,14.0702064909,923929.306818,0,False
fde20ecf,trellis_gr_path,0,0,0,16.9882346385,1346896.742,0,False
fde20ecf,e006_nested_fusion,0,0,0,14.3379716927,959429.87636,0,False
fde20ecf,wide64_anchor,0,0,0,10.7229965984,536624.055783,0,False
fde20ecf,e006_affine,15,10,0,5.81604118576,157867.505792,376,False
fde20ecf,e006_quadratic,15,10,-10,4.52440111298,95534.4487473,8181,False
fde20ecf,wide64_quadratic,10,10,-10,4.20835881816,82653.895159,7628,False
fde20ecf,pf_quadratic,15,10,-10,4.66901849977,101739.357417,8181,False
fde20ecf,trellis_quadratic,15,10,-10,4.68596789871,102479.363455,8181,False
fde20ecf,e006_hinge_025,15,40,-80,3.68553796842,63392.7482746,9007,True
fde20ecf,e006_hinge_050,15,20,-50,4.12492848054,79409.1682028,9158,False
fde20ecf,e006_hinge_075,15,10,-40,5.13689757797,123151.473963,9275,False
fde20ecf,e006_jump_025,15,0,10,3.96032658102,73198.0989943,6998,False
fde20ecf,e006_jump_050,15,20,-10,5.18069781709,125260.552613,7627,False
fde20ecf,e006_jump_075,15,20,-10,5.63036936535,147948.843241,7060,False
fde20ecf,dtw_derivative,0,0,0,12.3722459122,714389.212414,0,False
fdfd57da,last_known_tvt,0,0,0,4.29522046585,96598.5391,0,False
fdfd57da,e004_geometry_prefix,0,0,0,3.94894477262,81651.0469827,0,False
fdfd57da,align_visible_path,0,0,0,8.11403912237,344725.835284,0,False
fdfd57da,pf_gr_path,0,0,0,5.67221612459,168463.251261,0,False
fdfd57da,trellis_gr_path,0,0,0,6.70287424902,235245.747466,0,False
fdfd57da,e006_nested_fusion,0,0,0,3.25324439001,55415.7246842,0,False
fdfd57da,wide64_anchor,0,0,0,3.4376434216,61875.8660519,0,False
fdfd57da,e006_affine,0,0,0,3.25324439001,55415.7246842,300,False
fdfd57da,e006_quadratic,0,0,-10,3.13603747042,51494.6515993,6489,False
fdfd57da,wide64_quadratic,0,0,-10,3.3269391712,57954.7929669,6489,False
fdfd57da,pf_quadratic,5,0,-10,3.54920783942,65957.244241,7047,False
fdfd57da,trellis_quadratic,-5,0,-10,5.58265505083,163185.371913,5931,False
fdfd57da,e006_hinge_025,0,10,-20,2.98783177655,46742.4983638,7100,False
fdfd57da,e006_hinge_050,0,10,-30,2.21941871244,25791.590489,7271,True
fdfd57da,e006_hinge_075,0,10,-70,3.11437932872,50785.8416461,7397,False
fdfd57da,e006_jump_025,0,0,0,3.25324439001,55415.7246842,5589,False
fdfd57da,e006_jump_050,0,0,0,3.25324439001,55415.7246842,5974,False
fdfd57da,e006_jump_075,0,0,0,3.25324439001,55415.7246842,5589,False
fdfd57da,dtw_derivative,0,0,0,10.3040109399,555919.950629,0,False
febb4411,last_known_tvt,0,0,0,13.0276679806,720801.4049,0,False
febb4411,e004_geometry_prefix,0,0,0,13.2812537535,749135.555273,0,False
febb4411,align_visible_path,0,0,0,5.99819972631,152800.264616,0,False
febb4411,pf_gr_path,0,0,0,6.93874551122,204476.865827,0,False
febb4411,trellis_gr_path,0,0,0,10.1253176448,435411.177816,0,False
febb4411,e006_nested_fusion,0,0,0,6.68686094316,189900.822083,0,False
febb4411,wide64_anchor,0,0,0,8.36370995012,297084.632619,0,False
febb4411,e006_affine,-5,0,0,6.12539516966,159349.419036,275,False
febb4411,e006_quadratic,-5,0,10,4.53662775702,87407.4705004,5933,False
febb4411,wide64_quadratic,-5,0,10,4.28309360129,77910.7512167,5933,False
febb4411,pf_quadratic,5,0,10,3.73615024839,59283.1029279,7049,False
febb4411,trellis_quadratic,-10,-10,10,4.27606492887,77655.2537289,5352,False
febb4411,e006_hinge_025,-5,-30,60,4.88265405123,101249.79905,6393,False
febb4411,e006_hinge_050,-5,-20,60,4.27209337862,77511.070456,6582,False
febb4411,e006_hinge_075,-5,-10,90,3.47004352546,51138.9851852,6738,True
febb4411,e006_jump_025,-5,10,-10,4.99205765054,105837.956323,5140,False
febb4411,e006_jump_050,-5,0,0,6.12539516966,159349.419036,5430,False
febb4411,e006_jump_075,-5,-10,10,4.97801036423,105243.15378,5092,False
febb4411,dtw_derivative,0,0,0,6.9275450322,203817.268095,0,False
fef8af96,last_known_tvt,0,0,0,44.5517327263,7594062.457,0,False
fef8af96,e004_geometry_prefix,0,0,0,47.2900161904,8556258.3853,0,False
fef8af96,align_visible_path,0,0,0,56.0809900222,12033066.2926,0,False
fef8af96,pf_gr_path,0,0,0,43.5167376118,7245320.8868,0,False
fef8af96,trellis_gr_path,0,0,0,49.9610702881,9550111.29061,0,False
fef8af96,e006_nested_fusion,0,0,0,45.0754844561,7773664.11779,0,False
fef8af96,wide64_anchor,0,0,0,42.4187017401,6884298.78048,0,False
fef8af96,e006_affine,-40,-40,0,6.10234429597,142474.906199,96,False
fef8af96,e006_quadratic,-40,-40,-10,5.31645251472,108140.617248,2053,False
fef8af96,wide64_quadratic,-35,-40,-10,4.93473908668,93169.4123399,2569,False
fef8af96,pf_quadratic,-35,-40,-10,5.14609866517,101321.40021,2569,False
fef8af96,trellis_quadratic,-45,-40,-10,5.90745380069,133519.787818,1549,False
fef8af96,e006_hinge_025,-40,-40,0,6.10234429597,142474.906199,2225,False
fef8af96,e006_hinge_050,-40,-30,-40,5.25735393481,105749.761535,2304,False
fef8af96,e006_hinge_075,-40,-30,-110,4.86818057069,90673.0705954,2344,False
fef8af96,e006_jump_025,-40,-40,0,6.10234429597,142474.906199,1801,False
fef8af96,e006_jump_050,-40,-60,10,4.90449604251,92030.9155549,1774,False
fef8af96,e006_jump_075,-40,-30,-10,4.56565191036,79753.6486045,1791,True
fef8af96,dtw_derivative,0,0,0,37.2366476966,5305008.90661,0,False
ff0aea78,last_known_tvt,0,0,0,30.6977868304,3073016.7732,0,False
ff0aea78,e004_geometry_prefix,0,0,0,30.0417715874,2943078.71881,0,False
ff0aea78,align_visible_path,0,0,0,49.2748316824,7917737.47074,0,False
ff0aea78,pf_gr_path,0,0,0,35.8667193145,4195020.68884,0,False
ff0aea78,trellis_gr_path,0,0,0,29.769052292,2889886.70291,0,False
ff0aea78,e006_nested_fusion,0,0,0,31.9427867059,3327334.0311,0,False
ff0aea78,wide64_anchor,0,0,0,26.3454869096,2263410.14313,0,False
ff0aea78,e006_affine,30,10,0,9.9122428652,320401.593655,451,False
ff0aea78,e006_quadratic,30,10,-30,4.55943473779,67791.1195631,9806,False
ff0aea78,wide64_quadratic,25,10,-30,4.63406105542,70028.415803,9271,False
ff0aea78,pf_quadratic,35,10,-30,4.55185387577,67565.8776565,10332,True
ff0aea78,trellis_quadratic,25,10,-30,7.82317231987,199579.804003,9271,False
ff0aea78,e006_hinge_025,30,60,-120,4.80097988287,75164.1189521,10833,False
ff0aea78,e006_hinge_050,30,30,-100,5.39286016039,94839.4696539,11008,False
ff0aea78,e006_hinge_075,30,20,-120,7.99269962858,208323.269617,11156,False
ff0aea78,e006_jump_025,30,-20,20,6.82242660699,151784.891178,8349,False
ff0aea78,e006_jump_050,30,20,-10,9.54381877923,297026.479141,9139,False
ff0aea78,e006_jump_075,30,20,-10,7.57940892703,187336.100807,8464,False
ff0aea78,dtw_derivative,0,0,0,11.177314568,407404.429067,0,False
ff8bb73a,last_known_tvt,0,0,0,9.8618647482,576438.5424,0,False
ff8bb73a,e004_geometry_prefix,0,0,0,8.93639251853,473324.952351,0,False
ff8bb73a,align_visible_path,0,0,0,8.93639251853,473324.952351,0,False
ff8bb73a,pf_gr_path,0,0,0,10.0763020831,601779.35597,0,False
ff8bb73a,trellis_gr_path,0,0,0,8.89149287662,468580.592323,0,False
ff8bb73a,e006_nested_fusion,0,0,0,9.37360912317,520773.175961,0,False
ff8bb73a,wide64_anchor,0,0,0,9.69243766954,556802.223465,0,False
ff8bb73a,e006_affine,0,0,0,9.37360912317,520773.175961,300,False
ff8bb73a,e006_quadratic,0,0,0,9.37360912317,520773.175961,6490,False
ff8bb73a,wide64_quadratic,-5,0,0,9.20738890855,502467.414312,5932,False
ff8bb73a,pf_quadratic,-5,-10,0,9.0623812678,486765.272398,5907,False
ff8bb73a,trellis_quadratic,0,0,0,8.89149287662,468580.592323,6490,False
ff8bb73a,e006_hinge_025,0,0,-10,8.97266750875,477175.433693,7076,False
ff8bb73a,e006_hinge_050,0,-10,20,8.79177694621,458129.491275,7226,True
ff8bb73a,e006_hinge_075,0,-10,50,8.89996834429,469474.330309,7359,False
ff8bb73a,e006_jump_025,0,0,0,9.37360912317,520773.175961,5589,False
ff8bb73a,e006_jump_050,0,10,-10,8.92940877192,472585.439202,5998,False
ff8bb73a,e006_jump_075,0,0,0,9.37360912317,520773.175961,5589,False
ff8bb73a,dtw_derivative,0,0,0,15.2857993309,1384877.10383,0,False
ffefef30,last_known_tvt,0,0,0,7.03556876561,226211.4713,0,False
ffefef30,e004_geometry_prefix,0,0,0,10.9270795401,545662.877446,0,False
ffefef30,align_visible_path,0,0,0,3.68248856374,61972.4996411,0,False
ffefef30,pf_gr_path,0,0,0,9.01685616356,371557.886489,0,False
ffefef30,trellis_gr_path,0,0,0,10.3093289383,485709.942628,0,False
ffefef30,e006_nested_fusion,0,0,0,9.95146406097,452574.580893,0,False
ffefef30,wide64_anchor,0,0,0,11.7615618727,632187.923217,0,False
ffefef30,e006_affine,-10,-10,0,4.13931744362,78302.1464686,249,False
ffefef30,e006_quadratic,-10,-10,-10,4.03841768861,74531.2956445,5350,False
ffefef30,wide64_quadratic,-10,-10,-10,3.44567396327,54258.0976093,5350,False
ffefef30,pf_quadratic,-5,-10,-10,4.08544300748,76277.159673,5906,False
ffefef30,trellis_quadratic,-5,-10,0,4.64361161218,98543.4986379,5907,False
ffefef30,e006_hinge_025,-10,20,-70,3.03271030134,42031.8061973,5891,True
ffefef30,e006_hinge_050,-10,0,-30,3.90248233721,69598.2135524,6001,False
ffefef30,e006_hinge_075,-10,-10,10,4.12810579789,77878.546677,6105,False
ffefef30,e006_jump_025,-10,-10,0,4.13931744362,78302.1464686,4628,False
ffefef30,e006_jump_050,-10,-10,0,4.13931744362,78302.1464686,4870,False
ffefef30,e006_jump_075,-10,-10,0,4.13931744362,78302.1464686,4614,False
ffefef30,dtw_derivative,0,0,0,11.6560132685,620892.289095,0,False
